http://news.dlut.edu.cn/article/hzjl/1.shtml
84
147
149
150
152
151
155
154
153
156
157
165
166
16
10
15
155
154
153
156
157
165
166
16
10
15
17
19
20
14
10
37
38
42
39
49
44
22
167
167
162
162
145
163
合作交流大工新闻网每日推荐字体大小设置清除背景颜色效果边框清除栏目内容文字居左设置调整宽度是注意对应左边栏文字居左设置导航目录颜色调整设置宣传部站群海燕网星海夜话手机版新闻线索预约采访会员投稿留言板学校要闻综合新闻菁菁校园新闻聚焦校园视点信息预告媒体大工领导论坛大工人物校友之声学术动态大工往事部院风采合作交流专题新闻校园视点信息预告媒体大工领导论坛大工人物校友之声学术动态大工往事部院风采合作交流专题新闻精彩瞬间光影四季人文艺术校史钩沉第一时间大工新闻在你身边专题报道校园文艺校园拍客今日大工大工讲坛关于团队校史故事品学校园文艺校园拍客今日大工大工讲坛关于团队校史故事品学十七点播报广播台新闻节目综艺节目外文节目专题节目广播剧下载首页新闻合作交流大连理工大学中国建筑第八工程局有限公司第三期土木工程卓越计划班开班年月日和期刊主编访问我校人工光合作用研究中心年月日第二届滨城夏都三城发现之旅落幕年月日化工与环境生命学部师生赴日本北九州市立大学交流访学年月日大连市人社局人才服务中心和君集团与学校签订合作协议年月日我校参加全国高中与高校拔尖创新人才培养高峰论坛年月日机械工程学院在第九届中国数控机床展览会中参展年月日美国科罗拉多矿业大学卡尔米切姆教授来校讲座年月日台湾清华大学讲座教授黄惠良受聘我校客座教授年月日加强国际科技交流促进国际合作发展年月日名本科生获得新加坡科技工程奖学金年月日国际教育学院与青岛佑兴集团共议国际学生教学实习合作新模式年月日日本学术会议委员吉野博教授受聘为我校客座教授年月日我校大学生心理健康教育特色工作在全省高校示范交流年月日高新区教育局到大工附校开展调研年月日访学宝岛台湾助推学子梦想年月日大连市人大教科文卫委员会一行来校调研年月日英国杜伦大学马丁沃德教授访问物理学院年月日黑龙江八一农垦大学思政部来校调研思政课建设经验年月日荷兰代表团访问航空航天学院年月日上一页下一页每日推荐新商报张久文一座城市伸向他的八方援手助力一后国防毕业生梁宇我有一颗卫国戍边的心大连日报我有一颗戍边卫国的心大连晚报年青少年高校科学营大连理工大学大连日报全国管理案例精英赛东北晋级赛在连举钱令希院士诞辰百年宝贵的精神财富永恒的前大连日报理工大学师生团队重走长征路纪念大连日报科学的种子在这里悄然发芽钱令希院士诞辰百年春风化雨润物无声钱令希院士诞辰百年业精于勤奋功成于坚韧推荐视频钱令希诞辰百年纪录片发布预告年月日大工新闻学校隆重举行庆祝中国共产党成立周年大会为梦连理大连理工大学招生宣传片焦点图片毕业季校园里那抹亮色美女毕业生遇见特色学位服毕业季大学四年最遗憾的那些事毕业季最大工难忘凌工路号那件事大工建筑篇一你不得不知道的那些楼排行榜点击落实十三五发展规划推动学校发展实现新为母校成就自豪助母校实现腾飞年青少年高校科学营大连理工大学分营开营切实做好本科招生录取工作为学校选拔优质生我校论文被计算机视觉及模式识别领域国际顶尖大连理工大学援梦专列再次启程大连理工大学附属学校举行届学生毕业典礼钱令希诞辰百年纪录片发布预告王立鼎院士与两岸学子分享科研历程钱令希院士诞辰百年春风化雨润物无声电话版权所有大连理工大学新闻中心
