http://news.dlut.edu.cn/article/meiti/2016/0818/68606.shtml
27
154
59
63
96
61
102
50
51
54
103
167
167
162
162
51
61
50
63
59
102
96
光明日报大连理工援梦专列启程大工新闻网首页新闻图片视频报纸广播首页新闻媒体大工正文光明日报大连理工援梦专列启程来源光明日报版时间本报大连月日电日大连理工大学一列特殊的火车援梦专列已整装出发它的起点是即将到大连理工大学报到的级每一位家庭经济困难新生的故乡而终点就是大连理工大学该活动是由大连理工大学校友总会教育发展基金会学生工作处共同发起的筹资项目用以资助该校家庭经济困难新生购买入学火车票船票汽车票该活动年首次举办就吸引了近千名校友参与筹资超万元名级家庭经济困难新生获得资助年的援梦专列将在去年的基础上进一步扩大筹款和资助规模实现家庭经济困难新生全覆盖吴琳陈家晶光明日报版本文链接责任编辑马坤复制网址打印分享到每日推荐实践在路上齐风鲁韵共连理望煦寻华报国行第七届国际离散元法会议在大工召开光明日报大连理工援梦专列启程东北新闻网第十一届工业爆炸与安全防护国际学我校马克思主义学院思政课教学改革工作受媒体广泛中国教育报将信仰写在思政课堂上记大连理工深入学习领会中央省委市委精神要求确保学习教育学校召开党委全委会校长郭东明到基层党支部讲党课中国科学报好故事救活思政课推荐视频钱令希诞辰百年纪录片发布预告年月日大工新闻学校隆重举行庆祝中国共产党成立周年大会为梦连理大连理工大学招生宣传片焦点图片毕业季校园里那抹亮色美女毕业生遇见特色学位服毕业季大学四年最遗憾的那些事毕业季最大工难忘凌工路号那件事大工建筑篇一你不得不知道的那些楼排行榜点击学校召开党委全委会我校马克思主义学院思政课教学改革工作受媒体深入学习领会中央省委市委精神要求确保学习第七届国际离散元法会议在大工召开实践在路上齐风鲁韵共连理望煦寻华报国中国教育报将信仰写在思政课堂上记大连东北新闻网第十一届工业爆炸与安全防护国光明日报大连理工援梦专列启程第一页内容缓存全文内容缓存根据设置字体大小并初始化按钮请选择投票选项最多允许选项单页阅读分页阅读单页阅读分页阅读控制内容区域的的图片大小并为过大的图片添加查看原图复制网址复制链接成功被浏览器拒绝请在浏览器地址栏输入并回车然后将设置为复制链接成功改变字号小本文地址电话版权所有大连理工大学新闻中心
