http://news.dlut.edu.cn/article/meiti/2016/0815/68587.shtml
39
154
103
104
69
102
50
51
54
103
104
66
62
64
65
167
167
162
162
160
52
69
54
62
70
中国教育报将信仰写在思政课堂上记大连理工思政课改革大工新闻网首页新闻图片视频报纸广播首页新闻媒体大工正文中国教育报将信仰写在思政课堂上记大连理工思政课改革来源中国教育报年月日第版时间月日正值暑假在大连理工大学简称大工马克思主义学院会议室却是一派热火朝天的景象赶在级新生进校之前做好新一轮教材体系和课程体系建设工作这是马克思主义学院在暑假必须完成的一场攻坚战多年来大连理工大学将培养信仰坚定的马克思主义者当做责任和使命用生动的思政课堂教学对培养什么人怎么培养人的时代命题作出解答大班上课小班研讨枯燥没意思这是不少大学生对思政课的印象学生要么不来要么不听成了学校思政课的常态可在大连理工大学教授杨慧民的课堂上却是一片火热这里有马克思朋友圈的故事有原创微信视频学生愿意来来了愿意听这是思政课堂的生动写照传统的思政课堂是灌入式教学达不到教学的目的年大连理工大学马克思主义学院将提高教学针对性实效性说服力感染力作为一项课题进行专题研究经过调研分析大连理工大学在全国率先开展了大班授课小班研讨的研究型教学模式人的大班授课讲授理论人组成的小班讨论结合课堂热点难点问题展开讨论在这样的研究型教学课堂上辩论赛情景剧知识竞赛模拟联合国等多种新颖地学习形式牢牢抓住了青年学生的特点将枯燥的理论研讨动起来真正实现了学理论讲真话进头脑的效果人文与社会科学学部学生王一迪说以往学思政课就是单纯为了应付考试现在寓教于乐的形式让自己迷上了理论学习原来思政课可以这么有兴趣思政课堂让广大学生抬起了头成为学生喜爱的一门课大连理工大学连续年对学生的抽样调查结果表明超过的学生对大班上课小班讨论表示满意和喜爱这一比例还在逐年上升案例教学活起来早在年设在大连理工大学的中美合作中国工业科技管理大连培训中心首次在国内引进以美国哈佛大学首创的管理案例教学法从中得到启示大连理工大学马克思主义学院决定打破传统原理加例子的教学模式将案例教学引入思想政治理论课课堂教学此举成为全国首创在教学方法的创新上做文章把思想政治理论课建设成为大学生真心喜爱终生受益的优秀课程马克思主义学院院长洪晓楠这样评价当时改革的初衷案例教学不仅单纯学理论更要教会广大学生学会用理论思考现实问题韩流来袭从蓝色生死恋到太阳的后裔屠呦呦非常诺奖之路双十一狂热背后的互联网一个个贴近生活贴近实际贴近大学生的鲜活生动案例受到学生们的好评推动了教材体系向教学体系信仰体系的转化实现了青年学生真学真懂真信真用化工与环境生命学部学生朱杰说这些焦点案例是青年学生比较关注的社会热点问题这拉近了理论和现实生活的距离让我们在思考具体问题中学到了理论知识大连理工大学思政课案例教学逐渐形成示范效应这里诞生了国内第一本思想政治教育案例分析第一本高校思政课案例教学法研究第一套高校两课教学案例丛书第一套高校思政课可视化教学案例第一套高校思政课多媒体教学案例第一家基于网络环境的高校思政课案例教学共建共享平台让红色基因发挥作用大连理工大学是中国共产党在新中国成立前夕亲手创办的新型正规大学这是该校特有的红色基因年来大连理工大学不断探索思政课的新路子新方法取得了一批成果两门课入选国家级精品课和第一批国家级精品资源共享课思政课教学团队入选国家级教学团队洪晓楠教授入选万人计划哲学社会科学领军人才和全国文化名家暨四个一批人才魏晓文教授荣获全国优秀教师全国高校思想政治理论课教师影响力人物等荣誉称号面对培养什么样的人怎样培养人的历史命题大连理工大学党委提高对思想政治理论课建设的重视把思想政治理论课建设和马克思主义理论学科建设作为重点工作来抓从办公条件师资队伍经费等方面给予大力支持马克思主义学院深入学习贯彻习近平总书记在哲学社会科学座谈会和纪念建党周年上的讲话精神将党史党情融入课堂教学成为新学期思政课教育的重点大连理工大学思想政治理论课教学要传承学校办学传统和优势让红色基因在人才培养中发挥作用大连理工大学党委书记王寒松说本文链接责任编辑龙海波相关阅读中国科学报好故事救活思政课天健网大连理工大学讲好故事激活思政课第十一届工业爆炸与安全防护国际学术会议在大连召开践行中国梦闪光价值观共筑中国梦飞扬法治魂中国高校之窗大连理工大学教师获全国水利学科青年教师讲课竞赛特等奖中国高校之窗大连理工大学邱介山教授学术团队在石墨烯基功能材料的结构和性能调控研究中取得新进展天健网大连理工后国防毕业生主动申请去西藏工作中国科学报大连理工青岛新能源材料技术研究院入驻蓝色硅谷中国科学报大连理工砒砂岩改性技术通过鉴定复制网址打印分享到每日推荐中国教育报将信仰写在思政课堂上记大连理工深入学习领会中央省委市委精神要求确保学习教育学校召开党委全委会校长郭东明到基层党支部讲党课中国科学报好故事救活思政课天健网大连理工大学讲好故事激活思政课两学一做坚定理想信念传承红色基因第三届全国颗粒材料计算力学会议在大连理工大学召实践在路上印象辽宁梦想中国心系辽东绿韵连基于合金薄膜电极的高效电化学催化产氢取得推荐视频钱令希诞辰百年纪录片发布预告年月日大工新闻学校隆重举行庆祝中国共产党成立周年大会为梦连理大连理工大学招生宣传片焦点图片毕业季校园里那抹亮色美女毕业生遇见特色学位服毕业季大学四年最遗憾的那些事毕业季最大工难忘凌工路号那件事大工建筑篇一你不得不知道的那些楼排行榜点击郭东明校长会见大连公交集团董事长孙明一行全国人工环境相关学科博士生导师研讨会在我校美国密歇根大学副校长胡仕新教授应邀作专题报我校再获辽宁省大学生电子设计竞赛最高奖第十一届工业爆炸与安全防护国际学术会议在大校长郭东明到基层党支部讲党课实践在路上访江浙沪企业悟学思礼心得实践在路上深入企业了解发展前沿全面促第三届全国颗粒材料计算力学会议在大连理工大我校在人类乳腺癌治疗策略的研究中取得新进展第一页内容缓存全文内容缓存根据设置字体大小并初始化按钮请选择投票选项最多允许选项单页阅读分页阅读单页阅读分页阅读控制内容区域的的图片大小并为过大的图片添加查看原图复制网址复制链接成功被浏览器拒绝请在浏览器地址栏输入并回车然后将设置为复制链接成功改变字号小本文地址电话版权所有大连理工大学新闻中心
