http://news.dlut.edu.cn/article/meiti/2016/0813/68580.shtml
39
154
104
103
104
69
52
108
109
167
167
162
162
160
52
69
中国科学报好故事救活思政课大工新闻网首页新闻图片视频报纸广播首页新闻媒体大工正文中国科学报好故事救活思政课来源中国科学报第版校园时间本报通讯员龙海波枯燥没意思这是不少大学生对思政课的印象学生要么不来要么不听成为了学校思政课的常态可大连理工大学思政课堂却是一片火热这里有马克思朋友圈的故事还有贴近生活的故事会吸引大学生的法宝就是大连理工大学原创的案例教学法将案例教学引入思想政治理论课课堂这是大连理工大学的首创年设在大连理工大学的中美合作中国工业科技管理大连培训中心课堂教学在国内引进以美国哈佛大学首创的管理案例教学法从中得到启示大连理工大学马克思主义学院决定打破传统原理加例子的教学模式探索将案例教学纳入课程体系没想到这一探索在全国形成了示范效应这儿诞生了国内第一本思想政治教育案例分析第一本高校思政课案例教学法研究第一套高校两课教学案例丛书第一套高校思政课可视化教学案例第一套高校思政课多媒体教学案例第一家基于网络环境的高校思政课案例教学共建共享平台如何透过韩国的影视作品看文化输出如何透过影视文化坚定文化自信大连理工大学教师陈晓辉在讲述文化强国战略的时候播放了时下最流行的韩国影视剧一下子就提起了很多学生的兴趣在以韩流来袭从蓝色生死恋到太阳的后裔为主题的讨论中学生在课堂上抢着发言人文与社会科学学部的王一迪是一名不折不扣的韩剧迷以前看韩剧只是为了消遣没想到老师的一番讲述让王一迪对影视背后的意识形态宣传有了深刻认识王一迪说案例教学告别了枯燥的理论宣讲让我们在故事中坚定信念学生愿意来来了愿意听这是大连理工大学思政课堂的生动写照屠呦呦非常诺奖之路双十一狂热背后的互联网一个个贴近生活贴近实际贴近大学生的鲜活生动案例受到学生们的好评推动了教材体系向教学体系信仰体系的转化实现了青年学生真学真懂真信真用化工与环境生命学部学生朱杰说这些焦点案例是青年学生比较关注的社会热点问题拉近了理论和现实生活的距离让我们在思考具体问题中学到了理论知识视域融合是贯穿学校年来思政课案例教学改革始终的一个核心理念从本质上讲案例教学是一种生成的实践智慧是教师视域案例视域学生视域和理论视域四种视域的不断融合思政课案例教学的实效性如何归根到底就是要看这四种不同视域是否达到了融合以及融合的程度如何大连理工大学案例中心主任杨慧民如是说中国科学报第版校园本文链接责任编辑龙海波相关阅读天健网大连理工大学讲好故事激活思政课践行中国梦闪光价值观共筑中国梦飞扬法治魂中国高校之窗大连理工大学教师获全国水利学科青年教师讲课竞赛特等奖中国高校之窗大连理工大学邱介山教授学术团队在石墨烯基功能材料的结构和性能调控研究中取得新进展中国科学报大连理工青岛新能源材料技术研究院入驻蓝色硅谷中国科学报大连理工砒砂岩改性技术通过鉴定中国教育报自由而高洁的品格从未远去中国科学报大连理工大学等发现低气压等离子体中辉光条纹现象中国教育报始终坚定不移地跟着党走复制网址打印分享到每日推荐中国科学报好故事救活思政课天健网大连理工大学讲好故事激活思政课第十一届工业爆炸与安全防护国际学术会议在大连召美国密歇根大学副校长胡仕新教授应邀作专题报告中国日报网大工思政课让课堂活起来人民网大连理工大学思政课案例教学法让课堂央广网在案例教学中找准坚定理想信念航向东北新闻网大连理工大学耐酸沸石膜微观结构关于进一步完善中央财政科研项目资金管理等政策实践在路上访江浙沪企业悟学思礼心得推荐视频钱令希诞辰百年纪录片发布预告年月日大工新闻学校隆重举行庆祝中国共产党成立周年大会为梦连理大连理工大学招生宣传片焦点图片毕业季校园里那抹亮色美女毕业生遇见特色学位服毕业季大学四年最遗憾的那些事毕业季最大工难忘凌工路号那件事大工建筑篇一你不得不知道的那些楼排行榜点击郭东明校长会见大连公交集团董事长孙明一行全国人工环境相关学科博士生导师研讨会在我校美国密歇根大学副校长胡仕新教授应邀作专题报我校再获辽宁省大学生电子设计竞赛最高奖实践在路上访江浙沪企业悟学思礼心得实践在路上深入企业了解发展前沿全面促我校在耐酸沸石膜微观结构的设计与调控研究取第十一届工业爆炸与安全防护国际学术会议在大实践在路上躬身企业行笃志中国梦关于进一步完善中央财政科研项目资金管理等第一页内容缓存全文内容缓存根据设置字体大小并初始化按钮请选择投票选项最多允许选项单页阅读分页阅读单页阅读分页阅读控制内容区域的的图片大小并为过大的图片添加查看原图复制网址复制链接成功被浏览器拒绝请在浏览器地址栏输入并回车然后将设置为复制链接成功改变字号小本文地址电话版权所有大连理工大学新闻中心
