http://news.dlut.edu.cn/article/meiti/2016/0813/68579.shtml
39
154
24
104
69
52
108
109
167
167
162
162
160
52
69
天健网大连理工大学讲好故事激活思政课大工新闻网首页新闻图片视频报纸广播首页新闻媒体大工正文天健网大连理工大学讲好故事激活思政课来源天健网时间天健网消息龙海波记者金东淑枯燥没意思是不少大学生对思政课的印象要么不来要么不听也成了大多数学校思政课的常态可大连理工大学思政课的课堂却是一片火热告别了枯燥的理论宣讲让学生们在故事中坚定信念学生愿意来来了愿意听这就是大连理工大学思政课堂的生动写照而能让学生们认真听课抢着发言的法宝就是大连理工大学原创的案例教学法将案例教学引入思想政治理论课课堂这是大连理工大学的首创年设在大连理工大学的中美合作中国工业科技管理大连培训中心课堂教学在国内引进以美国哈佛大学首创的管理案例教学法从中得到启示大连理工大学马克思主义学院决定打破传统原理加例子的教学模式探索将案例教学纳入课程体系没想到这一探索在全国形成了示范效应这儿诞生了国内第一本思想政治教育案例分析第一本高校思政课案例教学法研究第一套高校两课教学案例丛书第一套高校思政课可视化教学案例第一套高校思政课多媒体教学案例第一家基于网络环境的高校思政课案例教学共建共享平台屠呦呦非常诺奖之路双十一狂热背后的互联网一个个贴近生活贴近实际贴近大学生的鲜活生动案例受到学生们的好评推动了教材体系向教学体系信仰体系的转化实现了青年学生真学真懂真信真用化工与环境生命学部学生朱杰说这些焦点案例是青年学生比较关注的社会热点问题拉近了理论和现实生活的距离让我们在思考具体问题中学到了理论知识视域融合是贯穿学校年来思政课案例教学改革始终的一个核心理念从本质上讲案例教学是一种生成的实践智慧是教师视域案例视域学生视域和理论视域四种视域的不断融合思政课案例教学的实效性如何归根到底就是要看这四种不同视域是否达到了融合以及融合的程度如何大连理工大学案例中心主任杨慧民如是说本文链接责任编辑龙海波相关阅读中国高校之窗大连理工大学教师获全国水利学科青年教师讲课竞赛特等奖中国高校之窗大连理工大学邱介山教授学术团队在石墨烯基功能材料的结构和性能调控研究中取得新进展大连理工大学召开第三十五次学生代表大会人民网大连理工大学后国防毕业生主动申请到西藏工作天健网大连理工后国防毕业生主动申请去西藏工作人民网大连理工大学教师获日本水环境学会年度技术奖人民网大连理工大学获电力建设科技进步一等奖天健网大工援梦专列帮困难新生解决入学路费半岛晨报大连理工大学援梦专列再次启程东北新闻网大连理工大学援梦专列再次启程复制网址打印分享到每日推荐天健网大连理工大学讲好故事激活思政课第十一届工业爆炸与安全防护国际学术会议在大连召美国密歇根大学副校长胡仕新教授应邀作专题报告中国日报网大工思政课让课堂活起来人民网大连理工大学思政课案例教学法让课堂央广网在案例教学中找准坚定理想信念航向东北新闻网大连理工大学耐酸沸石膜微观结构关于进一步完善中央财政科研项目资金管理等政策实践在路上访江浙沪企业悟学思礼心得实践在路上软件师生赴美参加卓越联盟暑期项目推荐视频钱令希诞辰百年纪录片发布预告年月日大工新闻学校隆重举行庆祝中国共产党成立周年大会为梦连理大连理工大学招生宣传片焦点图片毕业季校园里那抹亮色美女毕业生遇见特色学位服毕业季大学四年最遗憾的那些事毕业季最大工难忘凌工路号那件事大工建筑篇一你不得不知道的那些楼排行榜点击郭东明校长会见大连公交集团董事长孙明一行全国人工环境相关学科博士生导师研讨会在我校美国密歇根大学副校长胡仕新教授应邀作专题报我校再获辽宁省大学生电子设计竞赛最高奖实践在路上访江浙沪企业悟学思礼心得实践在路上深入企业了解发展前沿全面促我校在耐酸沸石膜微观结构的设计与调控研究取第十一届工业爆炸与安全防护国际学术会议在大实践在路上躬身企业行笃志中国梦关于进一步完善中央财政科研项目资金管理等第一页内容缓存全文内容缓存根据设置字体大小并初始化按钮请选择投票选项最多允许选项单页阅读分页阅读单页阅读分页阅读控制内容区域的的图片大小并为过大的图片添加查看原图复制网址复制链接成功被浏览器拒绝请在浏览器地址栏输入并回车然后将设置为复制链接成功改变字号小本文地址电话版权所有大连理工大学新闻中心
