http://news.dlut.edu.cn/article/meiti/2016/0811/68594.shtml
29
154
96
61
102
50
51
54
103
104
105
62
167
167
162
162
52
69
54
62
70
51
中国科学报大连理工大学锂离子电池负极材料研究获进展大工新闻网首页新闻图片视频报纸广播首页新闻媒体大工正文中国科学报大连理工大学锂离子电池负极材料研究获进展来源大连理工大学时间本报讯大连理工大学教授陆安慧课题组最近创新性地提出采用无溶剂法以纳米二元金属氧化物为前驱体原位生长金属有机骨架制备复合材料根据软硬酸碱理论甲基咪唑作为交界碱优先与交界酸结合生成后续的热解过程使转变为含氮的导电炭网络炭热还原为纳米锡颗粒和单质锌单质锌由于熔点较低在高温下动态挥发创造出丰富的孔隙有利于离子和电子的传输制备高能量密度和高功率密度兼备的锂离子电池电极材料是近年来的研究热点锡基材料由于其高比容量被认为是很有潜力的可以替代传统石墨负极的材料但充放电过程中严重的体积膨胀导致电极粉化和颗粒团聚从而导致容量迅速衰减和低的电导率发展有效的电极材料制备方法提高复合电极材料导电性是提高锡负极电化学性能的关键新的合成方法保证了复合材料中锡纳米颗粒的高度分散发达的孔隙结构和高氮含量可有效缓解在嵌锂过程中的体积膨胀并提高电导率电池性能测试结果显示制备的复合材料首次放电容量为首次库伦效率高达循环次后容量保持为此外这种合成方法可以扩展到制备其他材料同样展现优异的电化学性能张平媛中国科学报版本文链接责任编辑马坤复制网址打印分享到每日推荐东北新闻网第十一届工业爆炸与安全防护国际学我校马克思主义学院思政课教学改革工作受媒体广泛中国教育报将信仰写在思政课堂上记大连理工深入学习领会中央省委市委精神要求确保学习教育学校召开党委全委会校长郭东明到基层党支部讲党课中国科学报好故事救活思政课天健网大连理工大学讲好故事激活思政课央广网第十一届工业爆炸与安全防护国际学术会第三届全国颗粒材料计算力学会议在大连理工大学召推荐视频钱令希诞辰百年纪录片发布预告年月日大工新闻学校隆重举行庆祝中国共产党成立周年大会为梦连理大连理工大学招生宣传片焦点图片毕业季校园里那抹亮色美女毕业生遇见特色学位服毕业季大学四年最遗憾的那些事毕业季最大工难忘凌工路号那件事大工建筑篇一你不得不知道的那些楼排行榜点击全国人工环境相关学科博士生导师研讨会在我校美国密歇根大学副校长胡仕新教授应邀作专题报我校再获辽宁省大学生电子设计竞赛最高奖第十一届工业爆炸与安全防护国际学术会议在大校长郭东明到基层党支部讲党课第三届全国颗粒材料计算力学会议在大连理工大实践在路上访江浙沪企业悟学思礼心得实践在路上深入企业了解发展前沿全面促我校在人类乳腺癌治疗策略的研究中取得新进展学校召开党委全委会第一页内容缓存全文内容缓存根据设置字体大小并初始化按钮请选择投票选项最多允许选项单页阅读分页阅读单页阅读分页阅读控制内容区域的的图片大小并为过大的图片添加查看原图复制网址复制链接成功被浏览器拒绝请在浏览器地址栏输入并回车然后将设置为复制链接成功改变字号小本文地址电话版权所有大连理工大学新闻中心
