http://news.dlut.edu.cn/photo/2016/0702/67636.shtml
33
17
110
13
13
110
110
111
111
117
117
112
112
组图心声师生热议习总书记建党周年讲话大工新闻网首页新闻图片视频报纸广播首页图片精彩瞬间组图组图心声师生热议习总书记建党周年讲话点击来源宣传部新闻中心月日上午中共中央在北京召开庆祝中国共产党成立周年大会习近平总书记在会上发表重要讲话学校各单位各部门组织师生员工通过广播电视网络视频等多种形式集中收听收看了大会实况及有关报道讲话引起详细月日上午中共中央在北京召开庆祝中国共产党成立周年大会习近平总书记在会上发表重要讲话学校各单位各部门组织师生员工通过广播电视网络视频等多种形式集中收听收看了大会实况及有关报道讲话引起广大师生的强烈反响让我们一同来倾听这些心声收起分享到全部图片查看原图下一张上一张图片全部列出幻灯片精选从首届毕业生毕业决心书中传承红色基因组图心声师生热议习总书记建党周年讲话面孔优秀共产党员党务工作者掠影大工欢迎你你的大工你定义毕业晚会散场离歌时却难说再见我们毕业了已经是第一张了电话版权所有大连理工大学新闻中心
