http://news.dlut.edu.cn/photo/2016/0628/67503.shtml
32
17
113
13
13
110
110
111
111
117
117
112
112
在现场图说庆祝中国共产党成立周年大会大工新闻网首页新闻图片视频报纸广播首页图片精彩瞬间组图在现场图说庆祝中国共产党成立周年大会点击来源宣传部新闻中心月日下午学校隆重举行庆祝中国共产党成立周年大会开发区校区盘锦校区和城市学院视频同步直播会上在校党委书记王寒松的带领下从刚入党几个月的学生到入党几十年的离退休教工在庄严的党旗下举起右手详细月日下午学校隆重举行庆祝中国共产党成立周年大会开发区校区盘锦校区和城市学院视频同步直播会上在校党委书记王寒松的带领下从刚入党几个月的学生到入党几十年的离退休教工在庄严的党旗下举起右手重温入党誓词坚定理想信念铭记使命担当本组图片新闻中心以时间为序与师生分享大会盛况收起分享到全部图片查看原图月日的刘长春体育馆主馆简朴而不失热烈学校在这里隆重举行庆祝中国共产党成立周年大会下一张上一张图片全部列出幻灯片精选从首届毕业生毕业决心书中传承红色基因组图心声师生热议习总书记建党周年讲话面孔优秀共产党员党务工作者掠影大工欢迎你你的大工你定义毕业晚会散场离歌时却难说再见我们毕业了已经是第一张了电话版权所有大连理工大学新闻中心
