http://news.dlut.edu.cn/article/2016/0614/67281.shtml
29
165
118
120
167
167
162
162
项目中国区第二次项目推进会召开学术动态大工新闻网首页新闻图片视频报纸广播首页新闻学术动态正文项目中国区第二次项目推进会召开作者曾晨赵金玲来源建设工程学部时间点击月日至日由欧盟出资法国公共利益集团格勒诺布尔学区职业教育培训与职业融入中心指导的项目即在俄罗斯中国等国家开展建筑能源及环境效益领域的远程开放教育第二次地区性项目推进会在大连理工大学顺利召开西班牙塞维利亚大学国际中心国际项目副主任教授大连理工大学教务处副处长苗军国际合作与交流处副处长徐博翰副教授建工学部副部长王宝民教授大连理工大学项目负责人陈滨教授项目执行人赵金玲副教授远程与继续教育学院院长助理吕盈哈尔滨工业大学项目执行人韩磊大连理工大学土木工程学院建筑与艺术学院能源与动力学院及哈尔滨工业大学建筑学院的相关教师出席了此次会议陈滨教授主持了会议和讨论会议首先对欧洲的博洛尼亚进程和学分制度进行了详细的介绍结合西班牙塞维利亚大学工程学院的课程和学位制度的详细情况进行了剖析并且与中国的学位制度进行了对比讨论了项目中工具包明确了双方在项目中的责任和工作分配同时介绍了西班牙方面的提供的指导教师的相关信息方便后续的课程规划和建设结合博洛尼亚框架的课程建设体系参考欧盟学校课程和学位建立的规范和操作方式对在中国区域采集的余份问卷进行了分析和调研筛选信息并建立了职业列表和相应的能力需求为后续的课程选择和课程内容的建设提供了理论指导对相关教师的个人简历和相关资质进行了筛选拟定了参与课程建设的中方教师名单为后续的课程建设提供人力保障最后对即将在西班牙召开的战略会谈的内容和安排进行了确认保证项目顺利的推进完成课程的设计和建设责任编辑张平媛复制网址打印每日推荐中国建筑学会工程管理分会青年委员会第四届学术论大数据与交通出行需求管理创新论坛在我校成功举办第五期研究生团学干部培训成功举行搭建旧物循环利用平台培养勤俭节约意识两学一做物理学院举行毕业生党员最后一课两学一做运载学部机关二支部举行讲政治有两学一做机械红马甲栉风沐雨砥砺前行两学一做建工学部听老党员讲故事强化学两学一做材料学院开展届毕业生党员教育两学一做人文公共管理系师生党员联合开展专题推荐视频钱令希诞辰百年纪录片发布预告年月日大工新闻学校隆重举行庆祝中国共产党成立周年大会为梦连理大连理工大学招生宣传片焦点图片毕业季校园里那抹亮色美女毕业生遇见特色学位服毕业季大学四年最遗憾的那些事毕业季最大工难忘凌工路号那件事大工建筑篇一你不得不知道的那些楼排行榜点击我们毕业了返校日组图凝聚校友情怀的温情瞬间中国科学院院士赵东元教授受聘我校兼职教授郑州航空工业管理学院校长李勇一行访问我校名优秀研究生学子获英特尔奖学金我校四个专业接受全国工程教育专业认证现场考做学习遵守党章的模范做严守党规党纪的表率大连理工大学首届校友返校日圆满举行紧抓机遇直面挑战统筹推进学校双一流郭东明校长会见国家留学基金委秘书长刘京辉第一页内容缓存全文内容缓存根据设置字体大小并初始化按钮请选择投票选项最多允许选项单页阅读分页阅读单页阅读分页阅读控制内容区域的的图片大小并为过大的图片添加查看原图复制网址复制链接成功被浏览器拒绝请在浏览器地址栏输入并回车然后将设置为复制链接成功改变字号小本文地址电话版权所有大连理工大学新闻中心
