http://news.dlut.edu.cn/article/2016/0720/68163.shtml
27
165
130
130
21
167
167
162
162
31
22
人文学部王贤文副教授受邀担任国际英文期刊副主编学术动态大工新闻网首页新闻图片视频报纸广播首页新闻学术动态正文人文学部王贤文副教授受邀担任国际英文期刊副主编来源人文与社会科学学部时间点击受期刊主编美国德雷塞尔大学计算机与信息学院教授的邀请我校人文学部王贤文副教授出任该刊副主编编委是一本开放获取期刊由瑞士的出版社出版主要发表科学计量学科技评价与科技政策方面的研究论文出版社创立于年是英国自然出版集团的战略合作伙伴目前出版的期刊中已有本进入检索于年月开始筹备年月正式创刊担任主编的教授是科学计量学科学知识图谱领域的世界著名专家发表论文余篇被引次数高达余次包括王贤文副教授在内一共有来自全球位科学计量学领域的学者担任副主编其中有两位科学计量学最高奖普赖斯奖获得者分别是来自荷兰阿姆斯特丹大学的教授和罗马大学的教授等其他副主编来自荷兰莱顿大学美国哈佛史密松森天体物理中心美国印第安纳大学日本东京工业大学韩国延世大学以色列巴依兰大学加拿大阿尔伯塔大学等此外还有位审稿编辑来自美国斯坦福大学印第安纳大学美国西北大学加拿大麦吉尔大学奥地利维也纳大学比利时鲁汶大学加拿大蒙特利尔大学荷兰莱顿大学中国北京大学大连理工大学等其中我校人文学部的胡志刚博士孙晓玲博士和刘盛博博士同时受邀担任审稿编辑王贤文副教授的研究方向主要为科学计量学科技政策与科技管理在科学计量学领域的权威国际期刊等发表论文篇其研究成果曾两次引起关注在国际上产生较大影响力经过余年的发展王贤文所在的科学学与科技管理研究所实验室已经成为全球科学计量学研究的研究重镇近年来实验室师生在国际期刊上发表论文余篇在全球名列前茅此次王贤文副教授受邀担任期刊副主编反映了我校科学计量学科在国际上的影响力将有利于进一步推动我校相关学科的建设和发展责任编辑张平媛复制网址打印每日推荐人文学部王贤文副教授受邀担任国际英文期刊副主编研招进行时如火如荼开展年研究生招生宣传两学一做把政治纪律和政治规矩内化于心外化于全国近所高校教师学者来校研讨马克思主义发展观材料科学与工程学院选举产生新一届党委并成立纪委大连日报钱令希院士百年诞辰纪念展揭幕辽宁日报大工举行钱令希院士百年诞辰纪念展大工人物校友篇张阿漫胸怀海洋强国梦大工人物校友篇张阿漫胸怀海洋强国梦贯彻落实全面从严治党要求强化政治纪律和政治规推荐视频钱令希诞辰百年纪录片发布预告年月日大工新闻学校隆重举行庆祝中国共产党成立周年大会为梦连理大连理工大学招生宣传片焦点图片毕业季校园里那抹亮色美女毕业生遇见特色学位服毕业季大学四年最遗憾的那些事毕业季最大工难忘凌工路号那件事大工建筑篇一你不得不知道的那些楼排行榜点击机械工程学院新教学楼开工建设钱令希诞辰百年纪录片发布预告钱令希院士诞辰百年春风化雨润物无声中国工程院院士陈政清受聘大连理工大学兼职教钱令希院士诞辰百年宝贵的精神财富永恒群策群力抢抓机遇为大工吸引一流生源机械工程学院完成新一届党委换届及纪委成立选钱令希院士诞辰百年业精于勤奋功成于坚副校长朱泓率团访问白俄罗斯国立大学推进两校我校多部影视作品在中国高校电视奖评选中斩获第一页内容缓存全文内容缓存根据设置字体大小并初始化按钮请选择投票选项最多允许选项单页阅读分页阅读单页阅读分页阅读控制内容区域的的图片大小并为过大的图片添加查看原图复制网址复制链接成功被浏览器拒绝请在浏览器地址栏输入并回车然后将设置为复制链接成功改变字号小本文地址电话版权所有大连理工大学新闻中心
