http://news.dlut.edu.cn/photo/2016/0627/67491.shtml
40
17
117
13
13
110
110
111
111
117
117
112
112
大工欢迎你你的大工你定义大工新闻网首页新闻图片视频报纸广播首页图片精彩瞬间组图大工欢迎你你的大工你定义点击来源宣传部新闻中心结束高考的中学生们在这个美好的日子里大连理工大学向你们发出诚挚的邀请欢迎你们加入大工人的行列在美丽的大工开启新的人生旅程这是是全国唯一一所能拍连理照的地方是全国最文艺的理工院校更是读详细结束高考的中学生们在这个美好的日子里大连理工大学向你们发出诚挚的邀请欢迎你们加入大工人的行列在美丽的大工开启新的人生旅程这是是全国唯一一所能拍连理照的地方是全国最文艺的理工院校更是读书做学问的地方有你的大工会更美期待大工与你的连理你的大工你定义字母分别将大工创新创业国际教育多元文化科学研究教育教学方面优势和特色展现出来将最美的大工呈现给你摄影龙海波王增强文案姚璐收起分享到全部图片查看原图你的大工你定义下一张上一张图片全部列出幻灯片精选从首届毕业生毕业决心书中传承红色基因组图心声师生热议习总书记建党周年讲话面孔优秀共产党员党务工作者掠影大工欢迎你你的大工你定义毕业晚会散场离歌时却难说再见我们毕业了已经是第一张了电话版权所有大连理工大学新闻中心
