http://news.dlut.edu.cn/article/2016/0621/67389.shtml
28
165
130
130
21
167
167
162
162
31
22
中国建筑学会工程管理分会青年委员会学术论坛在我校举办学术动态大工新闻网首页新闻图片视频报纸广播首页新闻学术动态正文中国建筑学会工程管理分会青年委员会学术论坛在我校举办作者建设管理系来源建设工程学部时间点击六月的大连步入多彩的初夏碧海蓝天百花争艳海风送来阵阵清凉月日我校迎来了来自全国各地工程管理专业的青年学者隆重举行了中国建筑学会工程管理分会青年委员会第四届学术论坛本次论坛在一带一路背景下面向重大工程的理论与实践瞄准工程管理领域前沿为青年学者提供了沟通交流的平台开展多种形式的学术交流活动研讨工程管理领域的研究现状和发展趋势交流学术思想分享理论和实践创新成果共同促进工程管理学科的发展和青年学者的快速成长来自全国高校的多位青年学者参加论坛论坛由建设工程学部建设管理系主任李忠富教授主持建设工程学部副部长吴智敏教授致欢迎辞大会上午进行主报告哈尔滨工业大学管理学院副院长薛小龙教授北方工业大学科技处副处长纪颖波副教授大连理工大学管理与经济学部副部长宋金波教授天津大学管理与经济学部刘炳胜副教授清华大学建设管理系郭红领副教授东南大学建设与房地产系宁延博士分别以互联网大数据时代的工程管理创新新型建筑工业化在中国现状问题与对策项目特许决策研究工程管理论文写作与发表自然科学基金申请体会交流今年您申请了吗关系治理理论与研究为题作主题演讲大会下午分三组进行报告和讨论来自全国各高校工程管理专业的余位杰出青年学者针对基金申请各自的研究领域工程管理专业的热点问题青年教师的发展论文写作与投稿等主题进行报告多位年轻学者就国家自然科学社会科学基金的申请为题展开讨论与成功经验分享例如科研论文和基金申请的联系如何将以往的研究基础和基金申请联系起来基金申请中的若干细节问题等从学者的报告中可以看出近年来工程管理专业的研究热点和新的方向有绿色可持续建筑与绿色施工的评价研究信息技术与工程设计施工结合的研究等重大建设项目中的风险关系和治理研究企业社会责任职业健康与安全管理研究系统科学方法在工程管理中的应用研究等针对工程管理专业的特点有学者作了题为建设管理研究个性与共性的报告分析了工程管理专业的现状遇到的问题及解决之道报告中不乏许多宝贵的经验分享多位学者分享了自身的科研投稿经历针对如何结合自身特点与基础寻找适合自己的研究方向如何写好英语论文等最后中国建筑学会工程管理分会青年委员会副主任委员邓小鹏副教授对本次论坛进行总结并对青年委员会今后如何更好地开展工作提出自己的想法和建议本次论坛中全国的青年学者进行了广泛的交流与互相学习收获满满本次论坛圆满成功期待下一届论坛再见责任编辑张平媛复制网址打印每日推荐研招进行时如火如荼开展年研究生招生宣传两学一做把政治纪律和政治规矩内化于心外化于全国近所高校教师学者来校研讨马克思主义发展观材料科学与工程学院选举产生新一届党委并成立纪委大连日报钱令希院士百年诞辰纪念展揭幕辽宁日报大工举行钱令希院士百年诞辰纪念展大工人物校友篇张阿漫胸怀海洋强国梦大工人物校友篇张阿漫胸怀海洋强国梦贯彻落实全面从严治党要求强化政治纪律和政治规群策群力抢抓机遇为大工吸引一流生源推荐视频钱令希诞辰百年纪录片发布预告年月日大工新闻学校隆重举行庆祝中国共产党成立周年大会为梦连理大连理工大学招生宣传片焦点图片毕业季校园里那抹亮色美女毕业生遇见特色学位服毕业季大学四年最遗憾的那些事毕业季最大工难忘凌工路号那件事大工建筑篇一你不得不知道的那些楼排行榜点击机械工程学院新教学楼开工建设钱令希诞辰百年纪录片发布预告钱令希院士诞辰百年春风化雨润物无声中国工程院院士陈政清受聘大连理工大学兼职教钱令希院士诞辰百年宝贵的精神财富永恒群策群力抢抓机遇为大工吸引一流生源机械工程学院完成新一届党委换届及纪委成立选钱令希院士诞辰百年业精于勤奋功成于坚副校长朱泓率团访问白俄罗斯国立大学推进两校我校多部影视作品在中国高校电视奖评选中斩获第一页内容缓存全文内容缓存根据设置字体大小并初始化按钮请选择投票选项最多允许选项单页阅读分页阅读单页阅读分页阅读控制内容区域的的图片大小并为过大的图片添加查看原图复制网址复制链接成功被浏览器拒绝请在浏览器地址栏输入并回车然后将设置为复制链接成功改变字号小本文地址电话版权所有大连理工大学新闻中心
