http://news.dlut.edu.cn/article/2016/0706/67530.shtml
28
156
128
167
167
162
162
111
142
110
大工人物校友篇陈松执着担当的理工男大工人物大工新闻网首页新闻图片视频报纸广播首页新闻大工人物正文大工人物校友篇陈松执着担当的理工男作者朱志伟来源校友工作处时间点击校友档案陈松青岛佑兴集团有限公司董事长我校青岛校友会理事长年年就读于我校工业管理专业年创办佑兴集团现已成为包括国际贸易批发零售建筑工程矿业开发对外投资物流配送等行业的综合性跨国企业集团下属青岛佑兴嘉业进出口有限公司山东佑兴投资有限公司山东华恺矿业有限公司佑兴香港集团有限公司佑兴安哥拉商贸实业有限公司等独立法人实体及国内外余家办事机构年集团进入安哥拉市场年投资兴建当地最大的家居一站式购物中心购物中心集团曾获安哥拉中资企业商会优秀企业奖安哥拉中国总商会杰出贡献奖青岛市百强增长企业等称号陈松兼任青岛中非商会副会长安哥拉中国商会副会长青岛市工商业联合会理事刚从安哥拉飞回青岛陈松患上重感冒与我们约访的时间也一再推后下午三点西装笔挺的陈松在不断向我们的道歉声中接受访谈他说得个小感冒没多大点事儿但面对母校必须拿出最好的状态这是对母校最起码的尊重所以一直从未吃药的他从上午开始不断喝水吃药打点滴掩起疲倦调整状态第一时间与我们相约这就是陈松面对母校永远充满情怀坚定执着的企业家我要做红色资本家年代初当这句话出自一位高二年级的学生代表口中的时候在场老师同学无不为之愕然谁也不曾想到这个叫做陈松的高中生竟在三十余年后的非洲安哥拉共和国成为了最大的贸易华商三十余年的奋斗之路坚定且执着用陈松自己的话说他的简历几乎可以用简单来形容毕业三年后创办佑兴一直至今也一直与那句红色资本家连在一起年保送至向往已久的大连工学院就读管理专业后开始了真正的寻梦之旅课堂上汲取知识营养课堂下踊跃实践锻炼成了陈松大学时光里最美好的回忆那时学校成立科技服务公司用来将学生的小发明等成果推向市场陈松积极投身其中成为了公司唯一一名学生销售经理开始跟随老师跑市场做推广从产品介绍到追踪洽谈在商业氛围尚不浓郁的时代里不断前行也在屡次碰壁屡次坚持的刚毅里收获了人生的第一桶金大学毕业后陈松进入山东省机械进出口公司工作三年后放弃了稳定的生活开始创办自己的贸易公司佑兴白手起家的陈松没有带走山东外贸机械一单业务完全从零做起他认为那是做人最起码的诚信而后诚信也在这个年轻人身上发挥的淋漓尽致年月突如其来的国家外汇政策改革让他几乎输掉了全部家底面对已接的外贸订单他已无力完成但他并没有选择逃避甚至跑路而是书写了真诚的道歉信与海外客户逐个致歉磋商全力挽回客户损失创业的道路从来没有一帆风顺也从未阻挡这位年轻人前进的脚步年东南亚金融危机爆发外贸公司业务急转直下长时间处于零业务状态凭借着大学期间出众的知识基础和多年摸爬滚打的经验陈松判断传统国际贸易模式的生存空间越来越小公司要发展必须转型要么向产品研发和生产的上游延伸要么向自营海外营销渠道的下游延伸于是就有了在东南亚西亚南美非洲等世界各地不断尝试不断开拓的陈松的身影也渐渐涌现了叫做佑兴的跨国商贸企业时至今日佑兴集团已发展成为安哥拉共和国最大的贸易华商业务涉及矿产机电钢铁家电家居等十几大品类注册有等多个自有商标品牌拥有完善独立的批发零售网络建成十余家批发店面及连锁超市打造了安哥拉最大的包含建材家居家电等为一体的商业综合体购物中心推出了最大的电商销售平台面包树湾今年还将大力投资新兴的非洲互联网内容服务从不懈怠勇于尝试敢于担当陈松如是说创业的道路上从来没有什么秘诀仅此而已仗义担当的中国人近年来佑兴集团斩获了不少国内外奖项不过有一个奖项最令陈松骄傲那就是中国总商会年度为侨胞服务杰出贡献奖当中国驻安哥拉大使崔爱民先生将红灿灿的锦旗颁给陈松时他说他的工作才刚刚开始他的责任也愈加重大伴随国际石油价格持续走低这座以石油为命脉的非洲国家受到不小的冲击国内经济日渐下滑导致当地治安情况恶化旅安华人安全开始受到威胁其实作为优秀的商业综合体购物中心的安防工作一直做得不错无论是安防人员组织还是硬件设施配套可以做到万无一失保障顾客安全但购物中心的周边环境却并不乐观尤其是旅安华人不断受到安全骚扰甚至出现勒索绑架等极端事件看在眼里急在心上热血在身上这位山东汉子的血脉里涌动起力量要让中国人凝聚起来戮力同心对抗黑恶于是在繁忙的工作之余陈松开始牵头组织安防协会全力投入人力物力财力组建安防队伍安排车辆全天巡逻布置监控点位与当地警方一同组织警民联合中心从最初的几家华商参与到最终的家华商企业鼎力配合高速安防协会迅速成为旅安华人的安全屋受到旅安华人一致好评安防协会的成立为旅安华人注入了一支强心剂也让他们第一次有了抱团取暖的力量一位不愿透露姓名的旅安东北老乡拖着残疾的双腿找到陈松为安防协会捐款万元他说他不是商人只想为中国人做点贡献这件事情更加鼓舞陈松要坚持走下去自安防协会组建以来当地再未发生过一起华人绑架事件从未有一家联防企业遭抢旅安华人的凝聚力也日益强大中国总商会授予佑兴集团的颁奖词是他以做一个令社会尊重的国际化企业为己任他是安哥拉本土化经营的典范他在企业锐意发展同时不忘肩上的社会责任勇于担当用大爱演绎出和谐韶光他在两年半前牵头组建了高速路华企安防协会针对当前治安恶化的态势他又牵头组织高速安防协会并迅速扩大形成目前运营最早规模最大管理体系最完善的高速安防联络处他义务为广大华人华企服务用实际行动创造了公信力他的也是旅安华人的真正意义上的安全屋了不起为佑兴集团点赞此外佑兴集团还积极投身安哥拉社会公益活动之中积极组织参与当地基金捐赠孤儿院慰问公益足球赛等活动当前正在牵头组织安中商会希望进一步促进华商群体合作为当地经济发展做出贡献以民间的力量促进中安友好关系稳固持续推进陈松就是这样一个永远把中国放在首位的大工人情牵母校的大工男创业路上的陈松果敢坚持身居海外的陈松仗义担当而大学时代的陈松却是位文学小青年他在寝室里发起成立思潮社并推广到学校掀起思想碰撞的小高潮他加入具有文艺色彩的杏花村文学社与不同院系的同学探讨文学的魅力他担任级学生的代理班长与学弟学妹共同探讨未来一切的青春记忆都让陈松无比难忘而这些宝贵的经历也让这位商海泛舟的企业家不断成熟不断开拓视野成为奋斗路上最为宝贵的财富面对母校采访这位仗义担当的中国商人眼里流露出无尽的怀念与敬仰他说来大工读管理一直是我的梦想也是我这辈子最大的财富在这里有大师有智慧教会我生存的本领也给予我奋斗的力量与文科学管理不同我们这些理工男的思维更缜密逻辑性更强在母校踏实质朴的学风校风影响下我们更加受到社会的认可而这也成为了我们的安身立命之本我爱大工成了陈松心底最美好的情怀在青岛校友的一致推举下陈松成为了青岛校友会第三届理事会理事长在他的带领下青岛校友会开展家访资助我校青岛级新生举办登山联谊活动组织校友企业交流一系列举措让青岛校友们迅速团结凝聚起来在胶东半岛扬起了耀眼的大工旗帜陈松说我是大工人不过是给学弟学妹们做点小事还微不足道未来的日子里我们会继续努力为青岛校友们再多做一点也希望学弟学妹们能够继续保持母校的优良传统在人生风雨中锻炼开放的心态在担当与责任之中弘扬大工精神我们一道为母校争光责任编辑张平媛复制网址打印每日推荐大工人物校友篇陈松执着担当的理工男我校学子杨帆当选夏季达沃斯论坛代表王新浩校友出任浦发银行副行长原管理学院经济系届本科校友毕业十周年重聚母建艺研究生志愿者返爱社会放飞梦想两学一做全燮教授在环境研究生中开展导师带两学一做化环生学部党委委员张淑芬教授到基层两学一做遵崇党章遵守党规做合格党员两学一做数学科学学院师生党员集中学习党章党钱令希院士诞辰百年系列纪念活动将掀高潮推荐视频钱令希诞辰百年纪录片发布预告年月日大工新闻学校隆重举行庆祝中国共产党成立周年大会为梦连理大连理工大学招生宣传片焦点图片毕业季校园里那抹亮色美女毕业生遇见特色学位服毕业季大学四年最遗憾的那些事毕业季最大工难忘凌工路号那件事大工建筑篇一你不得不知道的那些楼排行榜点击面孔优秀共产党员党务工作者掠影辽宁省委书记李希视察大连理工大学组图心声师生热议习总书记建党周年校长郭东明会见荆楚理工学院校长谭晓明中组部两学一做学习教育督导组到大工实地评论党旗猎猎别样红誓言铮铮壮征程辽宁省社科联主席孙成杰一行来我校调研大连理工大学在辽宁省大学生创新创业年会中再我校首次通过实验发现低气压等离子体中的辉光加强党性锤炼做忠诚干净担当的好干部第一页内容缓存全文内容缓存根据设置字体大小并初始化按钮请选择投票选项最多允许选项单页阅读分页阅读单页阅读分页阅读控制内容区域的的图片大小并为过大的图片添加查看原图复制网址复制链接成功被浏览器拒绝请在浏览器地址栏输入并回车然后将设置为复制链接成功改变字号小本文地址电话版权所有大连理工大学新闻中心
