http://news.dlut.edu.cn/article/2016/0809/68536.shtml
28
157
160
167
167
162
162
160
材料级校友返校暨奖学金签约仪式顺利举行校友之声大工新闻网首页新闻图片视频报纸广播首页新闻校友之声正文材料级校友返校暨奖学金签约仪式顺利举行作者王超来源材料科学与工程学院时间点击落其实者思其树饮其流者怀其源年月日材料科学与工程学院级校友在毕业年后返回母校齐聚大工并以材料级校友的名义将在年内为学校捐赠奖学金万元月日上午点材料九二校友阳光奖学金签约仪式在材料馆报告厅举行材料科学与工程学院院长材料班班主任雷明凯材料科学与工程学院党委书记王同敏材料科学与工程学院党委副书记兼副院长苏克治材料科学与工程学院级校友吴爱民等出席签约仪式仪式由学院副书记兼副院长苏克治主持苏克治老师简要介绍了奖学金的基本情况材料九二校友阳光奖学金旨在奖励本科生在科研中取得丰硕的成果鼓励材料学子钻心科研同时积极吸引其他专业有能力感兴趣可钻研的学生到材料学院学习材料科学与工程学院院长材料班班主任雷明凯老师致欢迎词回忆起年前做班主任时与学生间的点滴故事讲述了材料学院的发展情况语语可见其对学生和校友双重身份的深沉情感感谢校友对学校和学院的支持与贡献并提出了材料学子秉承学院传统不忘初心继续努力的希冀材料级级队长陆晓峰代表校友发言作为材料学院的一名老毕业生一个一直关注材料学院发展的材料人深深地为这二十年来材料学院在学科专业建设本科生教育教学硕博生培养等方面取得的成绩感到骄傲和欣慰而材料级校友在见证学院发展的同时更希望可以协同助力所以特此设立材料九二校友阳光奖学金着眼学院本科生教育教学发挥奖学金育人功能推动学院发展材料科学与工程学院党委书记王同敏教授与陆晓峰校友共同签署了材料九二校友阳光奖学金协议书奖学金简介如下名称材料九二校友阳光奖学金类别优秀类项目在影响因子的国际学术期刊上发表高水平学术论文的材料学院本科生从其他学院转至材料学院学习的本科生优秀类范围材料科学与工程学院全体在读本科生奖励元人评审机构奖项申报评选推荐工作由材料九二级校友委托大连理工大学材料科学与工程学院奖学金评审委员会组织完成具体工作由材料学院学生工作办公室负责评审程序每年月月材料学院向学生公布材料九二校友阳光奖学金的评选办法学生依据评选办法向材料科学与工程学院奖学金评审委员会提出申请填写申请表奖学金评审委员会组织专家进行评审并公布获奖名单奖励表彰同时将获奖人员以及人员简介材料事迹送交材料九二级队校友指定联系人材料九二校友阳光奖学金是校友学成材料反哺母校的情怀而校友在材料科学领域的坚守成就与信心更加坚定了每一位材料人选材料学材料爱材料成材料的决心学院将继续以学术科研为导向以多项措施为保障积极引导大学生科研认识及水平的提升进一步推动学院高精尖人才培养更加充分的挖掘出材料学科的科研潜力助推材料学科拔尖创新型人才培养至此材料级校友返校暨奖学金签约仪式圆满结束衷心祝愿校友学校和学院在勤奋中增长内力在开放中获取能力在思辨中积累动力相信我们的明天会更好责任编辑张平媛复制网址打印每日推荐材料级校友返校暨奖学金签约仪式顺利举行海洋能源利用与节能教育部重点实验室召开学委会会我校再获辽宁省大学生电子设计竞赛最高奖杯实践在路上躬身企业行笃志中国梦全国人工环境相关学科博士生导师研讨会在我校召开实践在路上怀报国之志行实践之路做合格党我校在耐酸沸石膜微观结构的设计与调控研究取得新郭东明校长会见大连公交集团董事长孙明一行罗均炎同志逝世学校组织召开科技成果研讨会推荐视频钱令希诞辰百年纪录片发布预告年月日大工新闻学校隆重举行庆祝中国共产党成立周年大会为梦连理大连理工大学招生宣传片焦点图片毕业季校园里那抹亮色美女毕业生遇见特色学位服毕业季大学四年最遗憾的那些事毕业季最大工难忘凌工路号那件事大工建筑篇一你不得不知道的那些楼排行榜点击罗均炎同志逝世给科研人员松绑加油中办国办印发关于进一步完善中央财政科研郭东明校长会见大连公交集团董事长孙明一行我校在构建高性能锂离子电池负极材料研究取得学校组织召开科技成果研讨会大工代表队勇夺全国电子商务三创赛总决赛实践在路上赴渝见证传统制造业老树发新实践在路上走进企业长才干扬帆起航京津新兴电子商务的信息与物流管理教育部创新第一页内容缓存全文内容缓存根据设置字体大小并初始化按钮请选择投票选项最多允许选项单页阅读分页阅读单页阅读分页阅读控制内容区域的的图片大小并为过大的图片添加查看原图复制网址复制链接成功被浏览器拒绝请在浏览器地址栏输入并回车然后将设置为复制链接成功改变字号小本文地址电话版权所有大连理工大学新闻中心
