http://news.dlut.edu.cn/article/2016/0712/67715.shtml
28
156
78
79
167
167
162
162
145
大工人物校友篇大工合伙人李欣张生言包嘉会大工人物大工新闻网首页新闻图片视频报纸广播首页新闻大工人物正文大工人物校友篇大工合伙人李欣张生言包嘉会作者朱志伟来源校友工作处时间点击校友档案李欣张生言包嘉会团队上海创图网络科技发展有限公司创始人李欣于年年就读于我校机械专业年年硕士就读于我校计算机专业张生言于年年就读于我校船舶工程专业包嘉会于年年就读于我校电子专业团队于年在上海市注册设立公司年核心技术获国家发明专利并承担科技部项目年成为网上世博会国内唯一核心技术提供商年获高新科技企业双软认定企业高新技术成果转化项目企业认定是中国数字文化建设及运营的领军企业公司拥有多项国家专利技术和产品是文化部公共文化发展中心和上海市文广局战略合作伙伴承担了国家数字公共文化支撑平台项目独家建设运营上海市政府重大文化民生工程文化上海云是中国十大创新企业上海市明星企业上海市著名商标多项技术产品荣获上海市科技进步奖发明创新奖在上海一朵文化云开始服务百姓公共文化需求从虚拟参观美术馆博物馆大展到全区共享的网上书海以及在线秒杀社区文化中心的热门演出讲座亲子活动门票公共文化服务正随网络时代嬗变这朵被文化部看好的文化云即将在全国铺开很少有人知道让这朵文化云大放异彩的幕后团队虽然仅有三十几岁但却在互联网的领域摸爬滚打了十余年它就是创图网络科技发展有限公司创始人团队李欣张生言包嘉会三个敢于追梦的大工合伙人追梦路上的大工合伙人总觉得人生不该如此按部就班听起来有股子冲劲的包嘉会年就读于我校电子专业这个家境殷实的北京小伙本已被父母安排好读研出国的稳妥人生篇章却偏在大学里萌生了创业的念头并走到今天虽然仍不被父母理解可他仍然坚持认为追梦的道路永远值得跟包嘉会不同张生言的追梦之路则带着父母的关切年就读于我校船舶专业的张生言喜欢上了计算机这个来自普兰店的小伙虽然家里清贫却是父母的掌上明珠老两口不惜重金为儿子买了一台计算机也正是父母的付出让张生言更加懂得了梦想的不易因为追梦包嘉会和张生言遇到了李欣这是级机械专业一位颇有才华的小伙曾经带领团队于年拿到中国第一个多媒体光盘领域的国际大奖莫必斯教育奖也因此被宏碁等多家知名企业看好当然也是因为梦想他拒绝了这些公司的高薪聘请与张生言和包嘉会一起在竞争激烈的上海开启创业之旅梦想可以催人奋进却也抵挡不住现实的残酷年初入上海的三位年轻人勉强挤在一间只有两张床的小房间里开始了追梦之旅凭借着大学里掌握的过硬的虚拟现实技术本领他们注册了创图公司开发申请应用专利从最初只能租借一张米长的桌子办公到有个十几人的团队从最开始见客户只能靠临时挂上公司牌匾撑门面到后来可以承担一些小型项目创图算是在不好混的上海生存下来年是创图命运转折的一年当时正值世博会在上海召开面对天天爆满却仍有市民无法进入场馆的现状三个年轻人有了建立网上世博会的打算他们到世博局毛遂自荐希望得到支持虽然世博局支持了他们的想法却对这个年轻团队的能力充满忧虑为此世博局面向海内外进行公开招标征询世博会网络平台技术提供商最终家公司入围而创图是唯一代表中国的公司令人意想不到的是在最终的环节仅剩一家法国公司和创图实现了国内普通电脑网络的三维立体动漫演示更令人吃惊的是创图只用秒就打开了网页而法国公司却用了近分钟这场较量不仅让创图赢得了网上世博会更赢得了业界口碑和信任订单量大幅上升团队也发展到了一二百人网上世博会后创图开始尝试在房地产钢铁服装等二三十个行业提供服务期待这项引以为傲的技术能够得到有效发挥但事与愿违大量的尝试换回的却是市场反响平平年一次偶然的机会三个年轻人接触到了上海文广局并获悉大量文化活动不能被市民所知的现状敏锐的他们意识到如果能将虚拟现实技术融入其中或许会有新的变化于是他们联合上海文广局在嘉定试点打造了嘉定文化云项目让嘉定市民第一时间了解文化全貌并积极参与其中项目一经推出就受到社会各界肯定迅速在上海全面铺开年创图的文化云服务平台关键技术研发和应用示范项目成为国家文化部选定的唯一一个体制外的行业独家主持国家科技支撑计划项目即将在全国推广复制当前创图已在北京长沙南京兰州等地设有独立的子公司在武汉三亚青岛哈尔滨等地设有办事机构业务涵盖虚拟现实文化探索智慧城市等多个领域年轻就做打不死的小强十余年风雨兼程如果以为创业的过程仅仅是日子苦点身体累点那就大错特错了年轻就做打不死的小强这是包嘉会的原话到现在我们仍然是在追逐梦想的小强无畏有时间也输得起互联网公司方向比努力更重要时至今日三个年轻人用血泪史得出的经验仍然让他们苦笑年刚刚在上海生存下来的三个年轻人发现淘宝网盛行一度认为若能把虚拟现实技术引入其中为消费者带来立体的产品体验是巨大的商机在几乎未做市场调研的情况下用不到一周时间草拟了商业计划书东挪西借了余万元开办名为赛虎的电商平台憧憬成为超越马云的商业帝国然而经过运营发现引入虚拟现实的立体化电商平台非但没有受到消费者青睐却因为需要消耗更多时间和流量等待网页反应遭到嫌弃万元的天文数字投资直接打了水漂将三个年轻人推到失败的边缘这种失败更多是在摧残自信这是为梦想进行的埋单也是年轻给予的一记耳光在外人看来这个团队即将散伙时他们笑道我们一同在母校度过了人生最好的时光这份兄弟感情经得起考验这个伙从没想过要散也不可能散虽然对年轻时的鲁莽有过后悔但却因此收获了更加珍贵的财富苦难时的不离不弃这段经历让三个年轻人更加紧密心智也更加成熟八年时光之后的今天坐在我们面前的三个年轻人俨然已经褪去了当年的青涩经历过了这些磨难大工基因让三个年轻人的联系更加紧密也让彼此更加信任用张生言的话说现在他们要做的就是时刻清楚个人分工和定位始终坚持以技术为导向的公司发展理念脚踏实地一步一个脚印的做靠谱大工合伙人感恩母校教会成长本领三个年轻人的结识源于母校当时成立的多媒体中心李欣在三人中最早入学入学伊始他就恳请老师帮忙在学校机房谋了份擦拭键盘的差事这个可爱的举动赢得了老师的喜爱也让他的计算机水平飞快进步后被推荐到了新成立的多媒体中心同样多媒体中心也吸引了张生言和包嘉会的目光经过不懈努力与优秀的表现他们也双双走入多媒体中心的大门陆续到来的三人由此结下不解之缘他们一同跟随钱昆明老师学习多媒体技术孜孜不倦地汲取学习养分迄今回忆起在多媒体中心的时光三个年轻人仍然津津乐道他们说母校对于学生创新创造力方面的教育让他们受用一生以获得莫必斯大奖的宇宙之谜项目为例它的前身是为解决大学物理多媒体课件中的相对论部分为了能让其更易于理解这些毫无基础的年轻学生在老师的循循善诱下愣是绘制出了一套深入浅出的模拟动画赢得了国际评审的称赞在今天看来母校在创新人才培养方面的做法很是科学感谢母校的支持和关爱三位年轻人异口同声的说大学期间他们对计算机都产生了浓厚的兴趣虽不是专业所及但母校却一直支持他们这份兴趣与梦想鼓励他们做精做细做实为职业发展增加砝码这份母校对孩子的关爱令他们终身难忘他们说我们相逢于母校相交于梦想是母校教会了我们成长的本领包容的气度以及坚韧的性格更让彼此学会了合作与分享作为年轻的大工合伙人我们要继续以大工精神为指引胸怀赤子之心为梦想加油为母校争光也时刻准备着为母校的建设发展贡献自己的汗水与力量责任编辑张平媛复制网址打印每日推荐大工人物校友篇大工合伙人李欣张生言第八届浪漫之旅海峡两岸文化研习营顺利开营大连理工大学教师获日本水环境学会年度技术奖数学学院举办年全国优秀大学生数学学术夏令营建设工程学部校友田熹东来校作创新创业报告人民网大连理工大学后国防毕业生主动申请到天健网大连理工后国防毕业生主动申请去大连晚报大工后优秀国防毕业生毕业选择大连晚报大工教师获日本水环境学会年度技术奖中国科学报大连理工青岛新能源材料技术研推荐视频钱令希诞辰百年纪录片发布预告年月日大工新闻学校隆重举行庆祝中国共产党成立周年大会为梦连理大连理工大学招生宣传片焦点图片毕业季校园里那抹亮色美女毕业生遇见特色学位服毕业季大学四年最遗憾的那些事毕业季最大工难忘凌工路号那件事大工建筑篇一你不得不知道的那些楼排行榜点击钱令希院士诞辰百年系列纪念活动将掀高潮校友许宪平调任通用技术集团董事长基建进行时学校基本建设正在加紧推进中大连理工大学校友会新增国际化成员严守党的政治纪律和政治规矩做政治上的明白落实十三五发展规划推动学校发展实现新王凤海校友出任大商所党委副书记总经理中组部人才工作局领导来校看望千人计划加强马克思主义学院建设培养信仰坚定的优秀郭东明校长应邀出席中俄大学校长峰会并作主题第一页内容缓存全文内容缓存根据设置字体大小并初始化按钮请选择投票选项最多允许选项单页阅读分页阅读单页阅读分页阅读控制内容区域的的图片大小并为过大的图片添加查看原图复制网址复制链接成功被浏览器拒绝请在浏览器地址栏输入并回车然后将设置为复制链接成功改变字号小本文地址电话版权所有大连理工大学新闻中心
