http://news.dlut.edu.cn/article/2016/0706/67694.shtml
28
157
167
167
162
162
111
142
110
原管理学院经济系届本科校友毕业十周年重聚母校校友之声大工新闻网首页新闻图片视频报纸广播首页新闻校友之声正文原管理学院经济系届本科校友毕业十周年重聚母校来源管理与经济学部时间点击月日原管理学院和经济系的届级本科校友共余人为庆祝毕业十周年从祖国各地重返母校相聚上午分毕业十周年典礼在管理与经济学部六角楼举行学部校友工作顾问姜秀英学部党委副书记兼副部长学部校友会秘书长郑皓信息管理专业班主任钱永胜学部校友会秘书尹春香参加了典礼典礼由届本科校友卫巍主持首先由公共事业管理专业的时洪赟校友作为大连本地校友代表发言他讲到时隔多年如今看到这些熟悉的面孔心中很激动十年后我们事业有成家庭美满心中都怀着一份对母校对管理学院的眷恋不舍与感激进入银行工作后他依旧秉承大工严谨的作风认真的工作态度生活中遇到的问题很容易就能得到同学的帮助十年来同学间的联系从未间断偶尔进行小聚这就是大工于他最实实在在的价值十年如一日的归属感他也期待着更多的十年让大家的心都凝聚于此同时他也表达了对母校栽培的感激之情随后国际经济与贸易专业高微校友作为外地工作的校友代表发言怀有身孕的她更是代表了一种新生的希望与力量她首先对本次大会的筹备人员表示感谢接着她以怀念为主题回忆了生活中的点点滴滴她说在北京工作时遇到大工毕业的同学就会倍感亲切十年二十年五十年无论多久哪怕再次相聚时我们已需要儿女搀扶也依旧会珍惜与大家相聚的机会最后祝大家平安健康届本科毕业生辅导员刘大伟因故未能参加本次大会但通过信件表达对同学们的深厚感情并由李博校友作为代表宣读刘大伟老师首先表达了对学部老师参会同学以及筹备组的感谢信中他还讲到级队是一个不平凡的集体当时专业分配情况比较复杂首届国际贸易英语强化专业五年制本科生年首次招收物流管理专业本科生经济系独立等面对如此复杂的局面级队的全体同学在毕业时交出了完美的答卷全级队全部获得学位证无一人因为四级未通过或者重修学分较多等原因延修十年时光宛如弹指一挥间如今大家在各自的岗位上都取得了优异的成绩由衷的为大家感到骄傲今日的聚会是我们日后沟通与交流的开端希望大家可以互相帮助互相扶持最后他预祝本次大会圆满成功姜秀英老师表示大家的讲话勾起了她对往日的回忆当年大家从五湖四海相聚于此如今圆满完成学业走向工作岗位她说十年后大家重聚校园看到大家饱满的状态感到十分欣慰也欢迎大家常回校与母校保持联系接下来由郑皓副部长代表学部从校友手中接过由级队出席本次大会的同学向学部捐赠的五千元学部社会实践基金郑皓对校友们的返校表示热烈的欢迎并表达了对校友捐赠基金支持学校发展的感谢他说学校的发展离不开校友的支持同样学校的发展也会助力校友的发展他为校友梳理了近年来学部的重大发展特别是年通过认证今年又通过了中国高质量的认证如今在着手准备第四轮学科评估新大楼也将在今年投入使用大会结束后与会校友与参会老师在管院门前合影留念中午学部邀请所有校友在食堂就餐下午校友们以班级为单位召开班会参观令希图书馆参加侯铁珊老师的讲座晚上级队在欣半岛酒店聚餐时光匆匆十年如一瞬在不经意间流走但同学间的情谊却随时间的沉淀而越发深厚回忆过去展望未来校友们也将带着对彼此美好的祝愿踏上今后的征程责任编辑张平媛复制网址打印每日推荐原管理学院经济系届本科校友毕业十周年重聚母建艺研究生志愿者返爱社会放飞梦想两学一做全燮教授在环境研究生中开展导师带两学一做化环生学部党委委员张淑芬教授到基层两学一做遵崇党章遵守党规做合格党员两学一做数学科学学院师生党员集中学习党章党钱令希院士诞辰百年系列纪念活动将掀高潮两学一做以丰富的党日活动庆祝党的岁华诞首期软件工程青才论坛在开发区校区举行建党周年机关党委举办系列党课活动推荐视频钱令希诞辰百年纪录片发布预告年月日大工新闻学校隆重举行庆祝中国共产党成立周年大会为梦连理大连理工大学招生宣传片焦点图片毕业季校园里那抹亮色美女毕业生遇见特色学位服毕业季大学四年最遗憾的那些事毕业季最大工难忘凌工路号那件事大工建筑篇一你不得不知道的那些楼排行榜点击面孔优秀共产党员党务工作者掠影辽宁省委书记李希视察大连理工大学组图心声师生热议习总书记建党周年校长郭东明会见荆楚理工学院校长谭晓明中组部两学一做学习教育督导组到大工实地钱令希院士诞辰百年胡文瑞院士做客大工评论党旗猎猎别样红誓言铮铮壮征程辽宁省社科联主席孙成杰一行来我校调研大连理工大学在辽宁省大学生创新创业年会中再我校首次通过实验发现低气压等离子体中的辉光第一页内容缓存全文内容缓存根据设置字体大小并初始化按钮请选择投票选项最多允许选项单页阅读分页阅读单页阅读分页阅读控制内容区域的的图片大小并为过大的图片添加查看原图复制网址复制链接成功被浏览器拒绝请在浏览器地址栏输入并回车然后将设置为复制链接成功改变字号小本文地址电话版权所有大连理工大学新闻中心
