http://news.dlut.edu.cn/photo/2016/0726/68464.shtml
45
17
13
13
13
110
110
111
111
117
117
112
112
从首届毕业生毕业决心书中传承红色基因大工新闻网首页新闻图片视频报纸广播首页图片精彩瞬间组图从首届毕业生毕业决心书中传承红色基因点击来源宣传部档案馆作为我们党在新中国成立前夕亲手创办的新型正规大学大工与新中国在崇高理想科学精神和价值理念上具有深度融合与共鸣这是大工特有的红色基因也是一代代大工人自强不息砥砺前行的精神根基近日档案馆展出详细作为我们党在新中国成立前夕亲手创办的新型正规大学大工与新中国在崇高理想科学精神和价值理念上具有深度融合与共鸣这是大工特有的红色基因也是一代代大工人自强不息砥砺前行的精神根基近日档案馆展出了大工首届毕业生毕业决心书一句句朴实无华的语言道出了大工学子坚定不移跟党走青春报国的志向党委宣传部档案馆联合发布首届毕业生毕业决心书让我们从历史中吸取前进的力量不断传承和发扬大工红色基因收起分享到全部图片查看原图李连九敬爱的党我将愉快地走上工作岗位尽我的毕生精力使我们的最高理想共产主义早日实现哪怕只缩短了一秒钟下一张上一张图片全部列出幻灯片精选从首届毕业生毕业决心书中传承红色基因组图心声师生热议习总书记建党周年讲话面孔优秀共产党员党务工作者掠影大工欢迎你你的大工你定义毕业晚会散场离歌时却难说再见我们毕业了已经是第一张了电话版权所有大连理工大学新闻中心
