http://news.dlut.edu.cn/article/2016/0720/67861.shtml
28
156
130
130
21
164
167
167
162
162
31
163
22
大工人物校友篇张阿漫胸怀海洋强国梦大工人物大工新闻网首页新闻图片视频报纸广播首页新闻大工人物正文大工人物校友篇张阿漫胸怀海洋强国梦作者金小渝董玉琴来源校友工作处时间点击校友档案张阿漫哈尔滨工程大学教授博士生导师年年就读于我校船舶与海洋工程专业年获得哈尔滨工程大学船舶与海洋工程专业博士学位年赴英国伦敦大学学院访问学者曾获得首批长江学者奖励计划青年学者首批中组部青年拔尖人才支持计划首届优秀青年科学基金资助中青年科技创新领军人才新世纪优秀人才支持计划全国百篇优秀博士学位论文提名奖霍英东青年教师基金资助霍英东青年教师二等奖龙江学者特聘教授黑龙江省杰出青年科学基金等多项学术荣誉主要研究方向水下爆炸气泡动力学流固耦合动力学承担与参加国家自然科学基金重点项目面上项目国防子专题等科研项目共余项科研成果获得国家科技进步二等奖项省部级科技进步一等奖项二等奖项三等奖项申请发明专利项出版书籍部担任国家自然科学基金委评审会评委中国工程物理研究院流体物理研究所客座教授中国舰船研究编委以及多个国际期刊审稿人年长江学者奖励计划首次设立青年学者项目重点支持高校面向海内外培养引进在学术上崭露头角创新能力强发展潜力大恪守学术道德和教师职业道德的优秀青年学术带头人全国共有人入选张阿漫是船舶与海洋工程专业的唯一入围者潜心科研揭开国内水下爆炸研究新篇章年张阿漫从我校船舶与海洋工程专业毕业后进入哈尔滨工程大学继续深造师从姚熊亮教授研究方向是水下爆炸重点研究水下爆炸对舰船的毁伤为我国海军舰艇装备提供基础性技术支撑最可靠的数据来源于实战或实船试验但实船试验成本过高所以我们主要的研究手段还是模型实验和数值计算张阿漫说所谓数值计算就是利用专业软件对水下爆炸进行模拟并分析相关数据从而评估水下爆炸对舰船的毁伤以及舰船自身的抗爆炸能力年他们使用的软件是从美国购买的一款计算流固耦合的通用软件水下爆炸研究跟海军装备及实力有着密切关系美方将这款软件中的水下爆炸模块整体封锁起来了不卖给我们这就导致该软件在水下爆炸方面计算能力有限难以精确测算舰船的抗爆炸能力即便是这样一款通用软件国内高校也需支付昂贵的购买费用如果软件升级还需再支付额外的升级费用国内尚没有能精确测算水下爆炸与舰船毁伤的成熟专业软件国外又对我们技术封锁我们一定要突破这层壁垒不甘心受制于人的张阿漫决定组建团队研发软件在模型实验方面张阿漫及其团队对水下爆炸进行了全面分析最终决定从水下爆炸气泡入手开发一个部分代替真实水下爆炸的机理性试验装置在前人研究的基础上经过年潜心钻研他们在年推出了无声放电气泡生成装置雏形利用水下放电形成气泡模拟水下爆炸气泡但由于两者生成的气泡尺度效应差距过于悬殊以致出现了一些本质上的差异这个雏形失败了张阿漫直言又经过年的尝试与改良终于在年取得了突破性进展实验中的气泡直径从厘米被提升至厘米其运动特性能够在一定程度上与水下爆炸气泡相似目前该装置已申请国家专利而国内的多所大学和科研机构也纷纷根据研发团队发表的论文自行研制同类装置与模拟实验装置几乎同步推进的软件开发也已经取得了突破性进展自年起张阿漫团队便不再依赖于从美国购买的前述流固耦合分析软件改用自主研发的瞬态流固耦合分析软件目前该软件已部分应用于海军舰船抗爆炸能力评估精度保持在以上我们还在继续完善这款软件预计将在三到五年内完成投入市场打破国外对我们的技术垄断张阿漫说相比于普通的学术科研国防科研最大的困难就是没有借鉴难以找到参考资料国内技术薄弱国外该领域核心技术又被封锁所有难题都要自己攻克张阿漫说这是国防科研道路上最大的困难胸怀梦想每一份成功背后都藏着千百倍努力提到张阿漫在科研上的累累硕果他坦言我是个很努力的人张阿漫读硕士博士时的实验室到如今的办公室都在哈尔滨工程大学的船海楼读书时的张阿漫是平均每天呆在船海楼里时间最长的人我晚上经常被门卫大爷赶走他一下课就泡在实验室一呆就是一整天每每等到他离开的时候都已经是深夜了在做科研时间紧张的时候他甚至在办公室放了张简易折叠床一住就是半个月为此他还得了个绰号张半月年张阿漫以优异的科研成绩提前获得了博士学位从学生变成老师的张阿漫依旧勤奋不改我把一天的时间分成六段点点点点点点点点点点点点我经常问学生有几段用在了科研上我读书的时候几乎是都用上了现在大多时候也都用上偶尔降到五段国防科研因为其独特的重要性每一个难题都是对科研者从能力到性情的极大挑战张阿漫用他的坚守展现了一个国防科研者的情怀与责任在他看来随着社会发展程度的提高社会分工日以细化每个人对社会的贡献相对地就会越来越小我只是做好我的本职工作如果每个人都做好自己的本职工作那么我们的社会我们的国家自然就强大了从容独立求真务实摒弃浮躁宁静致远精致精细执着专一张阿漫的言行间处处可见大工人的特质科研中不管费多少周折也无怨无悔不言放弃努力在海洋国防科研领域有所建树中国有多万平方公里海域国土要保护我们的海洋资源就离不开强大的海军力量能为完善我们的海军装备和提高国防实力做一点事情这是我的自豪这是张阿漫的海洋强国梦我希望我的科研成果能为海军装备能力提升和我国海军事业发展做出一点儿贡献回首大学科研之路最初的起点回想本科四年张阿漫自认并不是学霸甚至也不太算得上传统意义上的好学生刚入学时对于所学专业仍有些迷茫的张阿漫将学习重心放在了数理基础课上为其之后的学习打下了坚实的基础大一接触到语言课程之后张阿漫对计算机萌发了浓厚的兴趣一有时间就去机房摸索学习甚至还自学了编程大学时刚接触计算机遇到问题我比较喜欢自己琢磨向别人求助也许你会很快地解决问题但下次再遇到类似问题你可能还是缺乏自主解决能力张阿漫从大学起就表现出的超强自学能力和坚韧不拔的执著精神为其科研之路奠定了基础年读大四的张阿漫在李铁骊老师的指导下做毕业设计这次毕业设计打开了他科研兴趣的大门张阿漫的毕业设计是整船设计不同于传统的纸上作图他通过大学里自学的编程语言实现三维立体船舶设计通过在计算机上改变参数实现船体的修改与再构建在这个过程中我把本科学的基础专业知识和实际应用联系起来了而且从中找到了科研的动力和兴趣张阿漫笑称我的科研生涯大概就是从这开始的从这开始张阿漫积极备考立志攻读船舶与海洋专业研究生从这开始张阿漫认定水下爆炸方向潜心钻研从这开始张阿漫踏上国防科研之路不畏艰难一路前行责任编辑张平媛复制网址打印每日推荐大工人物校友篇张阿漫胸怀海洋强国梦大工人物校友篇张阿漫胸怀海洋强国梦贯彻落实全面从严治党要求强化政治纪律和政治规群策群力抢抓机遇为大工吸引一流生源两学一做践行党的宗旨争当时代先锋两学一做材料学院师生党员认真学习习总书记我校多部影视作品在中国高校电视奖评选中斩获佳绩机械工程学院完成新一届党委换届及纪委成立选举工大连理工大学首个国际学生文化实践基地揭牌郭东明校长会见长兴岛经济区党工委书记杨广志推荐视频钱令希诞辰百年纪录片发布预告年月日大工新闻学校隆重举行庆祝中国共产党成立周年大会为梦连理大连理工大学招生宣传片焦点图片毕业季校园里那抹亮色美女毕业生遇见特色学位服毕业季大学四年最遗憾的那些事毕业季最大工难忘凌工路号那件事大工建筑篇一你不得不知道的那些楼排行榜点击机械工程学院新教学楼开工建设年青少年高校科学营大连理工大学分营开营钱令希诞辰百年纪录片发布预告我校论文被计算机视觉及模式识别领域国际顶尖钱令希院士诞辰百年春风化雨润物无声中国工程院院士陈政清受聘大连理工大学兼职教钱令希院士诞辰百年宝贵的精神财富永恒王立鼎院士与两岸学子分享科研历程副校长朱泓率团访问白俄罗斯国立大学推进两校钱令希院士诞辰百年业精于勤奋功成于坚第一页内容缓存全文内容缓存根据设置字体大小并初始化按钮请选择投票选项最多允许选项单页阅读分页阅读单页阅读分页阅读控制内容区域的的图片大小并为过大的图片添加查看原图复制网址复制链接成功被浏览器拒绝请在浏览器地址栏输入并回车然后将设置为复制链接成功改变字号小本文地址电话版权所有大连理工大学新闻中心
