http://news.dlut.edu.cn/article/2015/0508/61082.shtml
29
166
135
32
167
167
162
162
走近老教授蒋中权中国工业科技管理大连培训中心大工往事大工新闻网首页新闻图片视频报纸广播首页新闻大工往事正文走近老教授蒋中权中国工业科技管理大连培训中心作者蒋中权口述学生记者王姝整理来源宣传部新闻中心时间点击人物简介蒋中权男上海人年出生毕业后分配到大连市财政局文革后调到大连市第二轻工业局历任科员主任科员副科长科长总会计师年调到大连工学院现大连理工大学担任管理学院教授享受国务院特殊津贴年月退休美国商务部部长建议中国实行现代化管理我校在年建立了中国工业科技管理大连培训中心管理工程系于年开始招收管理专业本科生年刚刚改革开放美国商务部部长来中国访问看到中国的教育特别是管理学教育比较落后向时任国务院副总理兼国家科委主任方毅建议实行现代化的管理美国可以无偿地提供帮助方毅无法决定此事他向邓小平作了汇报据记载年月底方毅和教育部部长刘西尧分别接到一个内容相同的通知邓小平同志要亲自主持召开一次科学和教育工作座谈会要求他们从科学院系统和教育部所属大学各挑选名科学家学者与会年月日这次科教座谈会在邓小平掷地有声的讲话中落下了帷幕今年就要下决心恢复从高中毕业生中直接招考学生不要再搞群众推荐从高中直接招生我看可能是早出人才早出成果的一个好办法我给大家当后勤部长被文革中断了年之久的高考终于有望恢复被四人帮坑害的中国教育终于重新起航在这次科教座谈会上邓小平还发出了这样一个声音知识分子的名誉要恢复无论从事科研工作的还是从事教育工作的都是劳动者科研工作教育工作是脑力劳动脑力劳动也是劳动嘛我要做的第一件事就是要解放知识分子在重振中国教育的历史背景之下经邓小平同意我国教育部国家科学技术委员会和国家经济贸易委员会决定中美合作创办中国工业科技管理培训中心在中国哪所哪所大学建立这个培训中心呢年改革开放初期人们的思想还不够解放很多大学都不想要这个培训中心但我们的老院长屈伯川是一位曾经留德的博士他思想开放意识超前自告奋勇将这个中心建到我们学校中国工业科技管理大连培训中心年成立后美国一些教授被美国商务部派遣到中国讲课当时大连工学院没有文科专业更缺少懂得管理的人才于是就从全国各地招贤纳士调兵遣将当时计划要调来五位教师但最终只找到三位合适人选这三位分别是王萍纽友侠和我我们三个人都是学管理专业出身王萍与我同在一个系他毕业于上海交大工商管理系曾担任东北电业局会计师职务纽友侠毕业于上海交大管理工程系曾担任鞍钢劳动处处长职务我毕业于上海大同大学后来院系调整这所大学被合并到交大等学校我曾在大连市财政局工作过后来调到大连市第二轻工局担任总会计师培训中心的学员来自全国各地他们大多是各大型企业工厂的管理者还有一部分学员是政府官员高校教师等我国首次打开国门全套引进国外的工商管理知识这在当时具有一定的轰动效应培训中心的外教不会讲汉语美国教材是英文编写需要大量的人力进行翻译和辅导便从全国其他高校抽借了一批人员前来协助培训中心以培训工厂管理者为主要任务当时每年培训两批次基本上都是由美国教师授课中方教师做辅导员五年之后主管部门领导提出了意见你们引进美国教师讲课已经有五年了听也听会了可以自己开课了也可以自编教材其实美国教师首次来我校讲课时我们就把他们的教课录音完整地录了下来并翻译成中文出版了一套管理丛书当时这套丛书轰动全国极为畅销这是我国首次出版有关美国管理科学的专业书籍全国各大图书馆及各个学校都来购买这套书洛阳纸贵一时成为佳话但是这套丛书的内容都是美方的主管部门领导建议你们光看国外的不行应该根据我们的实际情况编一套适合中国国情的教材后来我们就编撰了一套全新的教材年我校正式成立管理学院王众托教授担任管理学院院长管理学院成立后就开始招收本科生第二年开始招收研究生当时最大困难就是师资力量不足从学校其他院系抽调教师从外面其他机构找教师学校千方百计想办法解决师资难的问题就这样管理学院白手起家逐渐发展起来这些具有大型工厂厂长身份的学员很能吃苦培训中心刚建立时学员大多是大型工厂的厂长中央干部和全国各大高校教师也来参加培训可以说这些学员都是具有一定社会地位之人当时办学条件极其艰苦学员没有合适的地方住只能将他们安排在学生宿舍也就是现在的西山宿舍四人一个房间房间狭小拥挤不堪吃饭在普通食堂和学生们一样吃得很简单但学员们没有任何怨言对知识非常渴求学习劲头都很足最初是由美国教师授课中方教师负责辅导后来不用美国教师讲了我们自己承担起授课任务那些既有社会阅历又见多识广经验丰富的厂长们根本瞧不起中方教师美国教师曾经跟我们说过管理学院的教师一定要具有实际经验从象牙塔里走出来肯定不行美国教师还强调跨学科经验美国不喜欢管理本科生出身的研究生最好是数学系化工系机械系等其他学科的学生选择管理学专业培训中心建设初期最大困难是师资力量薄弱给厂长们上课的必须是正教授最低也是副教授否则压不住台当时在六角楼上课下面坐着的都是厂长不少讲课水平和个人气场不强的年轻教师败下阵来当时我们都感觉精神压力很大深感教师这碗饭不是那么好端的正是因为有了这种危机感年轻教师积极主动地提升自己也逐渐跻身到名师之列屈指算来中国工业科技管理大连培训中心自年创建以来迄今已有年了这所由中美两国政府合作举办的培训中心自建立以来克服了各种困难顶住了各种压力努力贯彻以我为主博采众长融合提炼自成一家的办学方针在引进消化吸收创新之中不断发展壮大适应改革开放形势的需要培养了一大批高级管理人才被誉为我国现代管理教育的先驱后记采访蒋教授是在一个细雨绵绵的晚上蒋教授家离学校比较远他在电话中耐心细致地描述他家的位置虽然伴着风雨可我内心一点凉意都没有找到蒋教授家时他正在楼道里等我们我的心顿时就暖了蒋教授热情地招待我们见我着凉身体有点发抖他递给我一杯热饮让我暖暖身子采访过程中蒋教授的脸上一直洋溢着一种自豪感蒋教授是老一代大工人的代表在他的讲述中我深切地感受到了老一代大工人筚路蓝缕无私无畏的奋斗精神大连理工大学之所以能够成为综合实力处于我国高校前列并在国际上初具影响力的全国重点大学正是因为以老一辈创业者为代表的几代大工人的同心同德和真情付出责任编辑张平媛复制网址打印每日推荐走近老教授蒋中权中国工业科技管理大连培训大连理工眼控鼠标用视线点击世界和校园里的传单说再见关于大连杂技团大型杂技魔幻剧胡桃夹子的领票组图尚好的青春都是你一流学科建设向海洋要发展学部学院领导干部参加反腐倡廉警示教育培训聚焦人才开发助力东北振兴微表情机关青椒的活力之战辽宁日报一度电奔跑公里推荐视频钱令希诞辰百年纪录片发布预告年月日大工新闻学校隆重举行庆祝中国共产党成立周年大会为梦连理大连理工大学招生宣传片焦点图片毕业季校园里那抹亮色美女毕业生遇见特色学位服毕业季大学四年最遗憾的那些事毕业季最大工难忘凌工路号那件事大工建筑篇一你不得不知道的那些楼排行榜点击尚好的青春都是你面孔大工青年做核心价值观的践行者大工春时节那些美得令人怦然心动的角落微表情机关青椒的活力之战学校表彰优秀研究生学术典型及指导教师大工新获批一个国家地方联合工程实验室本科毕业生质量排行我校名列以工程技术之火点燃创新之源海纳百川心相系让海洋离你不再遥远位青年教工会师决战角逐机关青年岗位能第一页内容缓存全文内容缓存根据设置字体大小并初始化按钮请选择投票选项最多允许选项单页阅读分页阅读单页阅读分页阅读控制内容区域的的图片大小并为过大的图片添加查看原图复制网址复制链接成功被浏览器拒绝请在浏览器地址栏输入并回车然后将设置为复制链接成功改变字号小本文地址电话版权所有大连理工大学新闻中心
