http://news.dlut.edu.cn/article/2015/0408/60488.shtml
29
166
136
167
167
162
162
139
走近老教授周玉凤由教材的变迁看数学系的发展大工往事大工新闻网首页新闻图片视频报纸广播首页新闻大工往事正文走近老教授周玉凤由教材的变迁看数学系的发展作者周玉凤口述学生记者戴卓整理来源宣传部新闻中心时间点击人物简介周玉凤女教授年月日出生汉族湖北人年由重庆大学转入复旦大学数理系年毕业后来到大连工学院数学教研室任教年至年任高等数学助教工作年升为讲师先后主讲全校各系的高等数学及部分系的概论场论等课程文革前曾两次被评为全院先进教师年至年先后任高等数学教研室副主任主任职务年晋升教授我毕业于复旦大学数理系年月分配到我校数学教研室那时候设有应用数学系数学教研室只有不到个老师大多数教师是教基础课我教的是高等数学我校印刷厂后面那栋小红楼就是当年数学教研室的办公地点年院系调整应用数学系调到东北师范大学世纪年代末我校又恢复重建了应用数学系整个数学教学体系变得更细化我还是教高等数学教研室一直归属应用数学系名下因为主要人才都集中在这里这时教研室大概有多位教师文革前数学教研室牵头举办了一届师资班从各系抽调出一部分学生由数学教研室进行培训毕业后先是做助教经过一番锻炼之后才可以正式执教文革后我依然讲授高等数学那时候我白天给化工系上课晚上还要到夜大授课每周大概有七八节也有过每天五六节的超大课量化工系土木系机械系一个系一个大班每个班多人共有多人那时我校对数学教学还是很重视的每个系一周是两节数学课一节课是两个小时有时候也会上到六个小时数学课课量大作业多由助教来做课余辅导答疑世纪年代我校高等数学课使用的是苏联教材由数学教研室张理京和谭家岱老师进行翻译我读大学时使用的是英语教材教师讲课时经常将汉语英语混合使用我们英语基础不是很好所以读起来很困难毕业后走上教学岗位有了翻译过来的高等数学教材这对教学工作的开展是非常有利的从年参加工作到退休我一直在教学一线工作年我参与了编写高等数学教材的工作我与同事一起将教师们的教学经验和讲义等进行了整理汇编编写了两本教材一本是供当时工农兵学员使用的工程基础数学这本书由人民出版社出版我曾在北京住了一个多月为这本书做校对工作第二本是高等数学这本教材全国通用当时共有四位教师参与编写每人编写一部分编好之后汇总给肖义询老师进行最后修订当时我校的数学教学在全国颇有名气所以指定我校负责编写工科的高等数学那时候没有任何备用教材教师们平时上课用的是讲义所编写的教材内容其实都是自己多年来积累的教学经验可以说高等数学是我校应用数学系教师的智慧结晶过去上课使用苏联教材而且不只是一本教材还要参考别的书籍为教学工作带来了很多不便如今有了全国高校统一使用的教材人手一册无论是教还是学都甚为方便为全国高校编写统一使用的教材这是一项艰巨而光荣的任务我同四位教师通宵达旦非常认真地完成了编写任务高等数学最初由我校出版社出版仅供我校内部使用并不对外发行当时教育部要求高等数学教材一定要结合专业结合工科所以最初教材的名字是微积分年经教育部审批定名为高等数学几年后由人民出版社出版并全国发行那时候没有编写资金也没有稿费但教师们没有任何怨言只要是上级派下来的任务就要坚决地完成好高等数学从年开始编写到年出版历时六载是一个不小的工程这是教师们多年成熟教学经验的一次结集是一次厚积薄发当然这毕竟只是一本普及性教材只供大一学生使用高等数学后来因不能适应应用数学系的专业教学而停用我曾在我校夜大执教两年年之后我白天教化工系的学生晚上教夜大学生当时我在夜大带过一个只有十几个学生的班这些学生大多是工厂领导者他们的正规学历不高对知识特别渴望那时在位于一二九街的化工学院成立了夜大部学生们在阶梯教室里上课教师的办公条件也不错我和另一位教师住在办公室里我们安置了简易床拉了帘子那时只有周日休息周六晚上我就赶回院部我在院部带了一批师资班学生所以平时工作也是很辛苦当时大工夜大是大连唯一的成人高等教育学府执教年最让我佩服和感动的就是夜大学生恢复高考后他们因种种原因没机会读全日制大学可在他们内心深处始终怀着接受高等教育的梦想他们大多是企业领导者建设四个现代化的使命促使他们更加渴望尽快提升自身的文化素质这时夜大的招生恰好给了他们一个充电的机会如同久旱逢甘霖他们抓住这难得的机遇用心学习把各门课程都当成知识盛宴上的大餐他们用坚韧不拔和孜孜不倦的劲头完成了学业有很多夜大生又继续深造获取了硕士博士学位知识就是力量知识就是财富科学技术是生产力这些至理名言在他们身上得到了最完美的诠释后记年月一个风和日丽的下午我按照约定时间来到了周教授的家周教授的家装饰简单古朴正和她本人一样清淡低调优雅采访中她常强调她只是一个普普通通的应用数学系教师所取得的成就源于学校的信任与栽培在采访之前我的心里有些惴惴不安采访结束走出周教授家后我心里却满是温暖她就像我家乡的奶奶那么慈祥温和而多年前在大工建设者的队伍中她风华正茂以青春与汗水为大工精神添砖加瓦如今周教授年事已高大多数时间只能卧床休息耳朵也不大灵便需要通过老伴对着耳朵大声地重复地讲述才能明白我的采访意图当周教授听清楚之后便拉着我的手认真地讲述起来她深情地讲述着大工往事那双沧桑的眼睛闪烁着光芒为了确认一位同事的名字她让老伴翻箱倒柜寻找旧时的资料不经意间我发现周教授的床头放着几本应用数学系的教材回忆起应用数学系发生的故事她不自觉地拿起旧教材轻轻地抚摸她是一位真正的师者岁月流逝那三尺讲台却永远是她心中最留恋的地方责任编辑张平媛复制网址打印每日推荐走近老教授周玉凤由教材的变迁看数学系的发大工与中船重工所签署战略合作协议推进全面合大连晚报汪苏泷大连高校巡演与广大学子一起魏小鹏书记调研学校档案工作郭东明校长到化工与环境生命学部调研核心价值观奉献有限热血传递无限爱心光明日报大连理工大学为本科生配备思政班主任大连日报理工大外交官在模拟联合国大会上学风建设搭建平台明晰责任以学风促班风大连日报汪苏泷大连高校巡演亮相理工大学推荐视频钱令希诞辰百年纪录片发布预告年月日大工新闻学校隆重举行庆祝中国共产党成立周年大会为梦连理大连理工大学招生宣传片焦点图片毕业季校园里那抹亮色美女毕业生遇见特色学位服毕业季大学四年最遗憾的那些事毕业季最大工难忘凌工路号那件事大工建筑篇一你不得不知道的那些楼排行榜点击雨后就业榜样艾塞提江大工让我成为不一样的我校新增两项国家重点研究基础发展计划首席项清华大学与我校共同研讨创新人才培养大工高性能碳基超级电容器电极材料研究取得新学校召开年校领导班子和领导干部述职述廉走近老教授王天明辉煌的应用数学系核心价值观大工学子投笔从戎从文弱书生郭东明校长到化工与环境生命学部调研国家京剧院走进大工演绎国粹大作第一页内容缓存全文内容缓存根据设置字体大小并初始化按钮请选择投票选项最多允许选项单页阅读分页阅读单页阅读分页阅读控制内容区域的的图片大小并为过大的图片添加查看原图复制网址复制链接成功被浏览器拒绝请在浏览器地址栏输入并回车然后将设置为复制链接成功改变字号小本文地址电话版权所有大连理工大学新闻中心
