http://news.dlut.edu.cn/photo/history/1.shtml
84
147
149
150
152
151
155
154
153
156
157
165
166
16
10
15
155
154
153
156
157
165
166
16
10
15
17
19
20
14
14
大工新闻网大连理工大学搜索文本框文字垂直居中设置用左边距清除原有宣传部站群海燕网星海夜话手机版新闻线索预约采访会员投稿留言板学校要闻综合新闻菁菁校园新闻聚焦校园视点信息预告媒体大工领导论坛大工人物校友之声学术动态大工往事部院风采合作交流专题新闻校园视点信息预告媒体大工领导论坛大工人物校友之声学术动态大工往事部院风采合作交流专题新闻精彩瞬间光影四季人文艺术校史钩沉第一时间大工新闻在你身边专题报道校园文艺校园拍客今日大工大工讲坛关于团队校史故事品学校园文艺校园拍客今日大工大工讲坛关于团队校史故事品学十七点播报广播台新闻节目综艺节目外文节目专题节目广播剧下载首页图片校史钩沉大连理工大学首届杰出校友大连工学院第一届毕业生合影我校建校年功勋教师华人世界第一位普利策奖获得者刘香成眼中的大工建校早期我校部分科学技术研究成果大连工学院建院初期各系负责人建校初期的校园生活及毕业生老馆记忆校史回眸大连工学院的建立我校各个时代的毕业证书校园今昔亲切关怀学校历任党委书记学校历任院校长学校整体规划全景图变迁校史回眸大连大学的筹备和成立历史的脚步图片排行榜面孔校友年度人物榜样大工面孔学术之星面孔他们感动大工组图微瞬间以青春之名共赴运动盛宴在你身边模联十年打开通往世界一扇新窗组图五四青年节我的青春我的团组图赛场上的速度与激情在现场瞬间感动大工在现场梅兰芳以舞蹈之形写京剧之神组图第二届感动大工年度人物心声电话版权所有大连理工大学新闻中心
