http://news.dlut.edu.cn/article/2016/0731/68515.shtml
29
149
146
144
71
167
167
162
162
29
144
146
159
年全国十六所工科重点大学科技工作研讨会召开学校要闻大工新闻网首页新闻图片视频报纸广播首页新闻学校要闻正文年全国十六所工科重点大学科技工作研讨会召开作者王增强娄颖来源宣传部新闻中心科研院时间点击月日至日由清华大学东北大学哈尔滨工业大学天津大学西安交通大学及我校所大学共同主办的年全国十六所工科重点大学科技工作研讨会在大连召开本届研讨会以深化科技综合改革促进区域经济发展为主题来自浙江大学上海交通大学哈尔滨工业大学同济大学等全国所工科重点大学以及北京大学吉林大学复旦大学南开大学厦门大学等所观察员高校的校领导江苏省产业技术研究院代表余名科技管理工作的负责同志及参加研讨会教育部科技司王延觉司长应邀出席会议我校校长郭东明院士副校长宋永臣出席会议会议由我校科学技术研究院常务副院长王博主持郭东明校长在致辞中对参会代表的到来表示欢迎对教育部科技司及兄弟院校长期以来对我校的关心和支持表示感谢他指出当前我国正处在经济社会发展的关键时期面临着前所未有的机遇和挑战国家需要坚实的科学基础和有力的技术支撑高校要义不容辞地担起这份使命和责任郭东明校长指出全国所工科重点大学科技联盟自成立以来始终把握着国家科技发展的脉搏围绕国家重大需求国际科学前沿及工科院校科技发展与管理的核心问题进行深入的讨论和交流既加强了各高校间的交流与合作又促进了各学校科学研究水平的提高和科技管理的进步对我国科研发展产生了积极的促进作用针对高校科学研究的特点郭东明校长就如何协调好学科规划与科技发展的关系谋划好科学技术研究的良性发展机制政策导向和评价机制推动好高校间的协同合作等问题发表见解和思考希望在本次研讨会上与会代表继续发扬传统围绕国家与高校的科技发展积极献言献策共同为建设世界科技强国而奋斗会上教育部科学技术司王延觉司长为大会带来特邀报告就重点研发计划情况科研经费管理科技成果转化双一流和计划等问题展开论述深入分析了国家科技事业的发展态势清华大学中国科技大学同济大学华中科技大学华东理工大学华南理工大学重庆大学西安交通大学等作主题发言介绍了各学校近年来在科研管理工作改革方面的经验与会代表们结合各自学校科技管理工作的实践与经验围绕深化高校科技体制与机制改革研究型大学科技管理职能与架构高校科技成果转移转化高校科技促进区域经济发展等议题展开了讨论和交流会议同时选举产生了全国所工科重点大学科技联盟第九届会长副会长及正副秘书长人选责任编辑姜雪复制网址打印每日推荐郭东明校长会见剑桥大学副校长年全国十六所工科重点大学科技工作研讨会召开学校援助保山市第四届体育运动会龙陵代表团工作正年新任辅导员军训圆满结束心怀报国志东北名企行两学一做重读先烈诗章探访红色印记做新时辽宁日报大连理工援梦专列再次启程大工学子在全国智能车比赛东北区赛中再获佳绩两学一做尊崇党章严守党纪不忘初心做合格党软件学院创新师资聘任方式加强学生实践能力培养推荐视频钱令希诞辰百年纪录片发布预告年月日大工新闻学校隆重举行庆祝中国共产党成立周年大会为梦连理大连理工大学招生宣传片焦点图片毕业季校园里那抹亮色美女毕业生遇见特色学位服毕业季大学四年最遗憾的那些事毕业季最大工难忘凌工路号那件事大工建筑篇一你不得不知道的那些楼排行榜点击钱令希院士百年诞辰学术思想座谈会召开年全国十六所工科重点大学科技工作研讨会郭东明校长会见剑桥大学副校长校党委书记王寒松会见解放军驻瓦房店某部韩向中国核动力研究设计院黄彦平总工程师受聘大工心怀报国志东北名企行大工学子在全国智能车比赛东北区赛中再获佳绩年新任辅导员军训圆满结束学校成立防台防汛领导小组动员部署防台防汛学校援助保山市第四届体育运动会龙陵代表团工第一页内容缓存全文内容缓存根据设置字体大小并初始化按钮请选择投票选项最多允许选项单页阅读分页阅读单页阅读分页阅读控制内容区域的的图片大小并为过大的图片添加查看原图复制网址复制链接成功被浏览器拒绝请在浏览器地址栏输入并回车然后将设置为复制链接成功改变字号小本文地址电话版权所有大连理工大学新闻中心
