http://news.dlut.edu.cn/article/2016/0726/68475.shtml
29
150
148
13
73
167
167
162
162
13
24
164
158
21
大工附校中考成绩再创历史新高综合新闻大工新闻网首页新闻图片视频报纸广播首页新闻综合新闻正文大工附校中考成绩再创历史新高来源宣传部新闻中心时间点击日前年大连市中考成绩揭晓大连理工大学附属学校践行情知教育办学理念坚持高效教学减轻学生负担再创历史性优异成绩学校主校区考生共名最高分分分以上人分以上人分以上人分以上人有名学生分数超过分占考生比例圣克拉校区考生共名最高分分有名学生分数超过分占考生比例主校区升入二十四中育明高中的考生有人达到重点高中省示范高中录取分数线以上的人占考生比例圣克拉校区升入二十四中育明高中的考生有人达到重点高中省示范高中录取分数线以上的人占考生比例责任编辑张平媛复制网址打印每日推荐大工附校中考成绩再创历史新高学校召开研究生培养方案修订工作审定会教育部大连理工大学注重发挥社区文化育人功能大连日报从毕业决心书中传承红色基因两学一做机关党委让手抄党章真正内化于心第届全国青少年教育机器人奥林匹克竞赛在我校举两学一做放假不放松多项举措确保学习教育常能源与动力学院完成新一届党委换届及纪委成立选举组图从首届毕业生毕业决心书中传承红色基体育教学部赴云南龙陵支教团启程推荐视频钱令希诞辰百年纪录片发布预告年月日大工新闻学校隆重举行庆祝中国共产党成立周年大会为梦连理大连理工大学招生宣传片焦点图片毕业季校园里那抹亮色美女毕业生遇见特色学位服毕业季大学四年最遗憾的那些事毕业季最大工难忘凌工路号那件事大工建筑篇一你不得不知道的那些楼排行榜点击从首届毕业生毕业决心书中传承红色基因大连理工大学召开第三十五次学生代表大会群策群力抢抓机遇为大工吸引一流生源郭东明校长会见长兴岛经济区党工委书记杨广志大连理工大学获中国高校计算机大赛团队一等奖校党委书记王寒松在第三十五次学代会开幕式上机械工程学院完成新一届党委换届及纪委成立选我校多部影视作品在中国高校电视奖评选中斩获贯彻落实全面从严治党要求强化政治纪律和政中国地震局工程力学研究所所长孙柏涛受聘我校第一页内容缓存全文内容缓存根据设置字体大小并初始化按钮请选择投票选项最多允许选项单页阅读分页阅读单页阅读分页阅读控制内容区域的的图片大小并为过大的图片添加查看原图复制网址复制链接成功被浏览器拒绝请在浏览器地址栏输入并回车然后将设置为复制链接成功改变字号小本文地址电话版权所有大连理工大学新闻中心
