http://news.dlut.edu.cn/article/yaowen/1.shtml
85
147
149
150
152
151
155
154
153
156
157
165
166
16
10
15
155
154
153
156
157
165
166
16
10
15
17
19
20
14
149
48
50
51
54
52
160
146
144
29
159
158
24
21
164
31
22
163
161
168
48
53
57
55
60
56
58
59
63
100
167
167
162
162
56
63
59
60
58
53
57
55
48
100
学校要闻大工新闻网每日推荐字体大小设置清除背景颜色效果边框清除栏目内容文字居左设置调整宽度是注意对应左边栏文字居左设置导航目录颜色调整设置宣传部站群海燕网星海夜话手机版新闻线索预约采访会员投稿留言板学校要闻综合新闻菁菁校园新闻聚焦校园视点信息预告媒体大工领导论坛大工人物校友之声学术动态大工往事部院风采合作交流专题新闻校园视点信息预告媒体大工领导论坛大工人物校友之声学术动态大工往事部院风采合作交流专题新闻精彩瞬间光影四季人文艺术校史钩沉第一时间大工新闻在你身边专题报道校园文艺校园拍客今日大工大工讲坛关于团队校史故事品学校园文艺校园拍客今日大工大工讲坛关于团队校史故事品学十七点播报广播台新闻节目综艺节目外文节目专题节目广播剧下载首页新闻学校要闻郭东明校长会见白俄罗斯国立大学校长阿布拉缅因科谢尔盖年月日深入学习领会中央省委市委精神要求确保学习教育扎实开展取得实效年月日学校召开党委全委会年月日校长郭东明到基层党支部讲党课年月日美国密歇根大学副校长胡仕新教授应邀作专题报告年月日郭东明校长会见大连公交集团董事长孙明一行年月日大工与中船工业集团签署全面合作协议年月日郭东明校长会见剑桥大学副校长年月日年全国十六所工科重点大学科技工作研讨会召开年月日钱令希院士百年诞辰学术思想座谈会召开年月日校党委书记王寒松会见解放军驻瓦房店某部韩向春大校年月日校党委书记王寒松在第三十五次学代会开幕式上的讲话年月日大连理工大学召开第三十五次学生代表大会年月日贯彻落实全面从严治党要求强化政治纪律和政治规矩年月日郭东明校长会见长兴岛经济区党工委书记杨广志年月日机械工程学院新教学楼开工建设年月日钱令希院士诞辰百年宝贵的精神财富永恒的前行动力年月日年青少年高校科学营大连理工大学分营开营年月日为母校成就自豪助母校实现腾飞年月日切实做好本科招生录取工作为学校选拔优质生源年月日上一页下一页每日推荐郭东明校长会见白俄罗斯国立大学校长阿布拉缅因科我校优秀研究生赴新加坡参加全球青年领袖游学营活两学一做重温历史记忆追寻先进榜样争做合格实践在路上躬行践履念初心筑梦青春再前行党委副书记副校长宋丹率团赴龙陵县调研中澳科学家联合攻关在硅烯研究中取得突破大工学子参加第七届世界大学生领导者研讨会实践在路上齐风鲁韵共连理望煦寻华报国行第七届国际离散元法会议在大工召开光明日报大连理工援梦专列启程推荐视频钱令希诞辰百年纪录片发布预告年月日大工新闻学校隆重举行庆祝中国共产党成立周年大会为梦连理大连理工大学招生宣传片焦点图片毕业季校园里那抹亮色美女毕业生遇见特色学位服毕业季大学四年最遗憾的那些事毕业季最大工难忘凌工路号那件事大工建筑篇一你不得不知道的那些楼排行榜点击中澳科学家联合攻关在硅烯研究中取得突破第七届国际离散元法会议在大工召开实践在路上齐风鲁韵共连理望煦寻华报国党委副书记副校长宋丹率团赴龙陵县调研大工学子参加第七届世界大学生领导者研讨会我校优秀研究生赴新加坡参加全球青年领袖游学两学一做重温历史记忆追寻先进榜样争做实践在路上躬行践履念初心筑梦青春再前郭东明校长会见白俄罗斯国立大学校长阿布拉缅光明日报大连理工援梦专列启程电话版权所有大连理工大学新闻中心
