http://news.dlut.edu.cn/article/ztxw/1.shtml
79
147
149
150
152
151
155
154
153
156
157
165
166
16
10
15
155
154
153
156
157
165
166
16
10
15
17
19
20
14
15
33
36
34
67
33
163
167
167
162
162
145
专题新闻大工新闻网每日推荐字体大小设置清除背景颜色效果边框清除栏目内容文字居左设置调整宽度是注意对应左边栏文字居左设置导航目录颜色调整设置宣传部站群海燕网星海夜话手机版新闻线索预约采访会员投稿留言板学校要闻综合新闻菁菁校园新闻聚焦校园视点信息预告媒体大工领导论坛大工人物校友之声学术动态大工往事部院风采合作交流专题新闻校园视点信息预告媒体大工领导论坛大工人物校友之声学术动态大工往事部院风采合作交流专题新闻精彩瞬间光影四季人文艺术校史钩沉第一时间大工新闻在你身边专题报道校园文艺校园拍客今日大工大工讲坛关于团队校史故事品学校园文艺校园拍客今日大工大工讲坛关于团队校史故事品学十七点播报广播台新闻节目综艺节目外文节目专题节目广播剧下载首页新闻专题新闻建党周年年月日第八届嘉年华年月日钱令希院士诞辰百年年月日建校周年年月日第十三次党代会年月日大工迎新号年月日暑期社会实践年月日大学生创新创业教育年月日缤纷毕业季年月日第七届校园嘉年华年月日春季运动会年月日校庆周年年月日聚焦国际化年月日全员促就业年月日核心价值观年月日迎新专题年月日实践在路上年月日研招进行时年月日缤纷毕业季年月日学风建设年月日上一页下一页每日推荐建党周年王立鼎院士与两岸学子分享科研历程我校论文被计算机视觉及模式识别领域国际顶尖期刊两学一做盘锦校区党工委召开专题二学习研讨会东北新闻网年青少年高校科学营大连理工大央广网大连理工大学位院士指导名少年工程人民网年青少年高校科学营大连理工大学分年青少年高校科学营大连理工大学分营开营为母校成就自豪助母校实现腾飞辽宁日报大工后毕业生梁宇主动申请进藏工推荐视频钱令希诞辰百年纪录片发布预告年月日大工新闻学校隆重举行庆祝中国共产党成立周年大会为梦连理大连理工大学招生宣传片焦点图片毕业季校园里那抹亮色美女毕业生遇见特色学位服毕业季大学四年最遗憾的那些事毕业季最大工难忘凌工路号那件事大工建筑篇一你不得不知道的那些楼排行榜点击校友许宪平调任通用技术集团董事长落实十三五发展规划推动学校发展实现新基建进行时学校基本建设正在加紧推进中大连理工大学校友会新增国际化成员王凤海校友出任大商所党委副书记总经理郭东明校长应邀出席中俄大学校长峰会并作主题加强马克思主义学院建设培养信仰坚定的优秀大连理工大学附属学校举行届学生毕业典礼大连理工大学援梦专列再次启程大工学子获评全国十佳未来水利之星全电话版权所有大连理工大学新闻中心
