http://news.dlut.edu.cn/article/renwu/1.shtml
86
147
149
150
152
151
155
154
153
156
157
165
166
16
10
15
155
154
153
156
157
165
166
16
10
15
17
19
20
14
156
130
125
123
126
131
127
133
134
130
130
21
164
167
167
162
162
31
22
大工人物大工新闻网每日推荐字体大小设置清除背景颜色效果边框清除栏目内容文字居左设置调整宽度是注意对应左边栏文字居左设置导航目录颜色调整设置宣传部站群海燕网星海夜话手机版新闻线索预约采访会员投稿留言板学校要闻综合新闻菁菁校园新闻聚焦校园视点信息预告媒体大工领导论坛大工人物校友之声学术动态大工往事部院风采合作交流专题新闻校园视点信息预告媒体大工领导论坛大工人物校友之声学术动态大工往事部院风采合作交流专题新闻精彩瞬间光影四季人文艺术校史钩沉第一时间大工新闻在你身边专题报道校园文艺校园拍客今日大工大工讲坛关于团队校史故事品学校园文艺校园拍客今日大工大工讲坛关于团队校史故事品学十七点播报广播台新闻节目综艺节目外文节目专题节目广播剧下载首页新闻大工人物大工人物校友篇张阿漫胸怀海洋强国梦年月日大工人物校友篇大工合伙人李欣张生言包嘉会年月日大工人物校友篇陈松执着担当的理工男年月日大工人物校友篇李彬央企高管的简单人生年月日大工人物陈晓晖因为热爱所以坚守年月日大工人物校友篇李吉宝富有情怀和责任感的企业家年月日大工人物校友篇李一勇勇于开拓创新的工程师年月日武春友教授一位让绿色发展成为国家战略的推动者年月日大工人物校友篇朱敏执着科研路一生大工情年月日大工人物校友篇宁忠培大型国企转型中的领路人年月日大工人物校友篇王晓辉淡看荣誉寄情科研年月日孙效里甘作导航灯塔彰显人师本色年月日郑斯宁做学生的知心朋友年月日大工人物校友篇钟英武打造全球化的游戏帝国年月日林皋院士筑科学研究之坝树人才培养丰碑年月日钟万勰院士独复从道以求辛年月日大工人物校友篇李琳创新务实的科研路年月日优秀研究生标兵刘清年华如墨青春忙年月日时兴隆国防生标兵和他的强军梦年月日优秀研究生标兵牛方勇选择远方风雨兼程年月日上一页下一页每日推荐大工人物校友篇张阿漫胸怀海洋强国梦大工人物校友篇张阿漫胸怀海洋强国梦贯彻落实全面从严治党要求强化政治纪律和政治规群策群力抢抓机遇为大工吸引一流生源两学一做践行党的宗旨争当时代先锋两学一做材料学院师生党员认真学习习总书记我校多部影视作品在中国高校电视奖评选中斩获佳绩机械工程学院完成新一届党委换届及纪委成立选举工大连理工大学首个国际学生文化实践基地揭牌郭东明校长会见长兴岛经济区党工委书记杨广志推荐视频钱令希诞辰百年纪录片发布预告年月日大工新闻学校隆重举行庆祝中国共产党成立周年大会为梦连理大连理工大学招生宣传片焦点图片毕业季校园里那抹亮色美女毕业生遇见特色学位服毕业季大学四年最遗憾的那些事毕业季最大工难忘凌工路号那件事大工建筑篇一你不得不知道的那些楼排行榜点击机械工程学院新教学楼开工建设钱令希诞辰百年纪录片发布预告我校论文被计算机视觉及模式识别领域国际顶尖钱令希院士诞辰百年春风化雨润物无声中国工程院院士陈政清受聘大连理工大学兼职教钱令希院士诞辰百年宝贵的精神财富永恒王立鼎院士与两岸学子分享科研历程群策群力抢抓机遇为大工吸引一流生源钱令希院士诞辰百年业精于勤奋功成于坚副校长朱泓率团访问白俄罗斯国立大学推进两校电话版权所有大连理工大学新闻中心
