http://news.dlut.edu.cn/article/xiaoyou/1.shtml
85
147
149
150
152
151
155
154
153
156
157
165
166
16
10
15
155
154
153
156
157
165
166
16
10
15
17
19
20
14
157
124
125
123
128
126
127
129
133
68
124
160
167
167
162
162
160
校友之声大工新闻网每日推荐字体大小设置清除背景颜色效果边框清除栏目内容文字居左设置调整宽度是注意对应左边栏文字居左设置导航目录颜色调整设置宣传部站群海燕网星海夜话手机版新闻线索预约采访会员投稿留言板学校要闻综合新闻菁菁校园新闻聚焦校园视点信息预告媒体大工领导论坛大工人物校友之声学术动态大工往事部院风采合作交流专题新闻校园视点信息预告媒体大工领导论坛大工人物校友之声学术动态大工往事部院风采合作交流专题新闻精彩瞬间光影四季人文艺术校史钩沉第一时间大工新闻在你身边专题报道校园文艺校园拍客今日大工大工讲坛关于团队校史故事品学校园文艺校园拍客今日大工大工讲坛关于团队校史故事品学十七点播报广播台新闻节目综艺节目外文节目专题节目广播剧下载首页新闻校友之声材料级校友返校暨奖学金签约仪式顺利举行年月日大工人物校友篇大工合伙人李欣张生言包嘉会年月日大工人物校友篇陈松执着担当的理工男年月日原管理学院经济系届本科校友毕业十周年重聚母校年月日大工人物校友篇李彬央企高管的简单人生年月日大工人物校友篇李吉宝富有情怀和责任感的企业家年月日校友齐聚返校日共叙情谊游大工年月日大工人物校友篇李一勇勇于开拓创新的工程师年月日化工届校友毕业五十周年返校年月日大工人物校友篇朱敏执着科研路一生大工情年月日大工人物校友篇宁忠培大型国企转型中的领路人年月日大工人物校友篇王晓辉淡看荣誉寄情科研年月日建设工程学部启动校友导师计划聘任优秀校友担任学生导师年月日运载学部举办校友之声主题座谈会年月日大工人物校友篇钟英武打造全球化的游戏帝国年月日重学术兴科研校友助力促发展年月日大工人物校友篇李琳创新务实的科研路年月日学校与迈克集团联手设立出口时代双创实践教学基金年月日企业家校友联盟大连区举行校企合作交流会年月日武春友教育基金再获捐赠年月日上一页下一页每日推荐建设工程学部张鑫旺获学生竞赛团体第一名材料级校友返校暨奖学金签约仪式顺利举行海洋能源利用与节能教育部重点实验室召开学委会会我校再获辽宁省大学生电子设计竞赛最高奖杯实践在路上躬身企业行笃志中国梦全国人工环境相关学科博士生导师研讨会在我校召开我校在耐酸沸石膜微观结构的设计与调控研究取得新实践在路上怀报国之志行实践之路做合格党郭东明校长会见大连公交集团董事长孙明一行罗均炎同志逝世推荐视频钱令希诞辰百年纪录片发布预告年月日大工新闻学校隆重举行庆祝中国共产党成立周年大会为梦连理大连理工大学招生宣传片焦点图片毕业季校园里那抹亮色美女毕业生遇见特色学位服毕业季大学四年最遗憾的那些事毕业季最大工难忘凌工路号那件事大工建筑篇一你不得不知道的那些楼排行榜点击罗均炎同志逝世给科研人员松绑加油中办国办印发关于进一步完善中央财政科研郭东明校长会见大连公交集团董事长孙明一行我校在构建高性能锂离子电池负极材料研究取得学校组织召开科技成果研讨会大工代表队勇夺全国电子商务三创赛总决赛实践在路上赴渝见证传统制造业老树发新实践在路上走进企业长才干扬帆起航京津新兴电子商务的信息与物流管理教育部创新电话版权所有大连理工大学新闻中心
