http://news.dlut.edu.cn/article/2016/0721/68328.shtml
27
149
24
167
167
162
162
31
22
164
校党委书记王寒松在第三十五次学代会开幕式上的讲话学校要闻大工新闻网首页新闻图片视频报纸广播首页新闻学校要闻正文校党委书记王寒松在第三十五次学代会开幕式上的讲话时间点击在大连理工大学第三十五次学代会开幕式上的讲话校党委书记王寒松年月日尊敬的张延松书记各位来宾各位代表同学们今天大连理工大学第三十五次学生代表大会胜利开幕了这是我校学生政治生活中的一件大事也是学校的一件大事在此我代表学校党委向大会的召开和即将选举产生的新一届学生会表示热烈祝贺向全体与会代表并通过你们向广大同学致以亲切问候刚才团市委张延松书记作了精彩讲话徐宝路同学将代表第三十四届学生会作工作报告大家要认真学习贯彻上次学代会以来学校各级学生会组织在校党委和市学联的领导下在校团委的具体指导下紧密围绕学校中心工作积极探索紧扣时代特征具有大工特色契合学生特点的工作新思路在引领大学生坚定不移跟党走服从学校人才培养大局扎实做好学生工作等方面开展了大量卓有成效的工作很好地体现了学生会组织自我教育自我管理自我服务的重要功能在促进学校改革发展服务学生成长中发挥了重要作用在此我代表学校党委对各级学生会和广大学生干部给予充分肯定各位代表同学们党的事业离不开青年的奋斗青年的成长更离不开党的引导中国共产党从诞生之日起就同广大青年紧密联系建党年来我们党取得的所有成就都凝聚着青年的热情和奉献我们党也始终高度重视青年关怀青年信任青年毛泽东邓小平江泽民胡锦涛等都对青年提出了殷切期望党的十八大以来习近平总书记每年都参加相关活动或与青年交流对青年提出期望和要求多次强调青年一代有理想有担当国家就有前途民族就有希望去年中央召开党的群团工作会议提出要加强和改进党的群团工作把青年生力军的作用充分发挥出来不久前在庆祝中国共产党成立周年大会上习近平总书记向广大青年提出要深刻了解近代以来中国人民和中华民族不懈奋斗的光荣历史和伟大历程坚定不移跟着中国共产党走勇做走在时代前列的奋进者开拓者奉献者要让青春在为祖国为人民为民族的奉献中焕发出绚丽的光彩这是党在新时期对青年的要求是当代青年的使命作为我们党在新中国成立前夕亲手创办的第一所新型正规大学大工与新中国在崇高理想科学精神和价值理念上具有深度融合与共鸣表现为担当兴校强国使命的历史自觉坚定不移跟党走的政治自觉为国为民的行动自觉传承民族精神血脉的文化自觉这是大工特有的红色基因也是一代代大工人砥砺前行的精神根基大工的历史和未来由广大青年学生参与创造大工的价值与地位更是由广大青年学生对社会的贡献参与提升你们是大工今天的主体更是大工未来的希望长期以来学校党委和各级党组织高度重视学生工作始终把立德树人作为根本任务特别是党的十八大以来党委以习近平总书记系列重要讲话精神为指导贯彻落实党的群团工作会议精神加强对学生会工作的领导实施大学生思想引领工程教育和帮助广大青年学生树立理想锤炼品格求索新知提升能力全面发展借此机会我代表学校党委向全校青年学生发出号召要认真学习贯彻习近平总书记系列重要讲话精神自觉传承大工红色基因切实肩负起时代赋予的神圣使命在建设特色鲜明的世界一流大学实践中成长成才为实现中华民族伟大复兴的中国梦不懈奋斗一传承红色基因就要志存高远在坚定不移跟党走的政治自觉中找准人生航向青年要对理想和未来有所思考马克思早在中学毕业论文中就表达了为人类服务的崇高理想李大钊陈独秀等为中华民族的复兴积极传播马克思主义影响和带动了毛泽东周恩来李达邓中夏蔡和森等一批青年才俊创立中国共产党建党初期张太雷恽代英任弼时关向应等在党的领导下建立和发展了共青团团结带领青年发挥重要作用无论是浴血奋战的革命年代还是激情燃烧的建设时期无论是逐浪改革开放的大潮还是投身全面建设小康社会的伟大事业胸怀理想热血沸腾的青年始终自觉自愿地与祖国同呼吸共命运齐奋进为祖国的建设改革和发展贡献了青春智慧和力量回想创校之初王大珩毕德显李士豪郭可讱等一批有志的高级人才抱着投奔共产党建设新中国的满腔热情秘密辗转香港平壤来到大连为大工的发展为新中国的建设作出了卓越贡献年来一代代大工人志存高远坚定不移跟党走为国家和民族的事业作出了巨大贡献这就是大工红色基因的生动体现当前我们党正领导全国人民进行具有许多新的历史特点的伟大斗争实现中华民族伟大复兴的中国梦需要一代又一代有志青年坚定不移跟党走在为中国梦的不懈奋进中找准人生航向这是对中国青年运动时代主题的深刻把握也是对大工红色基因的传承与发扬广大青年学生一定要深刻铭记绝不动摇二传承红色基因就要担当使命在兴校强国的历史自觉中贡献青春力量青年学生所具有的高度政治觉悟体现为一种生逢其时责任重大时不我待的历史使命感面对列强的侵略康有为梁启超等人组织千名举人公车上书这是中国维新思想和青年知识分子参与国家政治生活的滥觞在巴黎和会丧权辱国的危难时刻广大青年学生又成为五四运动的生力军翻开了中国新民主主义革命的篇章在抗日战争时期大批爱国青年从海内外寻迹延安主动扛起救亡图存的使命担当使命担当也是大工的红色基因年春受国家经济困难粮食短缺影响学校主楼建设项目被迫停工大工学子毅然扛起兴校强国的重任历经天的艰苦奋斗完成了亲手建设主楼的传奇前不久学校档案馆展出了首届毕业生的毕业决心书老一辈大工学子李连九在决心书中写到我将愉快地走上工作岗位尽我毕生精力使我们的最高理想共产主义早日实现哪怕只缩短了一秒钟今年新一代大工学子国防生梁宇在毕业之际郑重向组织提交申请我志愿申请去往新疆西藏等边远地区工作扎根基层卫国戍边恳请组织批准现在梁宇同学已到西藏戍边从亲手建设主楼到毕业决心书毕业申请书大工学子用行动诠释着担当兴校强国使命的红色基因广大青年学生一定要继续传承这种红色基因紧跟时代肩负使命锐意进取把自身的前途命运同国家和民族的前途命运紧紧联系在一起在兴校强国中贡献青春力量三传承红色基因就要善于积累在传承民族精神血脉的文化自觉中成长进步梦想从学习开始事业靠本领成就青年学生正处在人生成长的黄金时期要积累厚实学识基础不断提高自身素质和能力要牢牢把握坚决贯彻中央要求不断加强政治学习特别要学习贯彻习近平总书记系列重要讲话中对青年的要求坚定中国特色社会主义道路自信理论自信制度自信文化自信要牢牢把握紧密结合事业发展实际刻苦学习专业知识不断拓宽视野增强解决实际问题的能力任何一次民族复兴从本质上讲都是民族文化的复兴广大青年学生要坚持马克思主义的指导地位在纷繁复杂的文化思潮中辨识主流与支流区分先进与落后划清积极与消极有力批判和抵制各种错误思潮自觉成为优秀文化传统的传承者社会主义核心价值观的践行者建校年来大工不断凝练形成了团结进取求实创新的优良校风勤奋严谨求实创新的优良学风以海纳百川自强不息厚德笃学知行合一为基本特征的大工传统和精神这是大工自觉传承民族精神血脉的红色基因是大工不断前行的精神动力正是秉承这种传统和精神一代代大工人潜心学术科研创造了新中国历史上诸多科技第一广大青年学生要传承这种红色基因长期坚持对知识的渴望坚持对先进文化的追求不断地学习积累精进真正让自己的素质和能力能够跟上时代适应时代领先时代四传承红色基因就要刻苦锻炼在为国为民的行动自觉中淬炼品格时代的发展永无止境青年学生的成长磨砺就永无止境认识真理实践真理的过程就永无止境毛泽东同志在实践论中特别强调了实践及其在认识过程中的地位和作用指出真理的标准只能是社会的实践周恩来同志在天津南开学校读书时曾撰写自勉联与有肝胆人共事从无字句处读书并以此作为为人处事的准则特别是从无字句处读书更发人深省习近平总书记也告诫青年要多读无字之书空谈误国实干兴邦这些都启示我们凡事要从实际出发注重学习人生经验和社会知识才能更好服务国家服务人民大工在创校之初便确立了培养为人民服务从事新中国建设事业之科学专门人才的办学宗旨为国为民始终是大工的红色基因我们的老校长钱令希院士曾手录钱氏家训其中谈到一句话我今天引用与大家共勉利在一身勿谋也利在天下必谋之利在一时固谋也利在万世者更谋之正是秉承这种信念钱令希院士一生献身科教作出了卓越贡献建校年来一代代大工人坚持在办学实践中不断探索教育事业的内在规律为党的教育事业积累了宝贵的理论与实践经验一代代大工人坚持教学科研与经济社会需求相结合在为国为民的实践中培养了一大批治国栋梁学术大师和兴业英才产出了一大批直接转化为生产力的科研成果广大青年学生要传承这种红色基因把对知识的理性认识投入到改革开放和社会主义现代化建设的大熔炉中接受检验用勤劳的双手一流的业绩成就属于自己的人生精彩各位代表同学们青年工作是党的事业的重要组成部分和重要基础各级学生会组织要自觉把自己置于党的领导之下引导广大青年学生听党话跟党走坚定正确的政治方向激发广大青年学生为实现中国梦接续奋斗的动能要加强自身建设围绕学校中心工作起好桥梁纽带作用团结带领广大青年学生为一流大学建设凝聚青春力量要以服务学生为根本代表广大学生的整体利益和长远利益切实增强在学生中的威信和感召力广大学生干部要强化作风建设我们党的大量领导人才和国家建设人才都有过担任学生干部的成长经历你们要珍惜这个锻炼的机会决不能脱离学生要深入到学生中去做学生欢迎的带头人学校各级党组织各部门和共青团组织要贯彻落实中央党的群团工作会议精神围绕立德树人这一根本任务高度重视学生会工作各级党组织要切实加强和改进对学生会的领导增强党对青年的凝聚力和青年对党的向心力各部门要把促进学生成长成才作为一切工作的出发点和落脚点加强同学生会的联系主动关注学生需求及时回应学生关切认真倾听学生建议做好各项服务保障形成工作合力共青团组织要加强对学生会的指导积极探索新形势下加强学生会工作的新思路和新举措努力开创学生会工作新局面各位代表同学们习近平总书记指出只有与历史同步伐与时代共命运的人才能赢得光明的未来你们是祖国的未来民族的希望也是我们党的未来和希望是学校的未来和希望你们身上肩负着党和人民以及学校寄予的深切期望希望你们传承大工的红色基因勇挑重担锐意进取不辱使命为学校建设一流大学为中华民族伟大复兴努力谱写青春的精彩篇章最后预祝大会圆满成功谢谢大家责任编辑龙海波相关阅读复制网址打印每日推荐校党委书记王寒松在第三十五次学代会开幕式上的讲大连理工大学召开第三十五次学生代表大会大连理工大学获中国高校计算机大赛团队一等奖大工教师获全国水利学科青年教师讲课竞赛特等奖石墨烯基功能材料的结构和性能调控研究取得新进展卓越联盟高校聚首大工交流研讨通识教育大连日报所在连高校公布一本投档线中国网大连理工等所在连高校录取分数线出炉大连晚报九所在连高校一本投档线出炉半岛晨报在连所高校录取分数线出炉推荐视频钱令希诞辰百年纪录片发布预告年月日大工新闻学校隆重举行庆祝中国共产党成立周年大会为梦连理大连理工大学招生宣传片焦点图片毕业季校园里那抹亮色美女毕业生遇见特色学位服毕业季大学四年最遗憾的那些事毕业季最大工难忘凌工路号那件事大工建筑篇一你不得不知道的那些楼排行榜点击机械工程学院新教学楼开工建设钱令希诞辰百年纪录片发布预告中国工程院院士陈政清受聘大连理工大学兼职教钱令希院士诞辰百年春风化雨润物无声钱令希院士诞辰百年宝贵的精神财富永恒群策群力抢抓机遇为大工吸引一流生源机械工程学院完成新一届党委换届及纪委成立选郭东明校长会见长兴岛经济区党工委书记杨广志我校多部影视作品在中国高校电视奖评选中斩获钱令希院士诞辰百年业精于勤奋功成于坚第一页内容缓存全文内容缓存根据设置字体大小并初始化按钮请选择投票选项最多允许选项单页阅读分页阅读单页阅读分页阅读控制内容区域的的图片大小并为过大的图片添加查看原图复制网址复制链接成功被浏览器拒绝请在浏览器地址栏输入并回车然后将设置为复制链接成功改变字号小本文地址电话版权所有大连理工大学新闻中心
