http://news.dlut.edu.cn/article/byfc/1.shtml
85
147
149
150
152
151
155
154
153
156
157
165
166
16
10
15
155
154
153
156
157
165
166
16
10
15
17
19
20
14
16
47
45
43
41
40
46
71
47
45
43
29
159
167
167
162
162
13
148
部院风采大工新闻网每日推荐字体大小设置清除背景颜色效果边框清除栏目内容文字居左设置调整宽度是注意对应左边栏文字居左设置导航目录颜色调整设置宣传部站群海燕网星海夜话手机版新闻线索预约采访会员投稿留言板学校要闻综合新闻菁菁校园新闻聚焦校园视点信息预告媒体大工领导论坛大工人物校友之声学术动态大工往事部院风采合作交流专题新闻校园视点信息预告媒体大工领导论坛大工人物校友之声学术动态大工往事部院风采合作交流专题新闻精彩瞬间光影四季人文艺术校史钩沉第一时间大工新闻在你身边专题报道校园文艺校园拍客今日大工大工讲坛关于团队校史故事品学校园文艺校园拍客今日大工大工讲坛关于团队校史故事品学十七点播报广播台新闻节目综艺节目外文节目专题节目广播剧下载首页新闻部院风采两学一做远教院领导班子带头学与做扎实推进学习教育开展年月日教务处召开实验室会议强化经费规范管理和使用年月日两学一做人文学部领导班子开展中国共产党问责条例专题学习年月日两学一做建工材料师生党员参观大连市委两学一做学习教育展览年月日管理与经济学部召开全体教职工大会暨期末工作总结大会年月日管经学部召开第二次党员代表大会年月日两学一做四个推动学习教育见实效年月日两学一做建设工程学部党委学习中心组召开专题三学习会年月日两学一做数学学院领导班子专题学习党委会的工作方法年月日两学一做践行党的宗旨争当时代先锋年月日两学一做材料学院师生党员认真学习习总书记七一重要讲话年月日两学一做建艺学院党委举行专题三集中学习讨论年月日两学一做学先进争做先进年月日两学一做喜看变化畅谈发展年月日两学一做化环生教工党支部开展特色党日活动年月日两学一做不忘初心砥砺前行实干担当促进电信学部发展年月日两学一做电信学部自动化教工党支部开展讲规矩守纪律学习研讨年月日两学一做建工学部交通学院师生党员开展导师带我学理论专题学习会年月日两学一做检验学习效果争做合格党员年月日两学一做运载机关第二党支部以考试检验学习效果年月日上一页下一页每日推荐大工学子在全国智能车比赛东北区赛中再获佳绩两学一做尊崇党章严守党纪不忘初心做合格党软件学院创新师资聘任方式加强学生实践能力培养两学一做远教院领导班子带头学与做扎南华大学教学督导团团长朱惠延教授一行访问我校民进全国省级组织宣传干部培训班在我校开班教务处召开实验室会议强化经费规范管理和使用两学一做人文学部领导班子开展中国共产党问钱令希院士百年诞辰学术思想座谈会召开校党委书记王寒松会见解放军驻瓦房店某部韩向春大推荐视频钱令希诞辰百年纪录片发布预告年月日大工新闻学校隆重举行庆祝中国共产党成立周年大会为梦连理大连理工大学招生宣传片焦点图片毕业季校园里那抹亮色美女毕业生遇见特色学位服毕业季大学四年最遗憾的那些事毕业季最大工难忘凌工路号那件事大工建筑篇一你不得不知道的那些楼排行榜点击从首届毕业生毕业决心书中传承红色基因大工附校中考成绩再创历史新高学校召开一级博士学位授权点合格评估校内评审大连理工大学应邀赴美参加微软研究院高峰论中国核动力研究设计院黄彦平总工程师受聘大工洪晓楠教授被聘为教育部高校思想政治理论课教软件学子挺进大型机世界杯竞赛全球前学校召开学科建设专项座谈会大连理工大学与大连海洋大学签署联合人才培养学校召开新一届本科生奖学金评审委员会第一次电话版权所有大连理工大学新闻中心
