http://news.dlut.edu.cn/article/yaowen/3.shtml
86
147
149
150
152
151
155
154
153
156
157
165
166
16
10
15
155
154
153
156
157
165
166
16
10
15
17
19
20
14
149
149
168
48
53
57
55
60
56
58
59
63
100
167
167
162
162
56
63
59
60
58
53
57
55
48
100
学校要闻大工新闻网每日推荐字体大小设置清除背景颜色效果边框清除栏目内容文字居左设置调整宽度是注意对应左边栏文字居左设置导航目录颜色调整设置宣传部站群海燕网星海夜话手机版新闻线索预约采访会员投稿留言板学校要闻综合新闻菁菁校园新闻聚焦校园视点信息预告媒体大工领导论坛大工人物校友之声学术动态大工往事部院风采合作交流专题新闻校园视点信息预告媒体大工领导论坛大工人物校友之声学术动态大工往事部院风采合作交流专题新闻精彩瞬间光影四季人文艺术校史钩沉第一时间大工新闻在你身边专题报道校园文艺校园拍客今日大工大工讲坛关于团队校史故事品学校园文艺校园拍客今日大工大工讲坛关于团队校史故事品学十七点播报广播台新闻节目综艺节目外文节目专题节目广播剧下载首页新闻学校要闻学校领导与毕业生共进午餐情浓意切送祝福年月日做有价值的人创造无愧于时代的人生年月日大连理工大学届毕业典礼暨学位授予仪式隆重举行年月日郭东明校长会见国家留学基金委秘书长刘京辉年月日中国科学院院士赵东元教授受聘我校兼职教授年月日我校四个专业接受全国工程教育专业认证现场考查年月日做学习遵守党章的模范做严守党规党纪的表率年月日紧抓机遇直面挑战统筹推进学校双一流建设年月日大连理工大学首届校友返校日圆满举行年月日教育部创新创业总结宣传工作调研组来校开展调研年月日扎实推进求实效注重摸索出特色以两学一做学习教育为契机加强党的功能建设年月日学习贯彻习近平总书记讲话精神推动大工哲学社会科学繁荣发展年月日校长郭东明参加所在党支部两学一做学习教育专题组织生活会年月日郭东明校长会见科技部基础司副司长郭志伟一行年月日校党委书记王寒松参加所在党支部两学一做学习教育专题组织生活会年月日教育部专项检查组来校检查基本建设规范化管理工作年月日名古屋大学松尾清一校长率团来访年月日校党委书记王寒松一行到盘锦校区调研年月日校党委书记王寒松一行到开发区校区调研年月日学校召开两学一做学习教育基层党组织负责人培训工作会年月日上一页下一页每日推荐郭东明校长会见白俄罗斯国立大学校长阿布拉缅因科我校优秀研究生赴新加坡参加全球青年领袖游学营活两学一做重温历史记忆追寻先进榜样争做合格实践在路上躬行践履念初心筑梦青春再前行党委副书记副校长宋丹率团赴龙陵县调研中澳科学家联合攻关在硅烯研究中取得突破大工学子参加第七届世界大学生领导者研讨会实践在路上齐风鲁韵共连理望煦寻华报国行第七届国际离散元法会议在大工召开光明日报大连理工援梦专列启程推荐视频钱令希诞辰百年纪录片发布预告年月日大工新闻学校隆重举行庆祝中国共产党成立周年大会为梦连理大连理工大学招生宣传片焦点图片毕业季校园里那抹亮色美女毕业生遇见特色学位服毕业季大学四年最遗憾的那些事毕业季最大工难忘凌工路号那件事大工建筑篇一你不得不知道的那些楼排行榜点击中澳科学家联合攻关在硅烯研究中取得突破第七届国际离散元法会议在大工召开实践在路上齐风鲁韵共连理望煦寻华报国党委副书记副校长宋丹率团赴龙陵县调研大工学子参加第七届世界大学生领导者研讨会我校优秀研究生赴新加坡参加全球青年领袖游学两学一做重温历史记忆追寻先进榜样争做实践在路上躬行践履念初心筑梦青春再前郭东明校长会见白俄罗斯国立大学校长阿布拉缅光明日报大连理工援梦专列启程电话版权所有大连理工大学新闻中心
