http://news.dlut.edu.cn/photo/2013/0715/49813.shtml
47
162
13
13
110
110
111
111
117
117
112
112
大工建筑篇一你不得不知道的那些楼大工新闻网首页新闻图片视频报纸广播首页图片光影四季组图大工建筑篇一你不得不知道的那些楼点击来源宣传部新闻中心在大工生活每天我们都穿梭于不同的楼宇之间大工建筑它们陪伴着一代又一代大工人的成长见证着大工的发展和变化它们是我们的大工记忆也是大工人的牵挂在大工有些楼是你不得不知道的而它们的某个侧详细在大工生活每天我们都穿梭于不同的楼宇之间大工建筑它们陪伴着一代又一代大工人的成长见证着大工的发展和变化它们是我们的大工记忆也是大工人的牵挂在大工有些楼是你不得不知道的而它们的某个侧面却不一定是你留意的在大工植物园篇之后新闻网推出大工建筑篇继续寻找那些我们最熟悉最不能割舍的大工情怀寻找我们大工人才懂得的最大工收起分享到全部图片查看原图南门摄影应旭永下一张上一张图片全部列出幻灯片精选从首届毕业生毕业决心书中传承红色基因组图心声师生热议习总书记建党周年讲话面孔优秀共产党员党务工作者掠影大工欢迎你你的大工你定义毕业晚会散场离歌时却难说再见我们毕业了已经是第一张了电话版权所有大连理工大学新闻中心
