http://news.dlut.edu.cn/article/2016/0713/67893.shtml
28
149
31
167
167
162
162
163
22
31
年青少年高校科学营大连理工大学分营开营学校要闻大工新闻网首页新闻图片视频报纸广播首页新闻学校要闻正文年青少年高校科学营大连理工大学分营开营作者姜雪来源宣传部新闻中心时间点击原创三维精准投影秀梦立方智能机器人小互动解说秀前沿新奇的科技演示拉开了年青少年高校科学营大连理工大学分营的序幕月日上午开营仪式在伯川图书馆报告厅举行来自个省市地区重点高中的名青少年为实现科技强国的梦想齐聚大工一同走进大学殿堂感受科学魅力共同开启以少年工程师计划为主题的科学营活动校长郭东明党委副书记副校长宋丹中国工程院院士王众托教授辽宁省教育厅副厅长王庆东中国科协青少年科技中心院校合作处副处长范体宇以及辽宁省教育厅省科协大连市科协市科技馆大船集团相关负责人科学营全体营员及随队教师出席开营仪式中国科学院院士钟万勰程耿东林皋中国工程院院士蹇锡高通过视频连线寄语勉励科学营营员勇担时代责任做时代梦想的践行者用科学梦描绘中国梦会上校长郭东明辽宁省教育厅副厅长王庆东共同启动了本届科学营党委副书记副校长宋丹与中国科协青少年科技中心院校合作处副处长范体宇交接营旗并向营员代表授旗郭东明校长在致辞中代表学校欢迎来自五湖四海的青少年同学希望营员们通过此次科学营之旅走近科学感悟科学更多地了解大学体验大学在丰富多彩的科学营活动中增长知识收获成长要始终保持对知识的虔诚追求不断培植发现和探索乐趣成为一个有学识有思想有境界有抱负有责任感的人成为一个对国家对社会对人类有所贡献的人郭东明校长欢迎青年学子与大工结缘希望大家将来能够成为大工优秀的学子和杰出的校友王庆东对各位老师和营员的到来表示欢迎并对我校领导教师以及志愿者们表示感谢希望营员们珍惜机会把惊奇当成科学的种子把探索当成科学的天职把勇敢当成科学的伴侣把勤奋当成科学的天梯充分领略科学魅力深刻感悟大工精神勇敢绽放青春活力纵情追逐科技梦想香港沙田官立中学孟繁滢作为营员代表发言表示将珍惜此次科学营机会努力吸取知识增广见闻提高科学素养将来学以致用报效祖国开营仪式后已岁高龄的中国工程院院士王众托教授为营员们开授少年工程师计划第一课迎接创新挑战实现强国梦想据悉我校作为全国首批参与高校自年至今已连续开展届科学营活动累计接待了来自全国各地个省市地区的名高中生此次我校作为年青少年高校科学营辽宁分营承办高校之一共接收营员人来自香港特别行政区辽宁省吉林省黑龙江省河南省安徽省江苏省重庆市天津市个省市地区期间营员们将经历七天以少年工程师计划为主题的精彩旅程包括激活计划谱写未来序曲大师计划巡礼大学殿堂加速计划放飞海天梦想建造计划探秘超级工程睿智计划鏖战创客之巅吸引计划畅游浪漫滨城惜别计划珍藏感动瞬间营员们将参观我校国家重点实验室创新创业学院校史馆图书馆与我校院士知名教授面对面交流聆听科技讲座进入实验室亲自动手体验科技奥秘开展动手能力竞赛等一系列丰富多彩的科技活动同时他们还将参观大船集团星海湾跨海大桥等感受科学技术给滨城大连带来的独特魅力责任编辑侯庆敏复制网址打印每日推荐东北新闻网宝贵的精神财富永恒的前行动力人民网钱令希院士百年诞辰纪念展揭幕仪式举行机械工程学院新教学楼开工建设钱令希院士诞辰百年让钱令希精神鼓舞我们继续民盟河南省高校基层组织负责人研修班在我校开班央广网钱令希精神鼓舞大连理工大学师生继续央广网宝贵的精神财富永恒的前行动力挖掘档案资源传承红色基因大连日报大连理工大学导师带我学理论大连日报坚定四个自信开创辉煌未来推荐视频钱令希诞辰百年纪录片发布预告年月日大工新闻学校隆重举行庆祝中国共产党成立周年大会为梦连理大连理工大学招生宣传片焦点图片毕业季校园里那抹亮色美女毕业生遇见特色学位服毕业季大学四年最遗憾的那些事毕业季最大工难忘凌工路号那件事大工建筑篇一你不得不知道的那些楼排行榜点击为母校成就自豪助母校实现腾飞年青少年高校科学营大连理工大学分营开营切实做好本科招生录取工作为学校选拔优质生钱令希诞辰百年纪录片发布预告我校论文被计算机视觉及模式识别领域国际顶尖钱令希院士诞辰百年春风化雨润物无声王立鼎院士与两岸学子分享科研历程中国工程院院士陈政清受聘大连理工大学兼职教钱令希院士诞辰百年宝贵的精神财富永恒机械工程学院新教学楼开工建设第一页内容缓存全文内容缓存根据设置字体大小并初始化按钮请选择投票选项最多允许选项单页阅读分页阅读单页阅读分页阅读控制内容区域的的图片大小并为过大的图片添加查看原图复制网址复制链接成功被浏览器拒绝请在浏览器地址栏输入并回车然后将设置为复制链接成功改变字号小本文地址电话版权所有大连理工大学新闻中心
