http://news.dlut.edu.cn/article/2016/0719/68263.shtml
28
149
164
31
167
167
162
162
163
31
22
郭东明校长会见长兴岛经济区党工委书记杨广志学校要闻大工新闻网首页新闻图片视频报纸广播首页新闻学校要闻正文郭东明校长会见长兴岛经济区党工委书记杨广志作者姜雪来源宣传部新闻中心时间点击月日下午校长郭东明在国际会议中心贵宾室会见来访我校的大连长兴岛经济区党工委书记管委会主任杨广志一行双方就促进精细化工领域深度合作推动辽宁省精细化工产业共性技术创新平台建设等进行商讨科学技术研究院精细化工国家重点实验室负责人陪同会见郭东明校长在会见时感谢长兴岛经济区对辽宁省精细化工产业共性技术创新平台建设给予的大力支持表示学校将充分发挥化工基础研究领域优势依托辽宁省精细化工产业共性技术创新平台为服务辽宁地方产业发展推动石化产业的结构调整转型升级助推长兴岛国家级石油产业基地建设作出更多贡献杨广志主任表示长兴岛经济区非常重视辽宁省精细化工产业共性技术创新平台的建设将为平台建设提供全力支持希望通过校地共建能够将该平台打造成国家一流的产业共性技术创新平台并形成一条产学研合作的特色路径同时希望今后双方在已有合作基础上达成更深入全面的合作会后杨广志一行与我校科学技术研究院精细化工国家重点实验室以及拟入驻辽宁省精细化工产业共性技术创新平台的中试项目负责人进行交流并就平台中试基地大楼的交付专项配套支持政策的落实等问题给予现场解决据悉首批将有激光彩色打印彩粉新型药物合成绿色高效农用化学品高效复合阻燃材料等个项目入驻中试基地辽宁省精细化工产业共性技术创新平台是由我校牵头建设联合了沈阳化工研究院沈阳化工大学整合了盘锦北方华锦辽阳奥克大连福思达鞍山七彩化学等全省多家精细化工龙头企业面向石油煤焦油原料深加工硼镁氟化工产品精细化工清洁制备技术等产业领域开展关键共性技术和重大产学研合作项目的精细化工研发创新平台年月我校与大连长兴岛经济区管理委员会签订了全面合作协议和共建辽宁省精细化工共性技术创新平台协议责任编辑侯庆敏复制网址打印每日推荐郭东明校长会见长兴岛经济区党工委书记杨广志光明网钱令希院士献身科教效春蚕岂容华发东北新闻网钱令希传略东北新闻网宝贵的精神财富永恒的前行动力人民网钱令希院士百年诞辰纪念展揭幕仪式举行机械工程学院新教学楼开工建设钱令希院士诞辰百年让钱令希精神鼓舞我们继续民盟河南省高校基层组织负责人研修班在我校开班央广网钱令希精神鼓舞大连理工大学师生继续央广网宝贵的精神财富永恒的前行动力推荐视频钱令希诞辰百年纪录片发布预告年月日大工新闻学校隆重举行庆祝中国共产党成立周年大会为梦连理大连理工大学招生宣传片焦点图片毕业季校园里那抹亮色美女毕业生遇见特色学位服毕业季大学四年最遗憾的那些事毕业季最大工难忘凌工路号那件事大工建筑篇一你不得不知道的那些楼排行榜点击为母校成就自豪助母校实现腾飞年青少年高校科学营大连理工大学分营开营切实做好本科招生录取工作为学校选拔优质生钱令希诞辰百年纪录片发布预告我校论文被计算机视觉及模式识别领域国际顶尖钱令希院士诞辰百年春风化雨润物无声机械工程学院新教学楼开工建设中国工程院院士陈政清受聘大连理工大学兼职教王立鼎院士与两岸学子分享科研历程钱令希院士诞辰百年宝贵的精神财富永恒第一页内容缓存全文内容缓存根据设置字体大小并初始化按钮请选择投票选项最多允许选项单页阅读分页阅读单页阅读分页阅读控制内容区域的的图片大小并为过大的图片添加查看原图复制网址复制链接成功被浏览器拒绝请在浏览器地址栏输入并回车然后将设置为复制链接成功改变字号小本文地址电话版权所有大连理工大学新闻中心
