http://news.dlut.edu.cn/article/yuanchuang/1.shtml
82
147
149
150
152
151
155
154
153
156
157
165
166
16
10
15
155
154
153
156
157
165
166
16
10
15
17
19
20
14
166
132
140
135
136
139
137
141
138
113
167
167
162
162
117
112
143
113
大工往事大工新闻网每日推荐字体大小设置清除背景颜色效果边框清除栏目内容文字居左设置调整宽度是注意对应左边栏文字居左设置导航目录颜色调整设置宣传部站群海燕网星海夜话手机版新闻线索预约采访会员投稿留言板学校要闻综合新闻菁菁校园新闻聚焦校园视点信息预告媒体大工领导论坛大工人物校友之声学术动态大工往事部院风采合作交流专题新闻校园视点信息预告媒体大工领导论坛大工人物校友之声学术动态大工往事部院风采合作交流专题新闻精彩瞬间光影四季人文艺术校史钩沉第一时间大工新闻在你身边专题报道校园文艺校园拍客今日大工大工讲坛关于团队校史故事品学校园文艺校园拍客今日大工大工讲坛关于团队校史故事品学十七点播报广播台新闻节目综艺节目外文节目专题节目广播剧下载首页新闻大工往事走近老教授张丽美英语系创建团队的普通一兵年月日走近老教授李阳春两个历史性事件年月日走近老教授蒋中权中国工业科技管理大连培训中心年月日走近老教授周玉凤由教材的变迁看数学系的发展年月日走近老教授王天明辉煌的应用数学系年月日走近老教授陈方培在历史风云中艰难重建的物理系年月日走近老教授冯锡钰第一代师资力量从学生中选拔年月日走近老教授王少新船舶系在创新实践中大发展年月日走近老教授于泽源电子信息学科从弱到强的风雨历程年月日走近老教授崔恩礼电子系那段边学边教的初创岁月年月日走近老教授李林普为我国海洋石油开发作贡献年月日走近老教授李树范在开拓精神中砺炼出的造船系年月日走近老教授齐良光辉的历程先驱的足迹年月日走近老教授李彦硕不平凡的大工土木系年月日走近老教授靳长德难忘世纪年代的化工系年月日走近老教授眭庆曦大工校园是屈院长呕心沥血的结晶年月日走近老教授何广讷讲述土木系发展历程年月日走近老教授张才蕙无形资产党性培养与校风建设年月日走近老教授陈方培在历史风云中艰难重建的物理系年月日走近老教授张文翰铸就化院辉煌历史的重要一步年月日上一页下一页每日推荐两学一做向原著学向传统学向老党员学建设工程学部召开本科生培养方案论证会人文学部举行届毕业生学位授予仪式暨毕业典礼建党周年把心交给学生的良师严守政治纪律和政治规矩围绕学部发展履职尽责建党周年以党建品牌为引领建设学习型服务组图在现场图说庆祝中国共产党成立周年大毕业季属于机械学子的独家机忆真心传递母校情真爱融注毕业季新版学位证书背后的故事推荐视频钱令希诞辰百年纪录片发布预告年月日大工新闻学校隆重举行庆祝中国共产党成立周年大会为梦连理大连理工大学招生宣传片焦点图片毕业季校园里那抹亮色美女毕业生遇见特色学位服毕业季大学四年最遗憾的那些事毕业季最大工难忘凌工路号那件事大工建筑篇一你不得不知道的那些楼排行榜点击大工欢迎你你的大工你定义毕业晚会散场离歌时却难说再见大连理工大学届毕业典礼暨学位授予仪式隆坚持党的领导加强党的建设为全面推进特色在现场图说庆祝中国共产党成立周年大会学校领导与毕业生共进午餐情浓意切送祝福毕业文化衫连理同心专属研究生的温暖记我校与中科院联合培养的首届华罗庚班学子顺利届毕业晚会华美落幕做有价值的人创造无愧于时代的人生电话版权所有大连理工大学新闻中心
