http://news.dlut.edu.cn/article/yaowen/5.shtml
86
147
149
150
152
151
155
154
153
156
157
165
166
16
10
15
155
154
153
156
157
165
166
16
10
15
17
19
20
14
149
149
161
48
53
57
55
60
56
58
59
63
100
167
167
162
162
56
63
59
60
58
53
57
55
48
100
学校要闻大工新闻网每日推荐字体大小设置清除背景颜色效果边框清除栏目内容文字居左设置调整宽度是注意对应左边栏文字居左设置导航目录颜色调整设置宣传部站群海燕网星海夜话手机版新闻线索预约采访会员投稿留言板学校要闻综合新闻菁菁校园新闻聚焦校园视点信息预告媒体大工领导论坛大工人物校友之声学术动态大工往事部院风采合作交流专题新闻校园视点信息预告媒体大工领导论坛大工人物校友之声学术动态大工往事部院风采合作交流专题新闻精彩瞬间光影四季人文艺术校史钩沉第一时间大工新闻在你身边专题报道校园文艺校园拍客今日大工大工讲坛关于团队校史故事品学校园文艺校园拍客今日大工大工讲坛关于团队校史故事品学十七点播报广播台新闻节目综艺节目外文节目专题节目广播剧下载首页新闻学校要闻校友总会第六届理事会第二次会议召开年月日校长郭东明院士接受中国科学报专访谈双一流建设年月日学校举行榜样大工校友年度人物颁奖典礼年月日郭东明校长会见大工校友英国皇家工程院院士李琳教授年月日教育部副部长朱之文一行参观我校精细化工国家重点实验室年月日中共中央决定王寒松同志任大连理工大学党委书记年月日杨雪岩当选第八届全国高校辅导员年度人物年月日大连理工大学全国第四轮学科评估迎评工作正式启动年月日加强海工装备合作校企携手共谋发展年月日学校举行研究生学术科技节表彰大会年月日郭东明校长会见广西壮族自治区副主席黄日波一行年月日蒋庄德院士做客大工讲坛解读中国制造年月日中国工程院院士何友教授受聘大工兼职教授年月日学校举行颁奖典礼表彰感动大工年度人物年月日第七届校园文化节盛装启幕年月日知名专家齐聚大工献策力学学科规划年月日学校召开两学一做学习教育工作会议年月日大工与大连化物所举行张大煜学院揭牌仪式年月日学校举行年纽约模拟联合国大会总结会年月日郭东明校长会见郑州市委常委王跃华一行年月日上一页下一页每日推荐郭东明校长会见白俄罗斯国立大学校长阿布拉缅因科我校优秀研究生赴新加坡参加全球青年领袖游学营活两学一做重温历史记忆追寻先进榜样争做合格实践在路上躬行践履念初心筑梦青春再前行党委副书记副校长宋丹率团赴龙陵县调研中澳科学家联合攻关在硅烯研究中取得突破大工学子参加第七届世界大学生领导者研讨会实践在路上齐风鲁韵共连理望煦寻华报国行第七届国际离散元法会议在大工召开光明日报大连理工援梦专列启程推荐视频钱令希诞辰百年纪录片发布预告年月日大工新闻学校隆重举行庆祝中国共产党成立周年大会为梦连理大连理工大学招生宣传片焦点图片毕业季校园里那抹亮色美女毕业生遇见特色学位服毕业季大学四年最遗憾的那些事毕业季最大工难忘凌工路号那件事大工建筑篇一你不得不知道的那些楼排行榜点击中澳科学家联合攻关在硅烯研究中取得突破第七届国际离散元法会议在大工召开实践在路上齐风鲁韵共连理望煦寻华报国党委副书记副校长宋丹率团赴龙陵县调研大工学子参加第七届世界大学生领导者研讨会我校优秀研究生赴新加坡参加全球青年领袖游学两学一做重温历史记忆追寻先进榜样争做实践在路上躬行践履念初心筑梦青春再前郭东明校长会见白俄罗斯国立大学校长阿布拉缅光明日报大连理工援梦专列启程电话版权所有大连理工大学新闻中心
