http://news.dlut.edu.cn/article/yaowen/6.shtml
86
147
149
150
152
151
155
154
153
156
157
165
166
16
10
15
155
154
153
156
157
165
166
16
10
15
17
19
20
14
149
168
149
168
48
53
57
55
60
56
58
59
63
100
167
167
162
162
56
63
59
60
58
53
57
55
48
100
学校要闻大工新闻网每日推荐字体大小设置清除背景颜色效果边框清除栏目内容文字居左设置调整宽度是注意对应左边栏文字居左设置导航目录颜色调整设置宣传部站群海燕网星海夜话手机版新闻线索预约采访会员投稿留言板学校要闻综合新闻菁菁校园新闻聚焦校园视点信息预告媒体大工领导论坛大工人物校友之声学术动态大工往事部院风采合作交流专题新闻校园视点信息预告媒体大工领导论坛大工人物校友之声学术动态大工往事部院风采合作交流专题新闻精彩瞬间光影四季人文艺术校史钩沉第一时间大工新闻在你身边专题报道校园文艺校园拍客今日大工大工讲坛关于团队校史故事品学校园文艺校园拍客今日大工大工讲坛关于团队校史故事品学十七点播报广播台新闻节目综艺节目外文节目专题节目广播剧下载首页新闻学校要闻工业装备结构分析国家重点实验室召开学术委员会会议年月日陆安慧教授当选长江学者特聘教授年月日大工两项专利获得日内瓦国际发明展览会金奖年月日学校召开第十届学位评定委员会第九次会议年月日国际信息与软件学院召开联合管理委员会第四次会议年月日大工新版学位证书亮相本月将正式启用年月日全国政协教科文卫体委员会来校调研高校创新创业教育年月日校庆周年朵手工玉兰献礼大工年月日郭东明校长与师生共庆建校周年年月日光明日报头版头条爷爷教授与青年学生的信仰约定年月日山东京博控股股份有限公司客人来访年月日学校召开全校党风廉政建设工作会议年月日校党委全委扩大会审议通过年学校工作要点年月日纪念钱令希先生诞辰周年系列活动启动年月日台湾科技大学校长廖庆荣一行来访年月日北京工业大学校长柳贡慧一行来访年月日沈阳医学院党委书记张广印一行来校调研年月日国家知识产权战略实施研究基地在大工揭牌成立年月日郭东明校长会见新疆大学党委书记赵嘉麒年月日我校党委书记魏小鹏同志调任复旦大学党委书记年月日上一页下一页每日推荐郭东明校长会见白俄罗斯国立大学校长阿布拉缅因科我校优秀研究生赴新加坡参加全球青年领袖游学营活两学一做重温历史记忆追寻先进榜样争做合格实践在路上躬行践履念初心筑梦青春再前行党委副书记副校长宋丹率团赴龙陵县调研中澳科学家联合攻关在硅烯研究中取得突破大工学子参加第七届世界大学生领导者研讨会实践在路上齐风鲁韵共连理望煦寻华报国行第七届国际离散元法会议在大工召开光明日报大连理工援梦专列启程推荐视频钱令希诞辰百年纪录片发布预告年月日大工新闻学校隆重举行庆祝中国共产党成立周年大会为梦连理大连理工大学招生宣传片焦点图片毕业季校园里那抹亮色美女毕业生遇见特色学位服毕业季大学四年最遗憾的那些事毕业季最大工难忘凌工路号那件事大工建筑篇一你不得不知道的那些楼排行榜点击中澳科学家联合攻关在硅烯研究中取得突破第七届国际离散元法会议在大工召开实践在路上齐风鲁韵共连理望煦寻华报国党委副书记副校长宋丹率团赴龙陵县调研大工学子参加第七届世界大学生领导者研讨会我校优秀研究生赴新加坡参加全球青年领袖游学两学一做重温历史记忆追寻先进榜样争做实践在路上躬行践履念初心筑梦青春再前郭东明校长会见白俄罗斯国立大学校长阿布拉缅光明日报大连理工援梦专列启程电话版权所有大连理工大学新闻中心
