http://news.dlut.edu.cn/photo/star/1.shtml
89
147
149
150
152
151
155
154
153
156
157
165
166
16
10
15
155
154
153
156
157
165
166
16
10
15
17
19
20
14
17
13
13
110
110
111
111
113
113
117
117
112
112
117
117
111
111
110
110
113
113
13
13
大工新闻网大连理工大学搜索文本框文字垂直居中设置用左边距清除原有宣传部站群海燕网星海夜话手机版新闻线索预约采访会员投稿留言板学校要闻综合新闻菁菁校园新闻聚焦校园视点信息预告媒体大工领导论坛大工人物校友之声学术动态大工往事部院风采合作交流专题新闻校园视点信息预告媒体大工领导论坛大工人物校友之声学术动态大工往事部院风采合作交流专题新闻精彩瞬间光影四季人文艺术校史钩沉第一时间大工新闻在你身边专题报道校园文艺校园拍客今日大工大工讲坛关于团队校史故事品学校园文艺校园拍客今日大工大工讲坛关于团队校史故事品学十七点播报广播台新闻节目综艺节目外文节目专题节目广播剧下载首页图片精彩瞬间从首届毕业生毕业决心书中传承红色基因组图心声师生热议习总书记建党周年讲话面孔优秀共产党员党务工作者掠影在现场图说庆祝中国共产党成立周年大会大工欢迎你你的大工你定义毕业晚会散场离歌时却难说再见我们毕业了强化安全发展观念提升全体师生安全素质返校日组图凝聚校友情怀的温情瞬间声音推动大工哲学社会科学繁荣发展组图年少的梦想熠熠星光铮铮誓言嘉年华遇见嘉年华七彩文化燃动大工嘉年华紧锣密鼓布展乐迎文化盛宴在现场爱舞即舞舞蹈团专场组图微瞬间以青春之名共赴运动盛宴组图赛场上的速度与激情组图春季运动会盛装启幕面孔学术之星面孔校友年度人物榜样大工上一页下一页图片排行榜大工欢迎你你的大工你定义面孔优秀共产党员党务工作者掠影组图心声师生热议习总书记建党周年讲话在现场图说庆祝中国共产党成立周年大会从首届毕业生毕业决心书中传承红色基因两学一做机关党委让手抄党章真正内化于心电话版权所有大连理工大学新闻中心
