http://news.dlut.edu.cn/article/yaowen/4.shtml
86
147
149
150
152
151
155
154
153
156
157
165
166
16
10
15
155
154
153
156
157
165
166
16
10
15
17
19
20
14
149
161
149
161
168
168
48
53
57
55
60
56
58
59
63
100
167
167
162
162
56
63
59
60
58
53
57
55
48
100
学校要闻大工新闻网每日推荐字体大小设置清除背景颜色效果边框清除栏目内容文字居左设置调整宽度是注意对应左边栏文字居左设置导航目录颜色调整设置宣传部站群海燕网星海夜话手机版新闻线索预约采访会员投稿留言板学校要闻综合新闻菁菁校园新闻聚焦校园视点信息预告媒体大工领导论坛大工人物校友之声学术动态大工往事部院风采合作交流专题新闻校园视点信息预告媒体大工领导论坛大工人物校友之声学术动态大工往事部院风采合作交流专题新闻精彩瞬间光影四季人文艺术校史钩沉第一时间大工新闻在你身边专题报道校园文艺校园拍客今日大工大工讲坛关于团队校史故事品学校园文艺校园拍客今日大工大工讲坛关于团队校史故事品学十七点播报广播台新闻节目综艺节目外文节目专题节目广播剧下载首页新闻学校要闻王寒松书记调研学校干部工作年月日王寒松书记调研学校宣传思想工作年月日王寒松书记调研学校统战工作年月日第八届校园嘉年华盛装启幕年月日中船工业集团董事长董强一行来校商讨深度合作年月日全国高校辅导员工作现场会在大连理工大学召开年月日沈鼓大工研究院召开成立十周年总结表彰会及创新论坛年月日我校个团队位教授入选科技部创新人才推进计划年月日王寒松书记郭东明校长看望我校部分离任老领导年月日王寒松书记郭东明校长看望我校两院院士年月日王寒松书记看望屈伯川遗孀徐烈英老人年月日坚持两个牢牢把握推动两学一做学习教育落实落细年月日日本城西大学代表团访问大工年月日郭东明校长率团访问俄罗斯白俄罗斯年月日学校召开关于全国第四轮学科评估第二轮工作会议年月日大连理工大学年春季运动会成功举行年月日坚持马克思主义指导地位推动大工哲学社会科学繁荣发展年月日学校党委就两学一做学习教育工作作出安排年月日学校召开党委学习中心组扩大学习会议年月日我校承担的中国工程院咨询研究重点项目启动会在京召开年月日上一页下一页每日推荐郭东明校长会见白俄罗斯国立大学校长阿布拉缅因科我校优秀研究生赴新加坡参加全球青年领袖游学营活两学一做重温历史记忆追寻先进榜样争做合格实践在路上躬行践履念初心筑梦青春再前行党委副书记副校长宋丹率团赴龙陵县调研中澳科学家联合攻关在硅烯研究中取得突破大工学子参加第七届世界大学生领导者研讨会实践在路上齐风鲁韵共连理望煦寻华报国行第七届国际离散元法会议在大工召开光明日报大连理工援梦专列启程推荐视频钱令希诞辰百年纪录片发布预告年月日大工新闻学校隆重举行庆祝中国共产党成立周年大会为梦连理大连理工大学招生宣传片焦点图片毕业季校园里那抹亮色美女毕业生遇见特色学位服毕业季大学四年最遗憾的那些事毕业季最大工难忘凌工路号那件事大工建筑篇一你不得不知道的那些楼排行榜点击中澳科学家联合攻关在硅烯研究中取得突破第七届国际离散元法会议在大工召开实践在路上齐风鲁韵共连理望煦寻华报国党委副书记副校长宋丹率团赴龙陵县调研大工学子参加第七届世界大学生领导者研讨会我校优秀研究生赴新加坡参加全球青年领袖游学两学一做重温历史记忆追寻先进榜样争做实践在路上躬行践履念初心筑梦青春再前郭东明校长会见白俄罗斯国立大学校长阿布拉缅光明日报大连理工援梦专列启程电话版权所有大连理工大学新闻中心
