http://news.dlut.edu.cn/article/2016/0713/67892.shtml
29
149
125
78
79
167
167
162
162
145
为母校成就自豪助母校实现腾飞学校要闻大工新闻网首页新闻图片视频报纸广播首页新闻学校要闻正文为母校成就自豪助母校实现腾飞校友返校学校领导出席感谢校友并介绍母校情况作者俞洲来源校友工作处新闻中心时间点击月日至日我校电子工程系级机械学院材料学院级机械学院级研究生三批近名校友从世界各地重聚母校校党委书记王寒松党委常委校长郭东明党委副书记纪委书记李成恩党委常委副校长贾振元分别参加了校友返校聚会活动王寒松书记代表学校对校友表示热烈欢迎指出一所大学的建设与发展离不开政府社会校友的支持其中校友是学校最宝贵的智力资源人力资源信息资源育人资源和精神资源是最具亲和力最具潜力的优质资源也是最为可靠的支持力量一个学校的历史和未来是由学校和培养的学生共同创造的学校的价值与地位更是由培养的学生对社会的贡献所决定的目前学校正抓住国家统筹推进双一流建设的发展机遇全力推进特色鲜明的世界一流大学建设正围绕这个目标深入实施以构建完善的学科体系为目标以协调机制体制与人的关系为主线的综合改革这既需要广大教职员工的奋力拼搏更需要广大校友的大力支持学校有决心有信心做好这项工作李成恩副书记贾振元副校长在会上感谢校友始终如一的关注和支持母校发展建设肯定了校友们在各自岗位上取得的成绩表示广大校友们在各行各业为国家和社会的发展不断贡献着自己的力量为母校赢得了赞誉永远是学校的骄傲电子信息与电气工程学部部长尹宝才机械工程学院院长孙伟材料科学与工程学院院长雷明凯分别从历史沿革师资队伍科研机构学科建设人才培养科学研究校友工作招生就业国际交流等多个方面向校友们详细介绍了各学部学院的基本情况邵春亮白忠孝张元良滕弘飞等老师作为参会教师代表对返校校友表示热烈欢迎老师们纷纷表示看见自己当年的学生从世界各地集体返校心情非常激动现在看见每位学生在各行各业的良好发展感到十分骄傲与自豪希望每位同学都能够继续加强对学校学部学院的关注与支持创造更多的机会常回母校看看电子工程系级刘玉海机械学院级栾有钧机械学院级研究生石峰于随然作为返校校友代表感谢支持和参加此次聚会的学校领导与老师感恩母校老师多年的培养与陪伴感怀同学之间真挚的情感情至深处栾有钧校友为此次返校聚会作诗一首遗落在风中的旋律迷失在云海的朝霞丝雨扰乱水中月微风轻吻雾中花多情故作冷傲无措难掩热辣蓝调的季节青涩的年华纾缓闲愁呜咽胡笳缘有尽爱无涯青春流沙会后学校学部领导与返校校友一同合影留念责任编辑姜雪复制网址打印每日推荐为母校成就自豪助母校实现腾飞辽宁日报大工后毕业生梁宇主动申请进藏工切实做好本科招生录取工作为学校选拔优质生源大工人物校友篇大工合伙人李欣张生言第八届浪漫之旅海峡两岸文化研习营顺利开营大连理工大学教师获日本水环境学会年度技术奖数学学院举办年全国优秀大学生数学学术夏令营建设工程学部校友田熹东来校作创新创业报告人民网大连理工大学后国防毕业生主动申请到天健网大连理工后国防毕业生主动申请去推荐视频钱令希诞辰百年纪录片发布预告年月日大工新闻学校隆重举行庆祝中国共产党成立周年大会为梦连理大连理工大学招生宣传片焦点图片毕业季校园里那抹亮色美女毕业生遇见特色学位服毕业季大学四年最遗憾的那些事毕业季最大工难忘凌工路号那件事大工建筑篇一你不得不知道的那些楼排行榜点击校友许宪平调任通用技术集团董事长基建进行时学校基本建设正在加紧推进中大连理工大学校友会新增国际化成员落实十三五发展规划推动学校发展实现新严守党的政治纪律和政治规矩做政治上的明白王凤海校友出任大商所党委副书记总经理中组部人才工作局领导来校看望千人计划郭东明校长应邀出席中俄大学校长峰会并作主题加强马克思主义学院建设培养信仰坚定的优秀大连理工大学附属学校举行届学生毕业典礼第一页内容缓存全文内容缓存根据设置字体大小并初始化按钮请选择投票选项最多允许选项单页阅读分页阅读单页阅读分页阅读控制内容区域的的图片大小并为过大的图片添加查看原图复制网址复制链接成功被浏览器拒绝请在浏览器地址栏输入并回车然后将设置为复制链接成功改变字号小本文地址电话版权所有大连理工大学新闻中心
