http://news.dlut.edu.cn/photo/2014/0617/55481.shtml
32
13
13
110
110
111
111
117
117
112
112
毕业季校园里那抹亮色美女毕业生遇见特色学位服大工新闻网首页新闻图片视频报纸广播首页图片精彩瞬间组图毕业季校园里那抹亮色美女毕业生遇见特色学位服点击来源宣传部新闻中心学校定制套全新学位服面世告别了清一色的黑色长筒样式点缀校名校徽字样及玉兰花等大工元素受到毕业生们的一致好评毕业生们穿上大工特色元素学位服在校园留念为学校增添一道亮丽的风景详细学校定制套全新学位服面世告别了清一色的黑色长筒样式点缀校名校徽字样及玉兰花等大工元素受到毕业生们的一致好评毕业生们穿上大工特色元素学位服在校园留念为学校增添一道亮丽的风景线新闻网推出毕业季校园里那抹亮色二美女毕业生遇见特色学位服展示我校毕业生的青春记忆收起分享到全部图片查看原图摄影龙海波下一张上一张图片全部列出幻灯片精选从首届毕业生毕业决心书中传承红色基因组图心声师生热议习总书记建党周年讲话面孔优秀共产党员党务工作者掠影大工欢迎你你的大工你定义毕业晚会散场离歌时却难说再见我们毕业了已经是第一张了电话版权所有大连理工大学新闻中心
