http://news.dlut.edu.cn/article/yaowen/2.shtml
86
147
149
150
152
151
155
154
153
156
157
165
166
16
10
15
155
154
153
156
157
165
166
16
10
15
17
19
20
14
149
145
142
143
149
149
161
168
161
48
53
57
55
60
56
58
59
63
100
167
167
162
162
56
63
59
60
58
53
57
55
48
100
学校要闻大工新闻网每日推荐字体大小设置清除背景颜色效果边框清除栏目内容文字居左设置调整宽度是注意对应左边栏文字居左设置导航目录颜色调整设置宣传部站群海燕网星海夜话手机版新闻线索预约采访会员投稿留言板学校要闻综合新闻菁菁校园新闻聚焦校园视点信息预告媒体大工领导论坛大工人物校友之声学术动态大工往事部院风采合作交流专题新闻校园视点信息预告媒体大工领导论坛大工人物校友之声学术动态大工往事部院风采合作交流专题新闻精彩瞬间光影四季人文艺术校史钩沉第一时间大工新闻在你身边专题报道校园文艺校园拍客今日大工大工讲坛关于团队校史故事品学校园文艺校园拍客今日大工大工讲坛关于团队校史故事品学十七点播报广播台新闻节目综艺节目外文节目专题节目广播剧下载首页新闻学校要闻落实十三五发展规划推动学校发展实现新跨越年月日郭东明校长应邀出席中俄大学校长峰会并作主题演讲年月日加强马克思主义学院建设培养信仰坚定的优秀人才年月日以保平安促发展为目标扎实做好校园安全保卫工作年月日严守党的政治纪律和政治规矩做政治上的明白人年月日学习贯彻习近平七一重要讲话精神推动学校事业新发展年月日七一前夕学校领导走访慰问老领导老党员和生活困难党员年月日中组部人才工作局领导来校看望千人计划万人计划专家年月日辽宁省委书记李希视察大连理工大学年月日辽宁省社科联主席孙成杰一行来我校调研年月日校长郭东明会见荆楚理工学院校长谭晓明年月日中组部两学一做学习教育督导组到大工实地督导年月日加强党性锤炼做忠诚干净担当的好干部年月日钱令希院士诞辰百年胡文瑞院士做客大工讲坛解读引力波奥秘年月日严守政治纪律和政治规矩围绕学部发展履职尽责年月日校党委书记王寒松在全校庆祝中国共产党成立周年大会上的讲话年月日爱尚大工学校举行年本科招生咨询会年月日坚持党的领导加强党的建设为全面推进特色鲜明的世界一流大学建设努力奋斗年月日进一步加强基层党组织建设助推学部快速发展年月日学校召开第十届学位评定委员会第十次会议年月日上一页下一页每日推荐郭东明校长会见白俄罗斯国立大学校长阿布拉缅因科我校优秀研究生赴新加坡参加全球青年领袖游学营活两学一做重温历史记忆追寻先进榜样争做合格实践在路上躬行践履念初心筑梦青春再前行党委副书记副校长宋丹率团赴龙陵县调研中澳科学家联合攻关在硅烯研究中取得突破大工学子参加第七届世界大学生领导者研讨会实践在路上齐风鲁韵共连理望煦寻华报国行第七届国际离散元法会议在大工召开光明日报大连理工援梦专列启程推荐视频钱令希诞辰百年纪录片发布预告年月日大工新闻学校隆重举行庆祝中国共产党成立周年大会为梦连理大连理工大学招生宣传片焦点图片毕业季校园里那抹亮色美女毕业生遇见特色学位服毕业季大学四年最遗憾的那些事毕业季最大工难忘凌工路号那件事大工建筑篇一你不得不知道的那些楼排行榜点击中澳科学家联合攻关在硅烯研究中取得突破第七届国际离散元法会议在大工召开实践在路上齐风鲁韵共连理望煦寻华报国党委副书记副校长宋丹率团赴龙陵县调研大工学子参加第七届世界大学生领导者研讨会我校优秀研究生赴新加坡参加全球青年领袖游学两学一做重温历史记忆追寻先进榜样争做实践在路上躬行践履念初心筑梦青春再前郭东明校长会见白俄罗斯国立大学校长阿布拉缅光明日报大连理工援梦专列启程电话版权所有大连理工大学新闻中心
