http://news.dlut.edu.cn/article/2016/0811/68561.shtml
28
150
68
124
167
167
162
162
160
实践在路上软件师生赴美参加卓越联盟暑期项目综合新闻大工新闻网首页新闻图片视频报纸广播首页新闻综合新闻正文实践在路上软件师生赴美参加卓越联盟暑期项目拓展国际视野促进合作交流作者吴宇翔张冬瑜来源软件学院时间点击月日凌晨前往美国亚特兰大佐治亚理工学院的名师生顺利抵达大连周水子机场结束了为期天的美国亚特兰暑期项目亚特兰大暑期项目是佐治亚理工学院为天津大学和上海交通大学开设的暑期项目自年起邀请卓越联盟九校共同参与经过学校国际合作与交流处的组织和指导我校作为卓越联盟成员之一接受邀请派出了由软件学院名带队教师和名本科生组成的代表团一行人不仅在项目中亲身体验美式课堂与美国名校教授近距离交流还领略了美国的独特文化开拓了国际视野并且与佐治亚理工学院初步达成了推动学生交流项目的合作意向课堂学习体验美国教学亚特兰大暑期项目包括三周的课程学习课程内容既包括如美国流行文化科技伦理等文化类课程也包括学术写作自我陈述提升公众演讲等专业类课程同学们亲身体验到美式课堂更加注重师生之间的互动要求学生在课上积极发言表达自己的看法提出自己的问题以及向老师提出课程建议学生从中锻炼了口语表达能力也提高了参与课堂的积极性另外课程强调动手能力的重要性有些课程要求学生在课上用简单的道具将讲过的设计理念实际运用制作出一些简易的作品这不仅提升了学生的动手能力还加深了对课程的理解参加项目的学生除了来自中国还有来自德国韩国等国家大家因此多了许多与其它学校与国家学生交流的机会同学们在课上不仅从老师身上学到了知识更从这些异国同学在课上的表现里看到了更积极的学习方式课程学习期间团队的一名学生还作为整个亚特兰大暑期项目中两个学生代表之一接受了美国记者的采访登上了当地的报纸表达了自己参加这次暑期项目的原因以及对于语言学习和美式课堂的看法除了课上的交流之外佐治亚理工安排了与美国学生的派对表演交流等课外活动增进了他们与异国好友的关系在交流中大家不仅得到了实际运用英语的机会更借此学习到了美国文化增长了自己的见闻文化参访领略美国文化亚特兰大暑期项目组织了一系列活动充分领略了亚特兰大这座城市的独特历史文化月日代表团与其他卓越联盟高校的师生一起坐巴士来到位于亚特兰大郊外的迈迪逊小镇迈迪逊是美国南北战争时期亚特兰大唯一没有被烧毁的小镇保留了很多有着一两百年历史的美丽古建筑参访过后大家不仅惊叹于迈迪逊的美丽风景和独特文化更是为小镇住户对于小镇发自真心的热爱与对小镇的细心保护所惊叹此外项目还组织参观了亚特兰大的地标性建筑其中包括可口可乐公司总部电视台总部和一家历史悠久的棒球场在了解了亚特兰大颇具魅力的历史和文化的同时也对这座城市产生了更深刻的了解研讨会谈推动交流合作项目进行期间佐治亚理工计算机学院国际合作事务主任会见了带队教师张冬瑜副教授双方就大连理工大学软件学院与佐治亚理工计算机学院的学生交流项目以及合作办学规划进行了交流张冬瑜副教授介绍了软件学院的课程设置师资力量学科建设等基本情况表达了希望推动两个学院合作与交流的愿望主任表示将全力推动与软件学院的合作并建议从学生的交流项目做起然后一步步拓展到联合授课的深度合作双方规划最早今年寒假或者明年暑假启动交流项目并进行进一步的磋商佐治亚理工学院是美国一所综合性公立大学始建于年与麻省理工学院及加州理工学院并称为美国三大理工学院拥有先进的科研能力和出色的师资力量本次卓越联盟九校暑期项目得到了国际合作与交流处的指导与帮助学生们从项目中学到了很多课内外知识与经验受益匪浅软件学院也建立了与佐治亚理工学院的良好合作关系软件学院将继续促进国际合作与交流拓展国际视野培养精英人才责任编辑张平媛复制网址打印每日推荐实践在路上软件师生赴美参加卓越联盟暑期项目实践在路上规划自我践知于行怀志报国中国高校之窗大连理工大学在耐酸沸石膜微观结中国科学报大连理工大学耐酸沸石膜微观结构建设工程学部张鑫旺获学生竞赛团体第一名材料级校友返校暨奖学金签约仪式顺利举行海洋能源利用与节能教育部重点实验室召开学委会会我校再获辽宁省大学生电子设计竞赛最高奖杯实践在路上躬身企业行笃志中国梦全国人工环境相关学科博士生导师研讨会在我校召开推荐视频钱令希诞辰百年纪录片发布预告年月日大工新闻学校隆重举行庆祝中国共产党成立周年大会为梦连理大连理工大学招生宣传片焦点图片毕业季校园里那抹亮色美女毕业生遇见特色学位服毕业季大学四年最遗憾的那些事毕业季最大工难忘凌工路号那件事大工建筑篇一你不得不知道的那些楼排行榜点击罗均炎同志逝世郭东明校长会见大连公交集团董事长孙明一行我校在构建高性能锂离子电池负极材料研究取得学校组织召开科技成果研讨会全国人工环境相关学科博士生导师研讨会在我校大工代表队勇夺全国电子商务三创赛总决赛我校再获辽宁省大学生电子设计竞赛最高奖实践在路上走进企业长才干扬帆起航京津我校在耐酸沸石膜微观结构的设计与调控研究取新兴电子商务的信息与物流管理教育部创新第一页内容缓存全文内容缓存根据设置字体大小并初始化按钮请选择投票选项最多允许选项单页阅读分页阅读单页阅读分页阅读控制内容区域的的图片大小并为过大的图片添加查看原图复制网址复制链接成功被浏览器拒绝请在浏览器地址栏输入并回车然后将设置为复制链接成功改变字号小本文地址电话版权所有大连理工大学新闻中心
