http://news.dlut.edu.cn/article/kejiao/1.shtml
84
147
149
150
152
151
155
154
153
156
157
165
166
16
10
15
155
154
153
156
157
165
166
16
10
15
17
19
20
14
165
115
120
118
114
119
116
121
122
115
130
130
21
167
167
162
162
31
22
学术动态大工新闻网每日推荐字体大小设置清除背景颜色效果边框清除栏目内容文字居左设置调整宽度是注意对应左边栏文字居左设置导航目录颜色调整设置宣传部站群海燕网星海夜话手机版新闻线索预约采访会员投稿留言板学校要闻综合新闻菁菁校园新闻聚焦校园视点信息预告媒体大工领导论坛大工人物校友之声学术动态大工往事部院风采合作交流专题新闻校园视点信息预告媒体大工领导论坛大工人物校友之声学术动态大工往事部院风采合作交流专题新闻精彩瞬间光影四季人文艺术校史钩沉第一时间大工新闻在你身边专题报道校园文艺校园拍客今日大工大工讲坛关于团队校史故事品学校园文艺校园拍客今日大工大工讲坛关于团队校史故事品学十七点播报广播台新闻节目综艺节目外文节目专题节目广播剧下载首页新闻学术动态人文学部王贤文副教授受邀担任国际英文期刊副主编年月日大数据与交通出行需求管理创新论坛在我校成功举办年月日中国建筑学会工程管理分会青年委员会学术论坛在我校举办年月日项目中国区第二次项目推进会召开年月日第四届建筑结构基础理论与创新实践论坛在大连召开年月日马克思主义学院举办第二届文化强国高层论坛年月日马院两项国家社科基金项目分别以优秀良好结项年月日低维拓扑国际研讨会在我校成功举行年月日中国大百科全书管理科学与工程卷分支编委会会议召开年月日第七届船舶与海洋结构横摇运动国际研讨会召开年月日辽宁省教改项目研讨会在大连理工大学召开年月日学校一十二五科技支撑计划项目开展中期进展研讨会年月日动力燃料电池电催化剂专题讨论会在我校召开年月日大连国际数学研讨会在我校举行年月日我校代表应邀参加首届世界马克思主义大会年月日智慧城市与创造力经济论坛成功举行年月日第五届中德科学技术哲学论坛在我校举行年月日第四届全国组合数论会议在我校召开年月日第九届道路与机场铺面技术国际会议在大连闭幕年月日辽宁省首届公共管理青年学者论坛在我校举行年月日上一页下一页每日推荐人文学部王贤文副教授受邀担任国际英文期刊副主编研招进行时如火如荼开展年研究生招生宣传两学一做把政治纪律和政治规矩内化于心外化于全国近所高校教师学者来校研讨马克思主义发展观材料科学与工程学院选举产生新一届党委并成立纪委大连日报钱令希院士百年诞辰纪念展揭幕辽宁日报大工举行钱令希院士百年诞辰纪念展大工人物校友篇张阿漫胸怀海洋强国梦大工人物校友篇张阿漫胸怀海洋强国梦贯彻落实全面从严治党要求强化政治纪律和政治规推荐视频钱令希诞辰百年纪录片发布预告年月日大工新闻学校隆重举行庆祝中国共产党成立周年大会为梦连理大连理工大学招生宣传片焦点图片毕业季校园里那抹亮色美女毕业生遇见特色学位服毕业季大学四年最遗憾的那些事毕业季最大工难忘凌工路号那件事大工建筑篇一你不得不知道的那些楼排行榜点击机械工程学院新教学楼开工建设钱令希诞辰百年纪录片发布预告钱令希院士诞辰百年春风化雨润物无声中国工程院院士陈政清受聘大连理工大学兼职教钱令希院士诞辰百年宝贵的精神财富永恒群策群力抢抓机遇为大工吸引一流生源机械工程学院完成新一届党委换届及纪委成立选钱令希院士诞辰百年业精于勤奋功成于坚副校长朱泓率团访问白俄罗斯国立大学推进两校我校多部影视作品在中国高校电视奖评选中斩获电话版权所有大连理工大学新闻中心
