http://news.dlut.edu.cn/article/2016/0811/68553.shtml
28
150
68
124
167
167
162
162
160
实践在路上访江浙沪企业悟学思礼心得综合新闻大工新闻网首页新闻图片视频报纸广播首页新闻综合新闻正文实践在路上访江浙沪企业悟学思礼心得化工与环境生命学部赴长江三角洲地区报国企业行活动纪实作者于瑾泉田硕曾洋文张峻菥图来源化工与环境生命学部时间点击为积极引导当代大学生走出校园走进企业走向社会促进学生合理规划未来职业发展确立人生目标充分调研人才市场供需信息帮助学生树立正确的人生观与职业观切实增强我校学生的求职竞争力月日至月日化工与环境生命学部报国企业行赴长江三角洲地区实践团在指导教师于瑾泉与曾洋的带领下历时天辗转南京常州杭州宁波及上海五大城市相继走访了中国石化金陵石化公司宜兴全泽化工有限公司大连理工大学常州研究院浙江传化华洋化工有限公司南都电源动力股份有限公司中国石化镇海炼化分公司佳化化学股份有限公司中航光电子有限公司以及上海森松化工成套装备公司九家企业走访期间团队成员充分了解企业发展沿革近距离学习化工专业单元操作流程与已就业的大工校友开展座谈交流并有效推动与被访企业在人才供需及战略合作方面的沟通洽谈为拓宽我校学生就业渠道完善学生专业知识架构提升校企合作层次等方面起到了积极作用学以报国走进金陵月日实践团来到了南京金陵石化参观了厂区的控制室并与企业的相关部门人员进行了深入的交流控制室系统极高的集成度令人折服在成千个摄像头的监控之下无异于亲临现场完备的控制操作应急预案将每一个点可能发生的情况都做了详细的考虑以确保万无一失这正是金陵石化精细严谨的企业作风的真实写照在座谈中金陵石化窦处长指出江浙地区多为技术密集资金密集型企业对高质量人才有很大的需求对于广大重点高校毕业生是很好的发展契机在企业招聘面试过程中多看重求职者的综合素质和专业背景员工在企业内的个人发展也因材培养但现在大学生普遍对社会了解缺失思维单纯应该将眼光放开放远同时力求创新同时窦处长强调在短短的面试时间内流畅准确的表达自信的目光和阳光的气质更能得到面试官的偏爱全泽常州会校友求真重信创业路月日上午实践团走访了全泽化工全泽化工董事长江苏博纳科总经理大连理工大学常州校友会理事长徐明十分热情地接待实践团的到来以近个小时的座谈回忆往事并为实践团成员提供了宝贵的建议徐总指出诚信是一个人的立身之本尤其当下社会的高信任成本影响下诚信便显得尤为重要而校友间的互信正可以为年轻毕业生提供更多的机遇关于大学生创业徐总持不鼓励态度大学生普遍缺少对客户对社会的了解毕业生还是先多积累社会经验再抓住创业机遇年轻时成功不一定是一件好事情徐总这样强调下午实践团来到大连理工大学常州研究院对常州科教城进行了参观与大工校友进行了座谈活动在常州见到母校的名字和标志让实践团倍感亲切而研究院的校友多是仅比实践团成员高出几届的前辈无代沟的沟通更加无拘无束对创业有了更深刻的理解获益匪浅传化华洋南都电源领略民企独特风采日实践团来到杭州走访了浙江传化股份有限公司的子公司华洋化工该公司以造纸塑料为主要产业在交流中蔡主任分析了化工企业发展的现状并给出了求职的发展方向蔡主任认为在倡导环保的大环境下化工企业的发展受到了很多的限制各大企业在寻求新模式突破困局因此毕业生可拓宽求职路将专业应用于产品研发市场开发技术服务以及工艺管理当中日实践团参访南都电源动力股份有限公司南都电源以通信储能动力为三大产品首次开创运营类子公司能源互联网公司企业工程师详细介绍了企业的主要业务及发展前景认为铅蓄电池作为新能源产业依靠极高的回收率而经久不衰通过本次交流实践团对新能源产业有了更新的认识和理解拓宽了眼界镇海炼化精细务实领跑环保绿色工艺日实践团来到宁波镇海炼化对炼化工厂进行了参观感受到了镇海炼化的发展历程工艺从无到有生产规模从小到大推动绿色厂区绿色工艺发展厂区内随处可见大片翠绿的草坪道路两旁的香樟树郁郁葱葱而最为标志性的白鹭园让所有来访者眼前一亮在化工厂旁边对生存环境要求极高的白鹭愿意在此安家落户工厂的绿化工艺的环保可见一斑在后续的座谈交流过程中实践团了解到镇海炼化每年招聘大量的优秀毕业生其中不乏大工的前辈在和校友的交流过程中通过毕业多年前辈的心得当中实践团成员更加坚定了脚踏实地的作风多做尝试拓宽眼界明确个人目标学以致用为将来能够找到满意的工作打下基础人力资源部门胡老师系统介绍了中石化企业的招聘模式并介绍了通过企业的运营数据预测企业发展前景的经验为实践团成员选择就职企业提供了宝贵意见创新佳化生生不息月日实践团走访了上海佳化化学佳化市场部销售部的主管对佳化进行了介绍并与实践团成员进行了交流佳化化学自创立发展至今快速的成长离不开其强大的核心竞争力而通过工作实践与项目参与导师指导与伙伴互助常规授课培训的模式相结合打造了职业化专业化年轻化国际化的企业团队其如此完备的人才发展理念也是是企业不断吸收新鲜血液生生不息的重要原因一位在销售部工作刚满一年的学长介绍了工作以来的心得体会并为实践团成员的未来求职提供了建议销售岗位具有出差多的特点需要更多的沟通技巧以维护与客户之间良好的合作关系同时也需要专业知识以深化对产品的理解从而加强说服力主管详细地讲解了简历的制作方法以及注意事项为实践团的求职第一步铺平了道路对未来的求职之路有了更深入的思考中航森松行入职初感悟月日实践团分别走访了中航光电子及上海森松化工成套装备公司中航光电子的宣传视频及员工自导自演的小短片使实践团感受到了企业的无限活力而在其工艺展板的参观与学习中科普了液晶屏幕的制作过程开拓了实践团成员的眼界而在与森松的交流中对其集团的组成及产品目录有了初步的了解在随后与两家企业的交流中由于校友大多与实践团成员年龄相仿与实践团成员分享了很多入职以来的经验和体会并给出很多专业上人际上的指导意见走进职场角色转变使人更加自律考虑问题更加完善逐渐从一名学生成长为一名合格的职场人校友均着重强调了专业知识以及英语水平的重要性若有志于进入日企等外企也可利用课余时间学习第二外语以提高个人竞争力培养个人沟通能力捕捉利用信息的能力增强自信心同时个人的兴趣爱好也对未来的职业发展具有一定的作用增加机遇拓宽职业发展道路化工与环境生命学部报国企业行赴长江三角洲地区团队在实践过程中精密部署分工明确走访企业涵盖化工行业中的石化产品炼制能源动力研发整装设备与精密仪器制造及科学设计研究机构团队成员在走访前期对参访企业进行了充分调研走访期间邀请企业员工参与信息调查通过此次实践活动团队成员对国有大中型企业民营企业及合资企业有了深层次的了解并向企业展现出了大工学子的优良风貌实践团员纷纷表示在未来的学习生活中将会会全面发展自我并努力学好专业本领努力成为企业需要的复合型人才化环生学部报国企业行赴长三角地区团队自活动开展以来得到我校招生就业处等多个部门的大力支持与帮助实践活动的开展也为学校与企业构架了友谊的桥梁我们将持续以十八届五中全会提出的创新协调绿色开放共享的发展理念为指导加强学生思想政治教育工作的针对性与实效性切实提升学生的就业竞争力为各行业输送优秀专业人才持续努力责任编辑张平媛复制网址打印每日推荐实践在路上访江浙沪企业悟学思礼心得实践在路上软件师生赴美参加卓越联盟暑期项目实践在路上规划自我践知于行怀志报国中国高校之窗大连理工大学在耐酸沸石膜微观结中国科学报大连理工大学耐酸沸石膜微观结构建设工程学部张鑫旺获学生竞赛团体第一名材料级校友返校暨奖学金签约仪式顺利举行海洋能源利用与节能教育部重点实验室召开学委会会我校再获辽宁省大学生电子设计竞赛最高奖杯实践在路上躬身企业行笃志中国梦推荐视频钱令希诞辰百年纪录片发布预告年月日大工新闻学校隆重举行庆祝中国共产党成立周年大会为梦连理大连理工大学招生宣传片焦点图片毕业季校园里那抹亮色美女毕业生遇见特色学位服毕业季大学四年最遗憾的那些事毕业季最大工难忘凌工路号那件事大工建筑篇一你不得不知道的那些楼排行榜点击罗均炎同志逝世郭东明校长会见大连公交集团董事长孙明一行我校在构建高性能锂离子电池负极材料研究取得学校组织召开科技成果研讨会全国人工环境相关学科博士生导师研讨会在我校大工代表队勇夺全国电子商务三创赛总决赛我校再获辽宁省大学生电子设计竞赛最高奖实践在路上走进企业长才干扬帆起航京津我校在耐酸沸石膜微观结构的设计与调控研究取新兴电子商务的信息与物流管理教育部创新第一页内容缓存全文内容缓存根据设置字体大小并初始化按钮请选择投票选项最多允许选项单页阅读分页阅读单页阅读分页阅读控制内容区域的的图片大小并为过大的图片添加查看原图复制网址复制链接成功被浏览器拒绝请在浏览器地址栏输入并回车然后将设置为复制链接成功改变字号小本文地址电话版权所有大连理工大学新闻中心
