http://news.dlut.edu.cn/article/2016/0811/68534.shtml
28
150
68
124
167
167
162
162
160
实践在路上规划自我践知于行怀志报国综合新闻大工新闻网首页新闻图片视频报纸广播首页新闻综合新闻正文实践在路上规划自我践知于行怀志报国运载学部赴长三角地区报国企业行职协实践团队纪实作者孙墨曈汪健姜山张伟来源运载工程与力学学部时间点击为积极引导同学们走出校园走进企业走向社会帮助同学们提前感知职场的竞争与发展尽早确立职业理想与生涯目标大连理工大学开展报国企业行活动以此为契机年暑期运载学部组建赴长三角地区报国企业行职协实践团队由职协指导教师孙墨曈带队为学部各年级同学提供直面企业深入交流践知于行的宝贵机会运载学部赴长三角地区报国企业行职协实践团队由一名带队教师和名本科生组成于月日至月日期间奔赴上海无锡南通市共家企业进行实地参观与调研学习参访企业涉及汽车建筑船舶与海洋工程网络科技等行业领域涵盖国企私企中外合资等多种企业类型所有走访单位均为校友所在企业其中家单位为校友创业公司生涯规划我们践知于行月日上午全队人满怀期望顶着度高温踏上实践第一站上海通用汽车有限公司上汽通用是一家中外合资企业半自动化流水线的生产模式是上汽通用的效率一层层严格的质检把关是上汽通用的质量这种生产模式给同学们留下了深刻的印象使同学们不仅惊叹于科技的进步也激发了同学们励志科研振兴祖国科技创新的热情同学们都表示会在今后从事与前沿科技有关的职业为祖国民用科技的进步贡献自己的力量半自动化流水线生产模式给同学们留下了深刻的印象汽车制造将机器人力有机结合在一起这背后的技术让我们叹服日下午和日全队分别参观了中船工业第研究所和中船重工第研究所并受到两所热情招待作为师出同门的两家研究所设计内容均包括民船军船以及相关特种船舶所的生产设计占领市场而所也有着自己的特色包括船舶相关计算软件商业软件的自主研发及豪华游艇水上乐园设计等横向产业日上午团队来到了中船第九设计研究院工程有限公司并受到大工校友中船九院船舶工艺所所长刘克东师兄和张东升师兄的热情招待刘所长为大家亲自讲解船舶发展的前景中船九院的公司特色和文化指出了英语学习重要性并激励同学们要在学校中努力培养自己的能力当天中午刘所长为同学们提供了工作餐并同大家共进午餐期间刘所长更是与同学们亲切交流提出了自己对同学们的建议和希冀日下午和日上午全体队员分别参观了两家校友创业公司上海驰舟船舶科技公司创图网络科技发展有限公司期间校友带同学们参观了企业工作室文化展厅领略两家企业的创业之路欣赏企业前沿科技产品这无不让队员对创业一词有了更加深刻的认识创业方向截然不同的两家企业却有着相同的思路和理念曾经即使手足胼胝也要坚持当机遇垂青离成功也就不再遥远经过简单的周末休整全队奔赴南通分别于月号和号对启东中远海工惠生南通重工有限公司进行实地参观参观过程中同学们深切感受到船舶海工制造当下就业前景与市场形势所面临的挑战择业需谨慎规划要细致量力而行这是整支队伍走访期间最大的感受就业愿景我们三思而行企业走访结束后同学们纷纷发表了自己的感想在了解了这家企业文化及人才需要后成员们深刻意识到在未来的竞争中学历知识及技能将起到决定性作用多人表示要利用自己大学中余下的时间改进自己的不足增强自身技能提升自己未来在职场中的竞争力船舶专业的严博骞同学提到学习是一个人发展生存的必要条件一定要时时刻刻学习新的东西并且对工作要热情要持之以恒这样无论是去哪个单位做事踏实会更容易取得成功也有同学表示对比过多家企业后有了自己的未来选择和规划其中工程力学专业的尹权一同学提到国企和私企相比国企较为稳定且轻松但是私企的薪水要高于国企许多个人倾向于私企认为这样更有拼搏的动力实现自身的价值还有同学在对比了各家不同风格企业的发展前景听了各家企业工作人员的介绍后对未来有了更加清晰规划工程力学专业的张伟同学表示成功从来不是一步登天而是一步一步慢慢积累而达到的在选择就业时便要选择一家可靠的企业在工作中就要脚踏实地地去完成自己的工作积极宣传我们不断创新为扩大本次企业行的实践成果向更多同学传播分享实践过程中的所见所闻所悟所感团队积极投稿宣传共被大工就业微信平台刊载次大连理工大学官方微博转载次大连理工大学职协微博转载次最高微博阅读量为累计微博阅读量次与此同时团队不断创新以青春的沸点是为题通过漫画版纪念册的形式将实践团队的走访过程企业招聘情况以及个人心得体会记录下来扩大实践影响面心怀感激我们竭尽全力在所有走访的家企业中有家企业是由大工校友带领参观家企业有大工校友与成员们深度交流这让参访同学们深刻体会到身在大工这所全国知名的院校是多么的幸运大工的校友遍布全国各地他们虽然离开了校园但对于母校人才的培养始终念念不忘尽最大努力为学弟学妹们带来学习以及就业上面的帮助同学们在心怀感激的同时纷纷表示定将竭尽所能明确职业规划不断锐意进取争取在未来做像他们一样的智者为母校献上自己的一点绵薄之力本次实践虽已告一段落但我们的人生才刚刚开始职业生涯规划我们在路上责任编辑张平媛相关阅读复制网址打印每日推荐实践在路上规划自我践知于行怀志报国中国高校之窗大连理工大学在耐酸沸石膜微观结中国科学报大连理工大学耐酸沸石膜微观结构建设工程学部张鑫旺获学生竞赛团体第一名材料级校友返校暨奖学金签约仪式顺利举行海洋能源利用与节能教育部重点实验室召开学委会会我校再获辽宁省大学生电子设计竞赛最高奖杯实践在路上躬身企业行笃志中国梦全国人工环境相关学科博士生导师研讨会在我校召开我校在耐酸沸石膜微观结构的设计与调控研究取得新推荐视频钱令希诞辰百年纪录片发布预告年月日大工新闻学校隆重举行庆祝中国共产党成立周年大会为梦连理大连理工大学招生宣传片焦点图片毕业季校园里那抹亮色美女毕业生遇见特色学位服毕业季大学四年最遗憾的那些事毕业季最大工难忘凌工路号那件事大工建筑篇一你不得不知道的那些楼排行榜点击罗均炎同志逝世郭东明校长会见大连公交集团董事长孙明一行我校在构建高性能锂离子电池负极材料研究取得学校组织召开科技成果研讨会全国人工环境相关学科博士生导师研讨会在我校大工代表队勇夺全国电子商务三创赛总决赛我校再获辽宁省大学生电子设计竞赛最高奖实践在路上走进企业长才干扬帆起航京津我校在耐酸沸石膜微观结构的设计与调控研究取新兴电子商务的信息与物流管理教育部创新第一页内容缓存全文内容缓存根据设置字体大小并初始化按钮请选择投票选项最多允许选项单页阅读分页阅读单页阅读分页阅读控制内容区域的的图片大小并为过大的图片添加查看原图复制网址复制链接成功被浏览器拒绝请在浏览器地址栏输入并回车然后将设置为复制链接成功改变字号小本文地址电话版权所有大连理工大学新闻中心
