http://news.dlut.edu.cn/article/zonghe/2.shtml
86
147
149
150
152
151
155
154
153
156
157
165
166
16
10
15
155
154
153
156
157
165
166
16
10
15
17
19
20
14
150
150
150
48
53
57
55
60
56
58
59
63
100
167
167
162
162
56
63
59
60
58
53
57
55
48
100
综合新闻大工新闻网每日推荐字体大小设置清除背景颜色效果边框清除栏目内容文字居左设置调整宽度是注意对应左边栏文字居左设置导航目录颜色调整设置宣传部站群海燕网星海夜话手机版新闻线索预约采访会员投稿留言板学校要闻综合新闻菁菁校园新闻聚焦校园视点信息预告媒体大工领导论坛大工人物校友之声学术动态大工往事部院风采合作交流专题新闻校园视点信息预告媒体大工领导论坛大工人物校友之声学术动态大工往事部院风采合作交流专题新闻精彩瞬间光影四季人文艺术校史钩沉第一时间大工新闻在你身边专题报道校园文艺校园拍客今日大工大工讲坛关于团队校史故事品学校园文艺校园拍客今日大工大工讲坛关于团队校史故事品学十七点播报广播台新闻节目综艺节目外文节目专题节目广播剧下载首页新闻综合新闻海洋能源利用与节能教育部重点实验室召开学委会会议年月日我校再获辽宁省大学生电子设计竞赛最高奖杯年月日实践在路上躬身企业行笃志中国梦年月日全国人工环境相关学科博士生导师研讨会在我校召开年月日我校在耐酸沸石膜微观结构的设计与调控研究取得新进展年月日实践在路上怀报国之志行实践之路做合格党员年月日学校组织召开科技成果研讨会年月日实践在路上走进企业长才干扬帆起航京津冀年月日我校在构建高性能锂离子电池负极材料研究取得新进展年月日大工代表队勇夺全国电子商务三创赛总决赛特等奖年月日新兴电子商务的信息与物流管理教育部创新团队顺利通过验收年月日给科研人员松绑加油年月日中办国办印发关于进一步完善中央财政科研项目资金管理等政策的若干意见年月日实践在路上赴渝见证传统制造业老树发新枝年月日学校援助保山市第四届体育运动会龙陵代表团工作正式启动年月日年新任辅导员军训圆满结束年月日实践在路上心怀报国志东北名企行年月日两学一做重读先烈诗章探访红色印记做新时代合格党员年月日大工学子在全国智能车比赛东北区赛中再获佳绩年月日两学一做尊崇党章严守党纪不忘初心做合格党员年月日上一页下一页每日推荐郭东明校长会见白俄罗斯国立大学校长阿布拉缅因科我校优秀研究生赴新加坡参加全球青年领袖游学营活两学一做重温历史记忆追寻先进榜样争做合格实践在路上躬行践履念初心筑梦青春再前行党委副书记副校长宋丹率团赴龙陵县调研中澳科学家联合攻关在硅烯研究中取得突破大工学子参加第七届世界大学生领导者研讨会实践在路上齐风鲁韵共连理望煦寻华报国行第七届国际离散元法会议在大工召开光明日报大连理工援梦专列启程推荐视频钱令希诞辰百年纪录片发布预告年月日大工新闻学校隆重举行庆祝中国共产党成立周年大会为梦连理大连理工大学招生宣传片焦点图片毕业季校园里那抹亮色美女毕业生遇见特色学位服毕业季大学四年最遗憾的那些事毕业季最大工难忘凌工路号那件事大工建筑篇一你不得不知道的那些楼排行榜点击中澳科学家联合攻关在硅烯研究中取得突破第七届国际离散元法会议在大工召开实践在路上齐风鲁韵共连理望煦寻华报国党委副书记副校长宋丹率团赴龙陵县调研大工学子参加第七届世界大学生领导者研讨会我校优秀研究生赴新加坡参加全球青年领袖游学两学一做重温历史记忆追寻先进榜样争做实践在路上躬行践履念初心筑梦青春再前郭东明校长会见白俄罗斯国立大学校长阿布拉缅光明日报大连理工援梦专列启程电话版权所有大连理工大学新闻中心
