http://news.dlut.edu.cn/article/2016/0811/68557.shtml
29
150
68
124
167
167
162
162
160
实践在路上深入企业了解发展前沿全面促进校企合作综合新闻大工新闻网首页新闻图片视频报纸广播首页新闻综合新闻正文实践在路上深入企业了解发展前沿全面促进校企合作机械工程学院青年教师赴青岛海信集团开展暑期社会实践作者邹靓靓庞丹来源机械工程学院时间点击为积极响应学校党委号召深入贯彻落实关于加强和改进高校青年教师思想政治工作的若干意见精神深入企业了解行业发展前沿动态创建校企合作新模式推动人才培养实现共赢月日大连理工大学机械工程学院名青年教师从各地奔赴青岛在海信集团开展了为期两天的暑期社会实践活动月日上午机械工程学院青年教师社会实践团一行人来到青岛海信空调有限公司受到了公司徐涛部长的热情接待首先海信空调的领导和实践团一行进行了座谈现为海信员工的大工机械工程学院校友陈守海也参与了此次座谈徐涛部长向大工老师介绍了海信集团和海信空调情况大工机械的刘新老师也将大连理工大学机械工程学院和协同创新中心的情况进行了讲解在随后的交流中双方就大连理工大学毕业生情况和毕业生就业情况进行了深入交流上午在生产部黄术良主任带领下实践团一行人参观了海信空调展厅和实验室了解了海信空调现今发展情况和满足不同需求的主要空调产品随后实践团一行人又参观了空调生产车间并与徐涛部长和黄术良主任合影留念下午实践团一行人来到了位于青岛市的海信空调研发中心研发中心李本卫所长亲切接待并与老师们进行了交流首先李所长就海信空调研发中心和人才需求情况进行了详细介绍随后机械工程学院的刘新老师将大连理工大学和机械工程学院情况向李所长进行简单讲解并提出校企合作的初步想法刘新老师提出依托学校大学生创新创业计划和工程硕士实践项目学校与企业可以进行合作学校的本科生和研究生可以不同层次不同时间一定程度的深入企业实现学校和企业共同培养学生的新模式一方面可以帮助学生尽快接触社会促进学生成长成才另一方面可以为企业输送人才并解决一些实际问题实现高校与企业的对接将学术应用转化为成果李所长也表示非常欢迎大连理工大学学生前来公司实习也希望可以就校企合作的细节与学校进行深入沟通座谈结束后实践团一行人在海信大工校友陈守海的带领下参观了海信空调研发实验室并与研发中心的李所长合影留念月日海信大工校友带领实践团一行人参观了海信大厦在讲解员的引导下实践团一行人了解了海信的发展历史现状及前景海信集团除发展白电设备外还涉足交通医疗等多领域其发展前景不容小觑此次大连理工大学机械工程学院青年教师赴青岛海信集团参观交流是校企合作的一个良好开端为学校和企业共同培养人才学校向企业输送人才奠定了良好的基础此次活动也创新了大工青年教师实践活动模式实践始于走出去更要引进来将企业良好的文化优质的资源引入学校实现校企合作校企共赢的新局面海信集团有限公司海信集团是国内唯一持有海信科龙和容声三个中国著名商标的企业集团海信电视历时年研发的技术将电视画质提升到全新的高度海信拥有海信电器和海信科龙两家分别在沪深港三地上市的公司持有海信科龙和容声三个中国著名商标海信目前已经在海外建有个分公司实施本土化经营建有个生产基地实施区域化生产在欧美建有个研发中心面向全球引进高端人才促进国内的设计研发人员走出去海外分支机构覆盖美洲欧洲非洲中东澳洲及东南亚等全球市场产品远销多个国家和地区责任编辑张平媛复制网址打印每日推荐关于进一步完善中央财政科研项目资金管理等政策实践在路上访江浙沪企业悟学思礼心得实践在路上软件师生赴美参加卓越联盟暑期项目实践在路上规划自我践知于行怀志报国实践在路上深入企业了解发展前沿全面促进校中国高校之窗大连理工大学在耐酸沸石膜微观结中国科学报大连理工大学耐酸沸石膜微观结构建设工程学部张鑫旺获学生竞赛团体第一名材料级校友返校暨奖学金签约仪式顺利举行海洋能源利用与节能教育部重点实验室召开学委会会推荐视频钱令希诞辰百年纪录片发布预告年月日大工新闻学校隆重举行庆祝中国共产党成立周年大会为梦连理大连理工大学招生宣传片焦点图片毕业季校园里那抹亮色美女毕业生遇见特色学位服毕业季大学四年最遗憾的那些事毕业季最大工难忘凌工路号那件事大工建筑篇一你不得不知道的那些楼排行榜点击罗均炎同志逝世郭东明校长会见大连公交集团董事长孙明一行我校在构建高性能锂离子电池负极材料研究取得学校组织召开科技成果研讨会全国人工环境相关学科博士生导师研讨会在我校大工代表队勇夺全国电子商务三创赛总决赛我校再获辽宁省大学生电子设计竞赛最高奖实践在路上走进企业长才干扬帆起航京津我校在耐酸沸石膜微观结构的设计与调控研究取新兴电子商务的信息与物流管理教育部创新第一页内容缓存全文内容缓存根据设置字体大小并初始化按钮请选择投票选项最多允许选项单页阅读分页阅读单页阅读分页阅读控制内容区域的的图片大小并为过大的图片添加查看原图复制网址复制链接成功被浏览器拒绝请在浏览器地址栏输入并回车然后将设置为复制链接成功改变字号小本文地址电话版权所有大连理工大学新闻中心
