http://news.dlut.edu.cn/article/zonghe/3.shtml
86
147
149
150
152
151
155
154
153
156
157
165
166
16
10
15
155
154
153
156
157
165
166
16
10
15
17
19
20
14
150
148
13
150
48
53
57
55
60
56
58
59
63
100
167
167
162
162
56
63
59
60
58
53
57
55
48
100
综合新闻大工新闻网每日推荐字体大小设置清除背景颜色效果边框清除栏目内容文字居左设置调整宽度是注意对应左边栏文字居左设置导航目录颜色调整设置宣传部站群海燕网星海夜话手机版新闻线索预约采访会员投稿留言板学校要闻综合新闻菁菁校园新闻聚焦校园视点信息预告媒体大工领导论坛大工人物校友之声学术动态大工往事部院风采合作交流专题新闻校园视点信息预告媒体大工领导论坛大工人物校友之声学术动态大工往事部院风采合作交流专题新闻精彩瞬间光影四季人文艺术校史钩沉第一时间大工新闻在你身边专题报道校园文艺校园拍客今日大工大工讲坛关于团队校史故事品学校园文艺校园拍客今日大工大工讲坛关于团队校史故事品学十七点播报广播台新闻节目综艺节目外文节目专题节目广播剧下载首页新闻综合新闻南华大学教学督导团团长朱惠延教授一行访问我校年月日民进全国省级组织宣传干部培训班在我校开班年月日中国核动力研究设计院黄彦平总工程师受聘大工兼职教授年月日学校成立防台防汛领导小组动员部署防台防汛工作年月日两学一做学校两学一做学习教育领导小组办公室召开工作会议年月日学校召开新一届本科生奖学金评审委员会第一次会议年月日软件学子挺进大型机世界杯竞赛全球前十年月日第期辽宁省高校辅导员专题培训班在我校举行年月日统筹规划全面布局因势利导抢抓优秀生源年月日洪晓楠教授被聘为教育部高校思想政治理论课教指委委员年月日支创客团队获斯嘉丽创新创业奖学金年月日大工附校中考成绩再创历史新高年月日学校召开研究生培养方案修订工作审定会年月日两学一做放假不放松多项举措确保学习教育常态化年月日能源与动力学院完成新一届党委换届及纪委成立选举工作年月日第届全国青少年教育机器人奥林匹克竞赛在我校举办年月日组图从首届毕业生毕业决心书中传承红色基因年月日学校召开一级博士学位授权点合格评估校内评审会年月日学校开展年暑假前综合安全大检查年月日学校召开学科建设专项座谈会年月日上一页下一页每日推荐郭东明校长会见白俄罗斯国立大学校长阿布拉缅因科我校优秀研究生赴新加坡参加全球青年领袖游学营活两学一做重温历史记忆追寻先进榜样争做合格实践在路上躬行践履念初心筑梦青春再前行党委副书记副校长宋丹率团赴龙陵县调研中澳科学家联合攻关在硅烯研究中取得突破大工学子参加第七届世界大学生领导者研讨会实践在路上齐风鲁韵共连理望煦寻华报国行第七届国际离散元法会议在大工召开光明日报大连理工援梦专列启程推荐视频钱令希诞辰百年纪录片发布预告年月日大工新闻学校隆重举行庆祝中国共产党成立周年大会为梦连理大连理工大学招生宣传片焦点图片毕业季校园里那抹亮色美女毕业生遇见特色学位服毕业季大学四年最遗憾的那些事毕业季最大工难忘凌工路号那件事大工建筑篇一你不得不知道的那些楼排行榜点击中澳科学家联合攻关在硅烯研究中取得突破第七届国际离散元法会议在大工召开实践在路上齐风鲁韵共连理望煦寻华报国党委副书记副校长宋丹率团赴龙陵县调研大工学子参加第七届世界大学生领导者研讨会我校优秀研究生赴新加坡参加全球青年领袖游学两学一做重温历史记忆追寻先进榜样争做实践在路上躬行践履念初心筑梦青春再前郭东明校长会见白俄罗斯国立大学校长阿布拉缅光明日报大连理工援梦专列启程电话版权所有大连理工大学新闻中心
