http://news.dlut.edu.cn/article/zonghe/4.shtml
86
147
149
150
152
151
155
154
153
156
157
165
166
16
10
15
155
154
153
156
157
165
166
16
10
15
17
19
20
14
150
130
150
48
53
57
55
60
56
58
59
63
100
167
167
162
162
56
63
59
60
58
53
57
55
48
100
综合新闻大工新闻网每日推荐字体大小设置清除背景颜色效果边框清除栏目内容文字居左设置调整宽度是注意对应左边栏文字居左设置导航目录颜色调整设置宣传部站群海燕网星海夜话手机版新闻线索预约采访会员投稿留言板学校要闻综合新闻菁菁校园新闻聚焦校园视点信息预告媒体大工领导论坛大工人物校友之声学术动态大工往事部院风采合作交流专题新闻校园视点信息预告媒体大工领导论坛大工人物校友之声学术动态大工往事部院风采合作交流专题新闻精彩瞬间光影四季人文艺术校史钩沉第一时间大工新闻在你身边专题报道校园文艺校园拍客今日大工大工讲坛关于团队校史故事品学校园文艺校园拍客今日大工大工讲坛关于团队校史故事品学十七点播报广播台新闻节目综艺节目外文节目专题节目广播剧下载首页新闻综合新闻机关学习毛丰美培训班赴大梨树村实地学习年月日支创业团队角逐校园三创赛舞台年月日大连理工大学与大连海洋大学签署联合人才培养合作协议年月日学习贯彻王寒松书记重要讲话精神团结带领青年学生在学校双一流建设中焕发青春光彩年月日大连理工大学应邀赴美参加微软研究院高峰论坛年月日中国地震局工程力学研究所所长孙柏涛受聘我校兼职教授年月日援梦专列让大工人彼此传递温暖年月日基于移动互联网的课堂教学模式创新研讨会在连召开年月日高大衔接特色课程暑期营大连理工大学分营活动闭幕年月日大连理工大学获中国高校计算机大赛团队一等奖年月日大工教师获全国水利学科青年教师讲课竞赛特等奖年月日卓越联盟高校聚首大工交流研讨通识教育年月日石墨烯基功能材料的结构和性能调控研究取得新进展年月日学校召开第二届党建理论与实践研讨会年月日将热情和汗水挥洒在新疆这片广袤土地上年月日研招进行时如火如荼开展年研究生招生宣传年月日全国近所高校教师学者来校研讨马克思主义发展观年月日两学一做把政治纪律和政治规矩内化于心外化于行年月日材料科学与工程学院选举产生新一届党委并成立纪委年月日大工人物校友篇张阿漫胸怀海洋强国梦年月日上一页下一页每日推荐郭东明校长会见白俄罗斯国立大学校长阿布拉缅因科我校优秀研究生赴新加坡参加全球青年领袖游学营活两学一做重温历史记忆追寻先进榜样争做合格实践在路上躬行践履念初心筑梦青春再前行党委副书记副校长宋丹率团赴龙陵县调研中澳科学家联合攻关在硅烯研究中取得突破大工学子参加第七届世界大学生领导者研讨会实践在路上齐风鲁韵共连理望煦寻华报国行第七届国际离散元法会议在大工召开光明日报大连理工援梦专列启程推荐视频钱令希诞辰百年纪录片发布预告年月日大工新闻学校隆重举行庆祝中国共产党成立周年大会为梦连理大连理工大学招生宣传片焦点图片毕业季校园里那抹亮色美女毕业生遇见特色学位服毕业季大学四年最遗憾的那些事毕业季最大工难忘凌工路号那件事大工建筑篇一你不得不知道的那些楼排行榜点击中澳科学家联合攻关在硅烯研究中取得突破第七届国际离散元法会议在大工召开实践在路上齐风鲁韵共连理望煦寻华报国党委副书记副校长宋丹率团赴龙陵县调研大工学子参加第七届世界大学生领导者研讨会我校优秀研究生赴新加坡参加全球青年领袖游学两学一做重温历史记忆追寻先进榜样争做实践在路上躬行践履念初心筑梦青春再前郭东明校长会见白俄罗斯国立大学校长阿布拉缅光明日报大连理工援梦专列启程电话版权所有大连理工大学新闻中心
