http://news.dlut.edu.cn/article/2016/0706/67736.shtml
29
177
147
158
158
167
167
166
166
169
169
人文与社会科学学部举行安全生产月系列活动菁菁校园大工新闻网首页新闻图片视频报纸广播首页新闻菁菁校园正文人文与社会科学学部举行安全生产月系列活动作者郭姝媛庞源来源人文与社会科学学部时间点击为进一步强化安全生产责任增强师生安全意识根据学校相关通知要求月日起人文与社会科学学部在广泛开展年安全生产月活动以强化安全发展观念提升全民发展素质为主题学部通过集中开展系列安全生产宣传教育活动强化红线意识普及安全知识弘扬安全文化提升安全素养学部通过电子屏宣传栏等多种形式播放宣传标语悬挂安全旗张贴公共安全知识常见事故伤害现场救护知识等宣传海报整理发布公共安全知识常识营造安全生产月活动氛围将安全意识深入人心见于日常在安全生产月活动过程中学部将继续进行安全知识宣传迅速开展以实验室办公场所安全为重点的隐患排查整治活动发现隐患及时整改构建和谐平安美丽校园责任编辑张平媛复制网址打印每日推荐落实十三五发展规划推动学校发展实现新跨越央广网大连理工大学后国防毕业生主动申请到大连理工大学附属学校举行届学生毕业典礼大连理工大学援梦专列再次启程人民网大连理工大学教师获日本水环境学会年度人民网大连理工大学获电力建设科技进步一等奖郭东明校长应邀出席中俄大学校长峰会并作主题演讲光明日报青年学子成长的知心人建党周年先进基层党组织掠影二天健网大工援梦专列帮困难新生解决入学推荐视频钱令希诞辰百年纪录片发布预告年月日大工新闻学校隆重举行庆祝中国共产党成立周年大会为梦连理大连理工大学招生宣传片焦点图片毕业季校园里那抹亮色美女毕业生遇见特色学位服毕业季大学四年最遗憾的那些事毕业季最大工难忘凌工路号那件事大工建筑篇一你不得不知道的那些楼排行榜点击钱令希院士诞辰百年系列纪念活动将掀高潮校友许宪平调任通用技术集团董事长基建进行时学校基本建设正在加紧推进中大连理工大学校友会新增国际化成员严守党的政治纪律和政治规矩做政治上的明白王凤海校友出任大商所党委副书记总经理中组部人才工作局领导来校看望千人计划大连理工大学举办第二届中外博士研究生学术论我校学子杨帆当选夏季达沃斯论坛代表加强马克思主义学院建设培养信仰坚定的优秀第一页内容缓存全文内容缓存根据设置字体大小并初始化按钮请选择投票选项最多允许选项单页阅读分页阅读单页阅读分页阅读控制内容区域的的图片大小并为过大的图片添加查看原图复制网址复制链接成功被浏览器拒绝请在浏览器地址栏输入并回车然后将设置为复制链接成功改变字号小本文地址电话版权所有大连理工大学新闻中心
