http://news.dlut.edu.cn/article/2016/0701/67657.shtml
29
177
187
158
158
167
167
166
166
169
169
110
141
109
第六届电子信息与电气工程学部科技文化节落幕菁菁校园大工新闻网首页新闻图片视频报纸广播首页新闻菁菁校园正文第六届电子信息与电气工程学部科技文化节落幕作者程才来源电子信息与电气工程学部时间点击月日历时一个月之久的杯第六届电子信息与电气工程学部科技文化节落下了帷幕闭幕式在国际会议中心第二会议室举行美国富达投资大连交付中心总经理人力资源副总裁姜绥软件开发总监杨珂资深招聘专员王林以及电信学部副部长党委副书记杨雪岩教授电信学部控制科学与工程学院直属党支部书记兼副院长博士生导师智能机器人专家庄严教授电信学部团委副书记创新创业工作指导教师程才老师出席闭幕式经过一个月有条不紊紧凑激烈的比赛本届科技文化节圆满完成了各项赛事选手们经过激烈的角逐在比赛中取得了优异的成绩闭幕式上主持人首先回顾了本届科技文化节然后进行了科技成果的展示首先是精彩的学部科技成果展示室外大范围场景自主移动巡检机器人便携式室外大范围三维场景重构系统脑电波控制机器人无不令在场同学感到震撼之后的学生成果展示也毫不逊色基于的服务型机器人的新型控制方式超声波测距系统智能探索家等获奖作品向我们展示了电信学子浓厚的科研兴趣和强劲的科创实力最后主持人公布获奖名单并颁发奖状奖品庄严教授在致辞中鼓励同学们树立更加远大的目标把目光投向国际顶尖研究水平踏实勤奋在科创研究领域取得更加有优异的成绩美国富达投资大连交付中心总经理进行了英文发言对同学们的科创热情和取得的成果给予了高度赞扬并表达了富达投资与大工合作的高度热情会议的最后电信学部副部长兼副书记杨雪岩教授讲话她鼓励电信学子要树立用科技改变生活的宽广胸怀在首捧瑞萨杯多次在国际顶级期刊发表论文的优异成绩的激励下不断攀登新高峰讲话最后杨教授动情地说亲爱的同学们我的中年晚年生活的幸福程度靠你们了收获了同学们雷鸣般的掌声历时一个月之久的科技文化节圆满结束此次科技文化节见证了电信学子的努力和风采不畏艰险勇攀高峰超越自我是他们不变的信念电信学部丰硕的科创成果离不开每一位热爱科创的同学的努力相信他们的拼搏将铸就电信学部更美好的明天责任编辑张平媛复制网址打印每日推荐建艺研究生志愿者返爱社会放飞梦想两学一做全燮教授在环境研究生中开展导师带两学一做化环生学部党委委员张淑芬教授到基层两学一做遵崇党章遵守党规做合格党员两学一做数学科学学院师生党员集中学习党章党钱令希院士诞辰百年系列纪念活动将掀高潮两学一做以丰富的党日活动庆祝党的岁华诞首期软件工程青才论坛在开发区校区举行建党周年机关党委举办系列党课活动两学一做学习毛丰美做合格党员推荐视频钱令希诞辰百年纪录片发布预告年月日大工新闻学校隆重举行庆祝中国共产党成立周年大会为梦连理大连理工大学招生宣传片焦点图片毕业季校园里那抹亮色美女毕业生遇见特色学位服毕业季大学四年最遗憾的那些事毕业季最大工难忘凌工路号那件事大工建筑篇一你不得不知道的那些楼排行榜点击面孔优秀共产党员党务工作者掠影辽宁省委书记李希视察大连理工大学组图心声师生热议习总书记建党周年校长郭东明会见荆楚理工学院校长谭晓明中组部两学一做学习教育督导组到大工实地钱令希院士诞辰百年胡文瑞院士做客大工评论党旗猎猎别样红誓言铮铮壮征程辽宁省社科联主席孙成杰一行来我校调研大连理工大学在辽宁省大学生创新创业年会中再我校首次通过实验发现低气压等离子体中的辉光第一页内容缓存全文内容缓存根据设置字体大小并初始化按钮请选择投票选项最多允许选项单页阅读分页阅读单页阅读分页阅读控制内容区域的的图片大小并为过大的图片添加查看原图复制网址复制链接成功被浏览器拒绝请在浏览器地址栏输入并回车然后将设置为复制链接成功改变字号小本文地址电话版权所有大连理工大学新闻中心
