http://news.dlut.edu.cn/article/2016/0630/67478.shtml
27
177
120
120
158
158
167
167
166
166
169
169
113
142
106
能动学院届毕业生典礼暨学位授予仪式圆满落幕菁菁校园大工新闻网首页新闻图片视频报纸广播首页新闻菁菁校园正文能动学院届毕业生典礼暨学位授予仪式圆满落幕作者张梦超来源能源与动力学院时间点击凤凰花开骊歌响起又是一年毕业季月日大连理工大学能源与动力学院届毕业生毕业典礼暨学位授予仪式在伯川图书馆报告厅隆重举行院长沈胜强教授党委书记王晓放教授副院长穆海林教授各研究所所长辅导员老师全体毕业生以及部分毕业生家长和亲友参加了此次典礼典礼在雄壮的国歌声中拉开了序幕穆海林副院长首先宣读了毕业生学位授予名单随后沈胜强教授王晓放教授穆海林教授为获得学位的毕业生授予学位证书并郑重地为毕业生拨穗正冠典礼现场掌声雷动气氛热烈全体届毕业生以最真挚的情感表达出他们对大学时光的眷念对母校的感恩相逢又别离归帆又离岸届博士研究生王彦红代表全体毕业生发言结合自身研究生学术之路上的点点滴滴王彦红同学回顾了几年来与导师朝夕相处的时光与同学求索攀登的日子他表示毕业既是一个终点又是一个新的起点感谢老师们的引导和关爱所有毕业生将努力拼搏不断耕耘级本科生吴天龙同学代表能动学院全体在校生发言表达了对即将走出校园学长学姐的感谢和祝福他提到了能动团学是一个崭新而充满活力的集体是届本科毕业生为这个集体注入了最鲜活的动力其后青年教师张毅老师的发言热情洋溢他对毕业生们谆谆嘱托到毕业生们要在中华古典文化中寻找实现人生价值的途径通过自身的努力朝着修身齐家治国平天下的目标奋斗在价值体系多元化的今天每一位毕业生都面临着极大的挑战他相信能动学院每一位毕业生都能在广阔的社会舞台上找到自己的立足之本冬寒倍觉日暖分别更念相聚最后沈院长致欢送词代表能动学院全体教师向毕业生致以最真诚的祝贺并提出了三点希望希望毕业生保持一颗拼搏进取心脚踏实地持之以恒希望毕业生保持一颗淡然乐观心胸怀坦荡大气谦和希望毕业生保持一颗爱心爱家爱校爱国爱人类不忘初心方得始终回首毕业生在大工的时光沈院长期待同学们秉承能源与动力学院博学明辨修身笃行的院训在社会大熔炉里在漫漫人生旅途中大浪淘沙炼出真金此刻的分别是为了更好的重逢在通往卓越的路上能动学子将前仆后继不忘使命祝福能源与动力学院届全体毕业生前程似锦一帆风顺责任编辑张平媛复制网址打印每日推荐能动学院届毕业生典礼暨学位授予仪式圆满落幕两学一做蹇锡高院士为领师生解读建设科技强管理与经济学部届研究生毕业典礼隆重举行大连理工大学届国际学生毕业典礼隆重举行大工人物校友篇李彬央企高管的简单人大工人物校友篇李彬央企高管的简单人营口日报大工营口研究院牵手信义玻璃光明网大连理工大学为党员精选礼物助推东北新闻网大连理工大学通过实验发现低气压等中国高校之窗大连理工大学首次通过实验发现低推荐视频钱令希诞辰百年纪录片发布预告年月日大工新闻学校隆重举行庆祝中国共产党成立周年大会为梦连理大连理工大学招生宣传片焦点图片毕业季校园里那抹亮色美女毕业生遇见特色学位服毕业季大学四年最遗憾的那些事毕业季最大工难忘凌工路号那件事大工建筑篇一你不得不知道的那些楼排行榜点击大工欢迎你你的大工你定义为梦连理大连理工大学招生宣传片坚持党的领导加强党的建设为全面推进特色在现场图说庆祝中国共产党成立周年大会学校领导与毕业生共进午餐情浓意切送祝福毕业文化衫连理同心专属研究生的温暖记爱尚大工学校举行年本科招生咨询会校党委书记王寒松在全校庆祝中国共产党成立建党周年学科发展的带头人学部党建的严守政治纪律和政治规矩围绕学部发展履职尽第一页内容缓存全文内容缓存根据设置字体大小并初始化按钮请选择投票选项最多允许选项单页阅读分页阅读单页阅读分页阅读控制内容区域的的图片大小并为过大的图片添加查看原图复制网址复制链接成功被浏览器拒绝请在浏览器地址栏输入并回车然后将设置为复制链接成功改变字号小本文地址电话版权所有大连理工大学新闻中心
