http://news.dlut.edu.cn/photo/guangying/1.shtml
92
147
149
150
152
151
155
154
153
156
157
165
166
16
10
15
155
154
153
156
157
165
166
16
10
15
17
19
20
14
19
162
162
大工新闻网大连理工大学搜索文本框文字垂直居中设置用左边距清除原有宣传部站群海燕网星海夜话手机版新闻线索预约采访会员投稿留言板学校要闻综合新闻菁菁校园新闻聚焦校园视点信息预告媒体大工领导论坛大工人物校友之声学术动态大工往事部院风采合作交流专题新闻校园视点信息预告媒体大工领导论坛大工人物校友之声学术动态大工往事部院风采合作交流专题新闻精彩瞬间光影四季人文艺术校史钩沉第一时间大工新闻在你身边专题报道校园文艺校园拍客今日大工大工讲坛关于团队校史故事品学校园文艺校园拍客今日大工大工讲坛关于团队校史故事品学十七点播报广播台新闻节目综艺节目外文节目专题节目广播剧下载首页图片光影四季组图宁静跨越夏与秋的假期初雪终于等到你秋色满园二秋色满园一光影大工冬雪飞舞洒校园组图醉美大工秋大工建筑篇一你不得不知道的那些楼盘锦校区进行时五月的盘锦校区大工植物园大工植物你知多少春你静悄悄地来速览大工银装素裹美校园秋色浸染大工园最美不过大工景大工春天序曲在大工不得不知道的那些校园建筑那些年我们一起拍的大工第一季理工南门夜色瑞雪迎新年大工冬趣大工秋韵上一页下一页图片排行榜面孔校友年度人物榜样大工面孔学术之星面孔他们感动大工组图微瞬间以青春之名共赴运动盛宴在你身边模联十年打开通往世界一扇新窗组图五四青年节我的青春我的团组图赛场上的速度与激情在现场瞬间感动大工在现场梅兰芳以舞蹈之形写京剧之神组图第二届感动大工年度人物心声电话版权所有大连理工大学新闻中心
