http://news.dlut.edu.cn/article/2016/0812/66059.shtml
24
177
139
315
63
208
167
165
165
240
240
352
352
267
267
282
277
167
109
376
97
208
111
117
297
我校在人类乳腺癌治疗策略的研究中取得新进展综合新闻大工新闻网首页新闻图片视频报纸广播首页新闻综合新闻正文我校在人类乳腺癌治疗策略的研究中取得新进展作者李瑛琦来源盘锦校区时间点击近日我校辽宁省分子生物学创新团队盘锦校区生命与医药学院副院长伍会健领导的课题组在乳腺癌治疗策略的研究中取得新进展发现转录因子可以发生化且抑制乳腺癌细胞的增殖研究论文发表在近期的癌症靶点期刊上乳腺癌是女性常见的恶性肿瘤其发病率正逐年上升严重威胁着妇女的健康和生命也给社会和家庭带来巨大的财产损失和精神痛苦雌激素受体是乳腺癌发生发展过程中重要的调节因子在近的乳腺癌中高表达临床上是一个良好的乳腺癌诊断和治疗的生物学标志物也是乳腺癌治疗中一个重要的靶点因此鉴定出对具有调节功能的分子可以促进乳腺癌治疗策略的发展该论文的题目为的化下调雌激素受体的转录活性该研究发现家族转录因子可作为负调控因子抑制的转录活性并确定了的一种翻译后修饰化对阐述介导的乳腺癌发生发展的分子机制具有重要意义也为介导的疾病的治疗开辟了新的思路癌症靶点是由公司出版的发表原创性研究成果的专业期刊研究领域涵盖肿瘤相关领域的多个学科近年的影响因子为位列分区医学类区该研究由敖翔博士李淑晶博士等为主完成获得国家自然科学基金辽宁省创新团队等资金的支持责任编辑张平媛复制网址打印每日推荐两学一做坚定理想信念传承红色基因第三届全国颗粒材料计算力学会议在大连理工大学召基于合金薄膜电极的高效电化学催化产氢取得实践在路上印象辽宁梦想中国心系辽东绿韵连校长郭东明到基层党支部讲党课中国科学报好故事救活思政课天健网大连理工大学讲好故事激活思政课我校在人类乳腺癌治疗策略的研究中取得新进展第十一届工业爆炸与安全防护国际学术会议在大连召美国密歇根大学副校长胡仕新教授应邀作专题报告推荐视频钱令希诞辰百年纪录片发布预告年月日大工新闻学校隆重举行庆祝中国共产党成立周年大会为梦连理大连理工大学招生宣传片焦点图片毕业季校园里那抹亮色美女毕业生遇见特色学位服毕业季大学四年最遗憾的那些事毕业季最大工难忘凌工路号那件事大工建筑篇一你不得不知道的那些楼排行榜点击郭东明校长会见大连公交集团董事长孙明一行全国人工环境相关学科博士生导师研讨会在我校美国密歇根大学副校长胡仕新教授应邀作专题报我校再获辽宁省大学生电子设计竞赛最高奖实践在路上访江浙沪企业悟学思礼心得实践在路上深入企业了解发展前沿全面促第十一届工业爆炸与安全防护国际学术会议在大我校在耐酸沸石膜微观结构的设计与调控研究取实践在路上躬身企业行笃志中国梦关于进一步完善中央财政科研项目资金管理等第一页内容缓存全文内容缓存根据设置字体大小并初始化按钮请选择投票选项最多允许选项单页阅读分页阅读单页阅读分页阅读控制内容区域的的图片大小并为过大的图片添加查看原图复制网址复制链接成功被浏览器拒绝请在浏览器地址栏输入并回车然后将设置为复制链接成功改变字号小本文地址电话版权所有大连理工大学新闻中心
-1
