http://news.dlut.edu.cn/article/2013/1203/51791.shtml
10
165
165
240
240
352
352
267
267
363
26
奖学金怎么花大工新闻网首页新闻图片视频报纸广播首页新闻校园视点正文奖学金怎么花奖学金获得者面面谈作者王增强记者团文王欣桐图来源宣传部新闻中心时间点击采访背景学年我校共有名本科生获得奖学金参评学生基数人获奖比例达本科生奖学金种类从资金来源上分为学校奖学金国家奖学金国家励志奖学金社会捐赠的专项奖学金四类各类下设项数总和为项全校学年奖学金总额达万元学年的奖学金花名册已经确定奖学金款额也将于近期打入学生银行卡中面对这样一笔意外收入应该如何进行分配如何分配才能实现最佳利用根据调查和统计约的获得者会将奖学金的大部分用于平时生活的花销约会用作学费约会用来回报父母师友等等剩下的则包括个人存储发展个人爱好和旅游捐助贫困生等等虽有共性但观之每个人的花费方式仍旧有自己的独特之处让我们走近他们感恩与孝顺先行今年刚拿到国家奖学金的建设工程学部的陈洁同学对称得上巨额奖学金的使用有着自己独到的打算她准备把这笔钱存起来作为未来给父母买房的基金这种感恩的心情不由得让人心底溢满温暖我想靠自己的能力在一个山清水秀的地方买一套好房子来报答父母的哺育之恩她微笑谈到虽然有人对此唏嘘惊叹但是她仍然信心百倍憧憬未来相信点滴积累不懈的坚持实现目标不是梦奋力逐梦爱心回馈化工与环境生命学部大四学生现任校学生会主席的冷闯认为对待奖学金不能太刻意的追求应该分配好时间平衡学习与工作关系提升自身的综合能力和素养现为建筑与艺术学院大二学生的张绮诗大学生涯首获国奖但她坦言自己并不是以国奖为目标而是朝着梦想循着兴趣一步一步脚踏实地不知不觉接近了国奖有时候忙到不可开交我也会很想要放弃但是想到这些事都是我喜欢的为它们付出我感到很高兴正是这种顽强拼搏坚持不懈的作风为她铺就了通往国奖的道路张绮诗打算将部分奖学金捐赠给需要帮助的人由于平时能力所限只能捐力所能及的小数目这次拿了奖可以捐更多了她微笑道享受旅行的乐趣行走在路上努力并不是为了奖学金大学生活需要规划奖学金只是激励我们更充实地度过大学生活学习才是根本目的机械工程与材料能源学部大四学生苏朋慧曾数次获得国家奖学金她说自己每次获奖都会拿出部分奖学金用于外出旅游去充分享受外面的世界放松心灵寻找最真实的自我人文学部的研一学生张译丹表示旅行可以开阔人生视野丰富人生阅历是她理财规划中的重要一项这个中文系的女孩儿坚信要么旅行要么读书身体和灵魂必须有一个在路上王雨丝作为大四学生奖学金获得者的过来人给同学们提出了使用奖学金的贴心建议奖学金即使高额毕竟有限应该做好计划要把它用在最重要和最紧急的事情上在经济允许的条件下可以选择旅行用不同的角度来审视世界能够发现更加广阔的天地从学习中来到学习中去现为大二电信英强学生的郑聪慧大一时为外国语学院学生通过不懈地努力与拼搏成功转换专业并获得国家奖学金为了巩固学习成绩提高实践技能购买实验器材成为郑聪慧的首选不过肯定不能买那些高级仪器一台示波器就很贵的郑聪慧感叹道来自物理与光电工程学院研一在读的雷霁雪在本科阶段荣获各类奖学金多达次她坦诚自己对奖学金如何花并没有过具体的规划只是告诫自己不能浪费并且在购置与自己物理专业相关的书籍和课程时从不吝啬现为土木国际大三的吴坦烨认为奖学金主要从学习上获得也应该用到学业上面所以购买专业相关资料是他奖学金的主要开销采访后记奖学金该流向何方面对奖学金的分配问题每个人都会有不同的安排无论是用于个人还是社会学业还是休闲积累还是回报都是个人的选择但是我们仍旧期待奖学金获得者能够最大限度地合理利用这笔奖金使奖学金成为增进学习的工具成为大家破茧成蝶的催化剂而这也是设置奖学金的真正意义所在将钱用于实惠之处百善孝为先用通过刻苦学习获得的奖学金为父母准备些礼物无论轻重都是对父母多年来的辛苦和关心的最好回馈学习是学生天职书籍是我们的良师益友用奖学金购置一些学习用品或书籍将有限的奖学金化为无价的知识何乐而不为生活费与学费都是大学生活的最大开销可能也是家庭的重大负担我们可以用刻苦的精神获取奖学金用知识的力量承担起家庭的责任用强烈的责任感撑起未来的希望那么成功就只是水到渠成之事未雨绸缪早谋划每个人都拥有着美好的愿望和梦想可世界上并不是每个人都最终完成了自己的心愿我们都对未来充满了期待都有着属于自己的志向或是出国留学或是就业求职或是白手创业或是从事高尚的慈善活动在你满满的人生规划当中恐怕每一项都离不开启动资金何不利用奖学金给自己建立基金未雨绸缪早谋划别让自己的梦想落空兴趣爱好要适度李开复曾说过唯有接触你才能尝试唯有尝试你才能找到自己的最爱执着的追求自己所爱也是不错的人生选择比如旅游能够开拓自己的视野摄影可以陶冶人的审美情操骑单车至少会让你有一个健康的身体循着自己的爱好兴趣开启人生之路是令人向往的美好生活只是就目前来说学生时代的我们没有经济收入生活开销基本都是靠父母的双手辛勤劳动换来的我们必须珍惜父母的付出所以请大家在爱好兴趣与家庭条件之间寻找一个合适的平衡点合理分配奖学金这也是对自己的努力学习与兴趣爱好的尊重浪费让人痛心待奖学金发放后万元人民币将由名本科生支配国家学校社会家庭共同投入巨资奖励我们平日的勤奋和付出仔细探析这笔款项最初的源头其中肯定包含着我们身边的人的辛苦付出肯定浸透着父母的心血与热切的期盼况且奖学金是对自己坚持勤奋好学的肯定是对自己坚守内心选择的鼓励如若轻率的挥霍个人的信念与执着亲人的信任与支持社会的热情与厚爱都将蒙受无形的损伤令人痛心还难以修复更为重要的是每一份奖学金都有着时间的烙印同学们在刻苦用功之时时间也在流淌这才是大家在争取奖学金的过程中付出的最珍贵最无价的成本因为时间不可重复真诚的希望大家能够珍惜奖学金合理利用奖学金的一分一毫也真诚的希望奖学金获得者身边的朋友们能够尊重奖学金因为它不只是金钱它还闪耀着勤奋者青春的时光记者团王阿曼李文慧季奕杨威张一王昵双李嘉美龙慧高明刘妍朱晓尘责任编辑张平媛相关阅读校园达人第二季康宇我和散打的故事校园达人第二季杨宇卓我的单车我的国魏小鹏调研校园安全保卫工作和实验室与设备管理工作校园东侧环境改造工程已启动校园无线网智能网关上线运行公司在我校设立奖学金校学生会倡议共建美丽校园需要你我携手我校喜获全国高校校园文化建设优秀成果一等奖年英特尔奖学金颁奖仪式举行名学生获得新加坡科技工程奖学金复制网址打印分享到每日推荐我校处级干部参观市反腐倡廉警示教育基地标兵故事蔡晗不忘初心方得始终标兵故事蔡晗不忘初心方得始终大连日报化工与环境生命学部评选最美团支书打造软件人才创新创业的摇篮新闻聚焦打造软件人才创新创业的摇篮大工学子在全国大学生金融创意设计大赛中喜获佳绩大工记者团和广播台获辽宁省十佳校媒称号数学科学学院党委积极开展与王家村党委共建活动机械工程学院人参加入党积极分子培训推荐视频钱令希诞辰百年纪录片发布预告年月日大工新闻学校隆重举行庆祝中国共产党成立周年大会为梦连理大连理工大学招生宣传片焦点图片毕业季校园里那抹亮色美女毕业生遇见特色学位服毕业季大学四年最遗憾的那些事毕业季最大工难忘凌工路号那件事大工建筑篇一你不得不知道的那些楼排行榜点击标兵故事李思远千淘万漉虽辛苦吹尽狂标兵故事李轶瑶执一而专心致志行微而校领导就推进学校改革发展征求意见校园交通安全再聚焦明星教师张旭泉大工财务网上报账系统已正式启用大工学报社科版荣膺全国高校百强社科期刊走进校友校友年度人物耿洪臣忘字何解怎样落笔都不对运载学子在全国船舶与海洋工程设计大赛中斩获第一页内容缓存全文内容缓存根据设置字体大小并初始化按钮请选择投票选项最多允许选项单页阅读分页阅读单页阅读分页阅读控制内容区域的的图片大小并为过大的图片添加查看原图复制网址复制链接成功被浏览器拒绝请在浏览器地址栏输入并回车然后将设置为复制链接成功改变字号小本文地址电话版权所有大连理工大学新闻中心
-1
