http://news.dlut.edu.cn/article/2016/0503/66234.shtml
14
143
197
128
362
362
165
165
240
240
352
352
267
267
238
林皋院士筑科学研究之坝树人才培养丰碑大工人物大工新闻网首页新闻图片视频报纸广播首页新闻大工人物正文林皋院士筑科学研究之坝树人才培养丰碑记第二届感动大工年度人物林皋院士来源宣传部新闻中心时间点击六十余年时光流转他不忘初心胸怀报国之志六十余年风雨兼程他攻坚克难探索科学前沿林皋院士长期从事水工结构工程领域的教学和研究工作在水坝抗震理论和模型实验技术地下结构抗震分析和混凝土结构动态断裂技术理论研究方面为学科发展做出了重要贡献在解决大坝海港核电厂等工程实际问题的关键技术方面发挥了重要作用立足前沿刻苦攻关六十多年来林皋院士参与多项面向国家重大需求的工程项目科研工作为解决我国数十座大坝和核电厂的抗震安全评价关键技术做出了重要贡献作为我国大坝抗震学科的主要开拓者之一他始终站在学科前沿从工程实际问题出发提出新的思想和新的试验技术早在多年前林皋就率先在国内开展了拱坝振动试验和土石坝抗震试验技术的科研攻关解决大型工程结构抗震的关键技术问题年广东流溪河拱坝采用坝顶挑流方案进行泄洪设计院遍访全国许多高校和研究单位寻求解决方案最后由大连工学院承担试验研究工作当时林皋只有岁但他勇挑重担主持试验工作带领青年教师和学生在资料经验材料设备极其匮乏的条件下克服困难白手起家在一年多时间内就完成了我国第一个拱坝振动试验论证了坝顶挑流泄洪方案的可行性为设计提供了有力的技术支持年丰满大坝增建泄水隧洞需进行大洞径大药量的水下岩塞爆破东北勘测设计院自年起开始进行专题研究均未得出满意的结论林皋接受委托亲自编制动力计算程序进行分析在大连长春两地往返多次终于使这一课题的研究得出满意的结果最终设计方案顺利地通过了水电部的审查年月水下岩塞爆破获得圆满成功保证了大坝的安全年该项目获国家科技进步一等奖年他被评为我国水工结构专业首批博士生导师之后他负责了多项六五七五八五九五国家科技攻关项目以及国家自然科学基金重点项目对提升我国大坝抗震技术研究水平跻身世界先进行列发挥了重要作用其中林皋领导的研究工作在混凝土材料动态特性结构与流体的动力相互作用结构与无限地基动力相互作用方面做出了创新性的成果研究成果获得了国家教育部科技进步一等奖以及云南省电力部科技进步一等奖等多项奖励年在印尼召开的国际大坝委员会第届年会上中国大坝协会向大会提交的中国大坝抗震交流材料得到各国委员会的高度评价和赞扬林皋是其中的主要作者之一林皋始终瞄准科技前沿从国家重大需求出发不断调整研究方向近年来核电作为重要的清洁能源在我国蓬勃发展核电结构的抗震设计和安全评价成为核电建设亟需解决的关键问题其中地基的抗震适应性评价决定着核岛结构和设备抗震设计的安全是厂址选择中的重要制约性因素辽宁红沿河核电厂号核岛地基开挖过程中发现强风化捕虏体地基不均匀特性表现比较突出核岛地基中出现这种复杂地质情况在我国核电建设中首次遇到国际上也缺乏类似经验处理措施难度大而且会延长施工工期林皋接受设计院委托在较短的时间内就提出了可靠的计算模型对这种复杂地基条件下核岛结构的抗震适应性评价提供了科学依据论证了设计方案的可行性节约了大量工程投资并保证了施工如期进行使得我国在复杂地基上核电站结构抗震安全评价达到世界先进水平年这些研究成果获得了国家科技进步奖二等奖的奖励近年来他每年还作为特邀专家出席由核电工程设计院国家核安全机构组织的核电抗震项目的评审会多次担任专家组长为我国核电建设奉献着自己的知识经验和热情鞠躬尽瘁教书育人林皋院士是勤于钻研敢于创新的科学家更是德高望重的教育工作者他始终认为学校在为国家科技的发展培养精英人才的同时也要激励学生有克服困难的决心和勇气培养学生全心全意投入工作的精神更要引导学生树立正确的人生观价值观林皋院士所带的硕士博士生毕业时他都会积极地写推荐信向用人单位推荐帮助联系导师和申请奖学金他认为如果学生能有机会出国学习对他们学术上的成长进步很有好处与此同时他也想尽快把年轻人培养起来让他们成为接班人曾有记者问过林皋如果自己送出去的学生学成后不回国呢他认真地回答我很信任我的学生当然也有人最终没有回国但他们也能为国家发挥作用我的想法是支持他们出去就有可能培养出一支人才队伍涌现出更多的年轻学术带头人林皋院士指导的学生中不少人已成为行业领军人物单位的学术领导人或技术骨干对于学生们的成就林皋强调不能把他们的成绩归功于我我只是给他们引了路主要靠他们自己的努力林皋培养的博士硕士研究生近百名他始终对他们要求很高学生写的文章大到文章结构公式推导小到遣词造句标点符号他都亲自过问严格把关他为学生主讲了结构动力学有限元计算和近代抗震技术等多门课程他不断更新课程内容使学生深入了解学科前沿动态目前岁高龄的林皋院士仍坚持在研究生课程核电结构抗震担任部分内容的主讲为同学们介绍核电结构工程发展的前沿六十年执教他一直恪守身教重于言教严爱并重引导鼓励的信条奋斗不息报国图强林皋院士六十多年来的科学研究生涯之所以能攀上一座又一座高峰与他正直朴实的作风勤奋刻苦的态度认真负责的品格是分不开的在那个特殊时期即便是身处逆境被无端审查下放劳动改造他依然醉心于自己的工作那段时间我始终相信科学的春天会到来还我清白还我热爱的科研事业所以无论多难我都告诫自己要咬牙坚持下去而始终盘旋在林皋心里的一个梦想是我们是一个建坝大国但我们还要向建坝强国挺进业精于勤不辍思考历经了多年的风雨沧桑他依然保持着高昂饱满的工作热情在为学生做报告时他说只有当你们有了对科学的兴趣才会去钻研产生使命感和责任感他自己也是这样身体力行的年轻时他自学俄语英语日语时至今日面对新领域新技术新理念他依然孜孜不倦从零学起他曾这样比喻站在房子外面你知道得很少只有进入到房子里面有了一定的了解以后才想到把另一扇门打开进入到房间里了解里面更多的情况把所有的门都打开以后你才能了解整个建筑的全貌再向前走又能看见周围的环境所以知识的得来和丰富是通过已知去发现未知的过程只有具备了能够通过已知去发现未知的能力才能拓宽知识范围使得知识的体系更加充实更加连贯他总是深入第一线工作亲自参加试验计算制图和撰写报告论文以实际行动影响和带动大家现在他仍然坚持一周六天到办公室工作自带午饭多年如一日在林皋院士八十寿辰时他曾表示要尽我的努力为祖国再做一些贡献国家的需要就是他的志愿对祖国的热爱对社会主义事业的无限忠诚是林皋院士埋头于科研与教育事业并取得一个又一个令人瞩目成就的根本动力有人说只有心中时刻装着人民的安危才能够筑起造福子孙后代的坝林皋院士用自己的实际行动肩负起造福人民的神圣使命释放着一位科学工作者对祖国工程建设发展的满腔热情矢志一生老骥伏枥林皋院士用六十年的时间建起一座科学技术之坝一座育才为人之坝为人正为学严为师贤这是林院士教学科研和日常生活的真实写照如今虽已到怡享天年的耄耋之年可他却不用扬鞭自奋蹄只争朝夕在推进祖国教育和科技事业实现科技兴国战略的道路上继续前进责任编辑张平媛复制网址打印每日推荐林皋院士筑科学研究之坝树人才培养丰碑钟万勰院士独复从道以求辛知识产权月学校举办知识产权系列宣传展评论感动激励我们前行蒋庄德院士做客大工讲坛解读中国制造中国工程院院士何友教授受聘大工兼职教授第十八届联赛东北赛区在盘锦校区开幕新闻聚焦联赛篮球筑梦巾帼征战显雄风文科综合实验教学中心获国家级十年建设成果一等奖篮球筑梦巾帼征战显雄风推荐视频钱令希诞辰百年纪录片发布预告年月日大工新闻学校隆重举行庆祝中国共产党成立周年大会为梦连理大连理工大学招生宣传片焦点图片毕业季校园里那抹亮色美女毕业生遇见特色学位服毕业季大学四年最遗憾的那些事毕业季最大工难忘凌工路号那件事大工建筑篇一你不得不知道的那些楼排行榜点击面孔他们感动大工在现场瞬间感动大工在现场梅兰芳以舞蹈之形写京剧之大连理工大学一项国家科技重大专项课题通过验第七届校园文化节盛装启幕知名专家齐聚大工献策力学学科规划学校举行颁奖典礼表彰感动大工年度人物程耿东院士做客云南科学大讲坛解读数值模东北赛区比赛将于月日在盘锦校区开幕大工人物校友篇李琳创新务实的科研第一页内容缓存全文内容缓存根据设置字体大小并初始化按钮请选择投票选项最多允许选项单页阅读分页阅读单页阅读分页阅读控制内容区域的的图片大小并为过大的图片添加查看原图复制网址复制链接成功被浏览器拒绝请在浏览器地址栏输入并回车然后将设置为复制链接成功改变字号小本文地址电话版权所有大连理工大学新闻中心
-1
