http://news.dlut.edu.cn/article/meiti/2016/0811/68566.shtml
28
242
249
297
376
193
36
97
51
102
37
165
165
240
240
352
352
267
267
282
188
359
277
12
109
31
111
159
117
央广网在案例教学中找准坚定理想信念航向大工新闻网首页新闻图片视频报纸广播首页新闻媒体大工正文央广网在案例教学中找准坚定理想信念航向大连理工大学思政课案例教学法让课堂活起来来源央广网时间央广网大连月日消息月日正值暑假在大连理工大学马克思主义学院会议室却是一派热火朝天的景象将习近平总书记在哲学社会科学座谈会和纪念建党周年庆祝大会上的重要讲话精神融入到案例教学当中学院老师们正在进行热烈地研讨赶在级新生进校之前做好新一轮教材体系和课程体系建设工作这是马克思主义学院在暑假必须完成的一场攻坚战如今大连理工大学已经坚持了年将案例教学引入思政课堂用生动的思政课堂教学对培养什么人怎么培养人的时代命题作出解答课堂好故事救活思政课枯燥没意思这是不少大学生对思政课的印象学生要么不来要么不听是成为了学校思政课的常态可在大连理工大学思政课堂却是一片火热这里有马克思朋友圈的故事还有贴近生活的故事会吸引大学生的法宝就是大连理工大学原创的案例教学法如何透过韩国的影视作品看文化输出如何透过影视文化坚定文化自信陈晓辉老师在讲述文化强国战略的时候播放了时下最流行的韩国影视剧一下子就提了很多学生的兴趣在以韩流来袭从蓝色生死恋到太阳的后裔为主题的讨论中学生在课堂上抢着发言人文与社会科学学部的王一迪就是一名不折不扣的韩剧迷以前只是看韩剧为了消遣没想到老师的一番讲述让王一迪对影视背后的意识形态宣传有了深刻认识王一迪说案例教学告别了枯燥的理论宣讲让我们在故事中坚定信念学生愿意来来了愿意听这是大连理工大学思政课堂的生动写照屠呦呦非常诺奖之路双十一狂热背后的互联网一个个贴近生活贴近实际贴近大学生的鲜活生动案例受到学生们的好评推动了教材体系向教学体系信仰体系的转化实现了青年学生真学真懂真信真用化工与环境生命学部学生朱杰说这些焦点案例是青年学生比较关注的社会热点问题这拉近了理论和现实生活的距离让我们思考具体问题中学到了理论知识视域融合是贯穿学校年来思政课案例教学改革始终的一个核心理念从本质上讲案例教学是一种生成的实践智慧是教师视案例视域学生视域和理论视域四种视域的不断融合思政课案例教学的实效性如何归根到底就是要看这四种不同视域是否达到了融合以及融合的程度如何大连理工大学案例中心主任杨慧民教授如是说积沙成塔建设全国案例教学资源库将案例教学引入思想政治理论课课堂这是大连理工大学的首创年设在大连理工大学的中美合作中国工业科技管理大连培训中心课堂教学在国内引进以美国哈佛大学首创的管理案例教学法从中得到启示大连理工大学马克思主义学院决定打破传统原理加例子的教学模式探索将案例教学纳入课程体系在教学方法的创新上做文章把思想政治理论课建设成为大学生真心喜爱终生受益的优秀课程马克思主义学院院长洪晓楠这样评价当时改革的初衷在教学实践中大连理工大学一方面把思政课与案例教学法融合当作一项系统整体工程来抓另一方面又注重以案例教学统摄衍射其他教学方法带动综合创新把案例教学潜在优势转化成实实在在的教学效果没曾想这一探索在全国形成了示范效应这儿诞生了国内第一本思想政治教育案例分析第一本高校思政课案例教学法研究第一套高校两课教学案例丛书第一套高校思政课可视化教学案例第一套高校思政课多媒体教学案例第一家基于网络环境的高校思政课案例教学共建共享平台年大连理工大学马克思主义学院成立了思想政治理论课案例教学研究中心成为全国高校思政课案例教学的宝贵资源库目前大连理工大学已经出版案例教学专著教材教辅部其中部纳入国家马克思主义理论研究与建设工程重点教材配套用书中心主任杨慧民连续年累计期在中宣部教育部全国高校思想政治理论课骨干教师培训班介绍案例教学经验红色基因让信仰坚定起来作为中国共产党在新中国成立前夕亲手创办的新型正规大学大连理工大学与新中国在崇高理想科学精神和价值理念上具有深度融合与共鸣这是大连理工大学特有的红色基因大连理工大学在开展大学生思想政治教育工作中传承红色基因走过了一段光辉的发展历程在年成立德育研究室在全国高校中率先开设大学生思想品德课并最早以必修课的形式同马克思主义理论课一起对大学生进行全方位的思想政治教育首开全国思政课教育之先河上个世纪年代至年代培训了来自全国各地余名思想政治教育专家成为全国的德育研究与交流中心年大连理工大学思想政治教育专业在全国最早一批开展思想政治教育理论研究和学科建设年作为全国首批十所院校之一获批思想政治教育专业硕士学位授予权年来大连理工大学不断探索思政课的新路子新方法形成了以大班授课小班研讨和案例教学为代表的特色教学模式并取得了一批成果两门课入选国家级精品课两门课第一批国家级精品资源共享课思政课教学团队入选国家级教学团队洪晓楠教授入选万人计划哲学社会科学领军人才和全国文化名家暨四个一批人才魏晓文教授荣获全国优秀教师全国高校思想政治理论课教师影响力人物等荣誉称号新时期大连理工大学党委回应培养什么样的人怎样培养人的历史命题提高对思想政治理论课建设的重视把思想政治理论课建设和马克思主义理论学科建设作为重点工作来抓从办公条件师资队伍经费等方面给予大力支持面对新要求大连理工大学马克思主义学院深入学习贯彻习近平总书记在哲学社会科学座谈会和纪念建党周年上的讲话精神构建以马克思主义为指导的哲学社会科学学科体系和教材体系将党史党情融入课堂教学成为新学期思政课教育的重点大连理工大学思想政治课教学要传承学校办学传统和优势让红色基因在人才培养中发挥作用大连理工大学党委书记王寒松表示学校要坚持立德树人强化思想引领传承红色基因坚守课堂阵地把青年学生培养成为有理想有信念的一代新人张四清贾铁生龙海波央广网本文链接责任编辑马坤复制网址打印分享到每日推荐央广网在案例教学中找准坚定理想信念航向东北新闻网大连理工大学耐酸沸石膜微观结构关于进一步完善中央财政科研项目资金管理等政策实践在路上访江浙沪企业悟学思礼心得实践在路上软件师生赴美参加卓越联盟暑期项目实践在路上规划自我践知于行怀志报国实践在路上深入企业了解发展前沿全面促进校中国高校之窗大连理工大学在耐酸沸石膜微观结中国科学报大连理工大学耐酸沸石膜微观结构建设工程学部张鑫旺获学生竞赛团体第一名推荐视频钱令希诞辰百年纪录片发布预告年月日大工新闻学校隆重举行庆祝中国共产党成立周年大会为梦连理大连理工大学招生宣传片焦点图片毕业季校园里那抹亮色美女毕业生遇见特色学位服毕业季大学四年最遗憾的那些事毕业季最大工难忘凌工路号那件事大工建筑篇一你不得不知道的那些楼排行榜点击郭东明校长会见大连公交集团董事长孙明一行我校在构建高性能锂离子电池负极材料研究取得学校组织召开科技成果研讨会全国人工环境相关学科博士生导师研讨会在我校大工代表队勇夺全国电子商务三创赛总决赛我校再获辽宁省大学生电子设计竞赛最高奖实践在路上走进企业长才干扬帆起航京津我校在耐酸沸石膜微观结构的设计与调控研究取新兴电子商务的信息与物流管理教育部创新实践在路上躬身企业行笃志中国梦第一页内容缓存全文内容缓存根据设置字体大小并初始化按钮请选择投票选项最多允许选项单页阅读分页阅读单页阅读分页阅读控制内容区域的的图片大小并为过大的图片添加查看原图复制网址复制链接成功被浏览器拒绝请在浏览器地址栏输入并回车然后将设置为复制链接成功改变字号小本文地址电话版权所有大连理工大学新闻中心
-1
