http://news.dlut.edu.cn/article/hzjl/0715/67942.shtml
20
134
28
165
165
240
240
352
352
267
267
251
61
252
65
35
381
370
276
38
2
大连理工大学中国建筑第八工程局有限公司第三期土木工程卓越计划班开班合作交流大工新闻网首页新闻图片视频报纸广播首页新闻合作交流正文大连理工大学中国建筑第八工程局有限公司第三期土木工程卓越计划班开班作者赵璐来源建设工程学部时间点击月日上午大连理工大学中国建筑第八工程局有限公司第三期土木工程卓越计划班开班暨兼职教师聘任仪式在学部五楼多功能厅举行中国建筑第八工程局有限公司人力资源部总经理惠乐怡先生工程研究院副院长苗冬梅高级工程师等中国建筑第八工程局领导及兼职教师我校教务处处长张维平教授建设工程学部党委书记杨庆教授土木水利实验教学中心主任陈廷国教授建设工程学部副部长王宝民教授副书记兼副部长王晶华老师等学部土木工程学院领导以及卓越计划班协调委员会管理委员会部分成员班主任指导教师第三期卓越计划班名学生及级土木工程专业全体学生参加了开班仪式仪式由土木工程学院副院长年廷凯教授主持教务处张维平处长中国建筑第八工程局有限公司人力资源部惠乐怡总经理兼职教师代表张德财所长在会上讲话王宝民副部长宣读了聘任中国建筑第八工程局兼职教师文件第三期卓越计划班学生及班主任名单文件张维平处长与杨庆书记为中国建筑第八工程局兼职教师颁发聘书惠乐怡总经理宣读了毕业设计优秀指导教师优秀学生名单苗冬梅副院长为优秀毕业设计指导教师颁奖何政院长为优秀毕业设计学生代表颁奖聘任仪式结束后在接下来的时间里开展了卓越计划课程的授课工作中国建筑第八工程局兼职教师苗冬梅韩玉辉廖显东孙旻葛杰张德才分别讲授了绿色施工在施工管理中的应用新型装配式混凝土结构探索与实践复杂环境下深基坑工程设计与施工打印建筑技术以及大体积混凝土施工技术等前沿性工程技术课程以真实的工程环境为背景密切结合建筑工程实际理论与实践相结合既高屋建瓴又深入浅出受到师生的欢迎接下来名卓越计划班学生分赴中国建筑第八工程局全国各建设工地进行为期一个月的工程实践企业导师一对一指导有效推动了卓越计划班校企联合培养工作为贯彻落实国家中长期教育改革和发展规划纲要年提出的创立高校与科研院所行业企业联合培养人才的新机制的要求教育部年正式启动实施了卓越工程师教育培养计划简称卓越计划卓越计划的核心是校企联合培养人才重点是提升高校学生工程实践能力为此年月在我校正式成立了大连理工大学中国建筑第八工程局有限公司卓越计划班去年是第二期今年是第三期卓越计划班通过这几期土木工程卓越计划班培养学生的专业基础知识得到了显著升华工程实践能力有了极大提高丰富了校企实践教学内涵强化了校企合作的纽带关系相信大连理工大学中国建筑第八工程局卓越计划班会越办越好未来将有更大的提升空间和发展前景更好地服务于卓越计划的人才培养责任编辑张平媛复制网址打印每日推荐大连理工大学中国建筑第八工程局有限公司第三期学校召开实验室安全工作会议落实安全责任机械工程学院举办年全国优秀大学生学术夏令营学校召开研究生培养方案修订工作评审会大工余名师生吹响暑期实践出征号角盘锦校区第三届全国优秀大学生学术夏令营闭幕我校年迎新工作暨假期安全稳定布置会顺利召开学风建设创新成长任务深化特色育人大连晚报大工教授又获奖半岛晨报大连是有文化魅力的城市推荐视频钱令希诞辰百年纪录片发布预告年月日大工新闻学校隆重举行庆祝中国共产党成立周年大会为梦连理大连理工大学招生宣传片焦点图片毕业季校园里那抹亮色美女毕业生遇见特色学位服毕业季大学四年最遗憾的那些事毕业季最大工难忘凌工路号那件事大工建筑篇一你不得不知道的那些楼排行榜点击落实十三五发展规划推动学校发展实现新基建进行时学校基本建设正在加紧推进中为母校成就自豪助母校实现腾飞年青少年高校科学营大连理工大学分营开营我校论文被计算机视觉及模式识别领域国际顶尖大连理工大学援梦专列再次启程郭东明校长应邀出席中俄大学校长峰会并作主题切实做好本科招生录取工作为学校选拔优质生大连理工大学附属学校举行届学生毕业典礼王立鼎院士与两岸学子分享科研历程第一页内容缓存全文内容缓存根据设置字体大小并初始化按钮请选择投票选项最多允许选项单页阅读分页阅读单页阅读分页阅读控制内容区域的的图片大小并为过大的图片添加查看原图复制网址复制链接成功被浏览器拒绝请在浏览器地址栏输入并回车然后将设置为复制链接成功改变字号小本文地址电话版权所有大连理工大学新闻中心
-1
