http://news.dlut.edu.cn/photo/yishu/1.shtml
93
147
149
150
152
151
155
154
153
156
157
165
166
16
10
15
155
154
153
156
157
165
166
16
10
15
17
19
20
14
20
大工新闻网大连理工大学搜索文本框文字垂直居中设置用左边距清除原有宣传部站群海燕网星海夜话手机版新闻线索预约采访会员投稿留言板学校要闻综合新闻菁菁校园新闻聚焦校园视点信息预告媒体大工领导论坛大工人物校友之声学术动态大工往事部院风采合作交流专题新闻校园视点信息预告媒体大工领导论坛大工人物校友之声学术动态大工往事部院风采合作交流专题新闻精彩瞬间光影四季人文艺术校史钩沉第一时间大工新闻在你身边专题报道校园文艺校园拍客今日大工大工讲坛关于团队校史故事品学校园文艺校园拍客今日大工大工讲坛关于团队校史故事品学十七点播报广播台新闻节目综艺节目外文节目专题节目广播剧下载首页图片人文艺术社区驿站让家的感觉更好教师节告白留张合影念师恩组图立秋为满夏的忙碌送新凉研招进行时名师等你来机械工程学院研招进行时等你来大工学术夏令营大工有多美穿上就知道缤纷毕业季带你回归经典学位服毕业照爱尚大工选择大工成就未来缤纷毕业季对你说轻轻的一声叮咛缤纷毕业季最后一次走遍大工致即将入学的你们缤纷毕业季衫动记忆漫语青春见宝档案馆里珍藏的大工记忆大工穿越照历史照进现实在线影展第二届校庆杯玉兰花季获奖摄影作品尚好的青春都是你大工春时节那些美得令人怦然心动的角落纽约模联炼成记在你身边老师我为你点赞寒假日记大工师生贺新春在线影展用镜头触摸世界李元鸣摄影作品选上一页下一页图片排行榜面孔校友年度人物榜样大工面孔学术之星面孔他们感动大工组图微瞬间以青春之名共赴运动盛宴在你身边模联十年打开通往世界一扇新窗组图五四青年节我的青春我的团组图赛场上的速度与激情在现场瞬间感动大工在现场梅兰芳以舞蹈之形写京剧之神组图第二届感动大工年度人物心声电话版权所有大连理工大学新闻中心
