http://news.dlut.edu.cn/article/2016/0716/68074.shtml
21
234
200
380
246
165
165
240
240
352
352
267
267
251
252
65
276
35
381
38
2
380
钱令希院士诞辰百年宝贵的精神财富永恒的前行动力学校要闻大工新闻网首页新闻图片视频报纸广播首页新闻学校要闻正文钱令希院士诞辰百年宝贵的精神财富永恒的前行动力钱令希院士百年诞辰纪念展揭幕仪式举行作者吕东光龙海波来源宣传部新闻中心时间点击月日上午在我国著名工程力学家教育家中国科学院资深院士钱令希先生诞辰周年到来之际钱令希院士百年诞辰纪念展揭幕仪式在令希图书馆隆重举行校党委书记王寒松党委常委校长郭东明院士校党委副书记纪委书记李成恩原校党委书记林安西中国科学院院士钟万勰出席仪式参加仪式的还有学校办公室党委宣传部图书馆档案馆有关负责人钱令希之子钱昆明运载工程与力学学部教师代表钱令希工程力学创新实验班学生代表等仪式由运载工程与力学学部部长李刚主持钱令希院士百年诞辰纪念展展厅庄重质朴简洁大方校党委书记王寒松校长郭东明原校党委书记林安西钟万勰院士共同为钱令希院士百年诞辰纪念展开展揭幕仪式上李刚介绍了钱令希先生的生平事迹表示钱令希先生的精神感染了一代又一代大工人为我们留下了宝贵的精神财富我们要弘扬钱令希先生科学报国的情怀开拓创新的精神和严谨治学的风范将钱令希精神作为前行动力为大工双一流建设而努力为中国梦的实现作出我们的贡献钱令希院士百年诞辰纪念展共展出图片余幅分早期经历学术科研教书育人快乐人生和所获荣誉五部分在钱令希先生生前秘书武金瑛老师的讲解下与会领导师生参观了展览再次回顾了钱令希先生光辉奋斗的一生更加感怀钱令希先生在大工铸就的丰功伟业和为我国科教事业作出的卓越贡献参观展览后运载工程与力学学部张小钢老师表示作为力学学部一名教师深受钱老精神鼓舞一流大学和一流学科建设需要我们以钱老为榜样身先士卒躬身力行运载本科船舶支部周建朋同学说钱先生的民族精神科研探索家国情怀桃李天下都值得我们去学习去探索去追寻力学创新实验班党支部艾博薇同学说作为力学专业的学生我会时刻牢记钱先生的治学精神学习先生的人生态度谦逊做人踏实做事不忘初心为弘扬钱令希精神我校于今年月启动了纪念钱令希先生诞辰周年系列活动包括宣传部牵头拍摄的纪录片钱令希运载工程与力学学部举办的多场系列学术报告以及覆盖全校的钱令希精神大讨论等大工讲坛百川讲堂名师讲堂等也都举办了专场报告此次钱令希院士百年诞辰纪念展的开展更是将系列纪念活动推向高潮责任编辑龙海波相关阅读复制网址打印每日推荐新商报张久文一座城市伸向他的八方援手助力一后国防毕业生梁宇我有一颗卫国戍边的心大连日报我有一颗戍边卫国的心大连晚报年青少年高校科学营大连理工大学大连日报全国管理案例精英赛东北晋级赛在连举钱令希院士诞辰百年宝贵的精神财富永恒的前大连日报理工大学师生团队重走长征路纪念大连日报科学的种子在这里悄然发芽钱令希院士诞辰百年春风化雨润物无声钱令希院士诞辰百年业精于勤奋功成于坚韧推荐视频钱令希诞辰百年纪录片发布预告年月日大工新闻学校隆重举行庆祝中国共产党成立周年大会为梦连理大连理工大学招生宣传片焦点图片毕业季校园里那抹亮色美女毕业生遇见特色学位服毕业季大学四年最遗憾的那些事毕业季最大工难忘凌工路号那件事大工建筑篇一你不得不知道的那些楼排行榜点击落实十三五发展规划推动学校发展实现新为母校成就自豪助母校实现腾飞年青少年高校科学营大连理工大学分营开营切实做好本科招生录取工作为学校选拔优质生我校论文被计算机视觉及模式识别领域国际顶尖大连理工大学援梦专列再次启程大连理工大学附属学校举行届学生毕业典礼王立鼎院士与两岸学子分享科研历程钱令希诞辰百年纪录片发布预告钱令希院士诞辰百年春风化雨润物无声第一页内容缓存全文内容缓存根据设置字体大小并初始化按钮请选择投票选项最多允许选项单页阅读分页阅读单页阅读分页阅读控制内容区域的的图片大小并为过大的图片添加查看原图复制网址复制链接成功被浏览器拒绝请在浏览器地址栏输入并回车然后将设置为复制链接成功改变字号小本文地址电话版权所有大连理工大学新闻中心
-1
