http://news.dlut.edu.cn/article/2014/1205/59044.shtml
8
165
165
240
240
352
352
267
267
遭遇学霸你准备好了吗校园视点大工新闻网首页新闻图片视频报纸广播首页新闻校园视点正文遭遇学霸你准备好了吗作者大工记者团来源宣传部新闻中心时间点击学霸学中之霸异乎常人他们的存在似乎只是让旁观者望洋兴叹可望不可及最近网上疯传的一张清华大学韩衍隽同学的成绩单门满分门分门分引发人们热议斯坦福大学终身教授评价这名本科生道衍隽已经超出了至今为止我对斯坦福大学里最优秀的高年级博士生的预期目前学霸在网络上被广大网民热捧各路学霸也层出不穷来势汹汹他们战得了线代打得了高数虐得了电工赢得了大物总是冲在考试这个副本里的最前线灭得了众小妖打得了大最后还爆的出惊人的奖学金装备就此论题小议学霸该物种稀有而强大且谈且珍惜学霸古今义古有凿壁偷光囊萤映雪悬梁刺股的奋读佳话各路学霸的神奇程度和刻苦程度颇为惊人三国演义开篇滚滚长江东逝水的作者杨慎是一个名副其实的学霸他幼警敏十一岁能诗十二拟作古战场文过秦论长老惊异入京赋黄叶诗并于正德六年年考得状元年仅岁更有如黄观商辂这般顶级学霸连中三元即乡试解元会试会元殿试状元三次考试都是第一名转眼今日学霸在网络用语中的含义与其本意不同意为学界中的霸主一般用来指代平时刻苦钻研认真学习学识丰富学习成绩斐然的一类人具体说就是对在学习期间刻苦学习而学习成绩好名列前茅所起的尊重或打击性的称号是学渣的反义词学霸不是考满分的人也不是一天只顾闷头学习的书呆子而是真正为梦想而坚持的人通俗一点讲就是第一学习厉害第二热爱学习第三生活中不只有学习学霸时间表要说学霸大工自然不缺来自数学科学学院的大四学生郭琪就是一个名副其实的数学学霸在学业上他一直以来都保持着专业课前十的好成绩在科研上他同样不甘人后从大一开始他就致力于数学建模在数模竞赛上获得校省全国甚至世界级的奖项除此之外更有征文作曲棋艺方面的造诣多次获奖与此同时他几乎包揽了校内的各种奖学金目前这位学霸已被保送到中科院深造先来看一看学霸一天的生活吧对于大多数人近于疯狂的占座行为郭琪并不会趋之若鹜早上七点多起床后收拾准备好后便会去教室坐在剩下的空位上虽然没有座视野好但这并不影响他上课认真听讲相比于那些课前勤劳地占到前排座位却在上课时控制不住上下眼皮激烈斗争的同学学霸特立独行的做法不失为一种明智的举措对于郭琪来说课上听讲课下复习是基本的准则没课的时候他会每天坚持去健身房健身毕竟身体是革命的本钱晚上必做的事情是练琴然后他会在寝室学习到点文科学霸的作息同样充实而缜密史晓薇就读于管理与经济学部信息管理专业级原人文与社会科学学部级学生她曾获得学习类一等奖学金大一上下学期皆为年级第一平日里她早上点起床复习课程或者背单词其他的时间用来写作业阅读书籍中午进行必要的午睡大概分钟晚上上选修课或者创新实践学院的课程有空的时候还会跳舞放松一下与大家普遍认知的学霸不同史晓薇晚上不熬夜通常在点分睡觉谈到梦想时史晓薇轻轻一笑说原来是想从商当一个商场精英现在相当一个很厉害的程序员然后自己开一家咖啡店当作副业学霸也有放松的时候周末她出去做家教与社会接触同时她也会和同学去逛逛街看看电影平衡学习生活学霸时间表重在规划在遵守并不是分分秒秒不离书本漫无目的地学习复合型学霸复合型学霸顾名思义文体活动社会工作学习成绩多线发展多路制霸的牛人如上文提到的郭琪下面让我们走进复合型学霸感受一下霸中霸的战绩和生活鲍蔚萌人文与社会科学学部广播电视新闻学专业级学生校年优秀学生标兵第届下校学生会副主席兼权益部部长获中国人民大学传播学专业武汉大学传播学专业等保研录取资格想要列举她全部的奖项似乎有点困难不过挖来了一部分让人合不上嘴的一小部分学年校优秀学生标兵屈伯川奖学金学年校常青藤人文社科英才专项奖学金学习一等奖学金学年国家奖学金校优秀三好学生学年学年校优秀团员学年厦门大学校学生会优秀副部长大二学年赴厦门大学新闻传播学院交流学习学年校优秀学生干部第七届全国大学生计算机设计大赛数字媒体专业组全国三等奖大连市第八届蓝色舞台高校主持人大赛亚军最佳口才奖在如此多社会工作的压力下那么学霸是如何笑傲学业的呢鲍蔚萌同学告诉我们作为文科生要背的东西很多要面面俱到太困难背什么怎么背背完了怎么处理加工变成自己的东西都是值得思考的问题同时她还引经据典的介绍了自己的学习方法白居易讲读书要钩玄提要讲的是把一本书读薄提炼出最核心的要点苏东坡读书讲究八面受敌讲的是把一本书读厚由这本书本身向外延伸出更多东西对于文科生来说这两种方法用于积累海量知识都不错我个人喜欢用知识框图的形式把两者结合起来既找出要点又丰富知识复合型学霸的时间究竟比我们多多少很多人在思考着如何能够将学习与工作两全其美可大部分人最后只能用时间少做借口选择选其一而放弃另一个难道真的是时间老人对学霸有别样的爱吗鲍蔚萌同学解释到时间都是均等的关键在于如何进行有效的时间控管她说如何分配时间主要看自己对时间这个概念怎样理解了很多时候我们觉得时间是整块的这两个小时工作下两个小时学习但其实大多数情况下我们的时间都是碎片化的学会利用好碎片化的时间常常是提高效率的关键课间理顺一下新学习的知识随身带一个本子记录工作中的点子睡前重新回顾一下一天的任务和完成情况想想明天怎么做如果能把碎片化的时间利用好当你拿出整块的时间时就不会再花费时间想要做什么要怎么做而是直接开工去做了时间是海绵里的水要挤总会有这句话人人皆知可是真的要做到就是需要这种利用碎片时间的方法不期待那么一个完整的下午只着眼于每一个在手边的时间有空便抓一本书细细品读等人时就规划一下一天的工作安排充分利用每一分每一秒学霸氛围益处大大家都知道学霸抱团的价值大于学神独秀环境的作用对一个人的成长是举足轻重的年我校的兄弟寝曾在国内引起不小的轰动一直被大家津津乐道而物理与光电工程学院大三寝室便是另一个值得我们关注的例子寝室四人保送清华大学的牛鹏皓同学保送复旦的赵柄丞同学保送中科大的杨辉同学与保送本校的宋鹏同学在大学生活的三年中互相鼓励互相督促互相进步有人懈怠时大家会去提醒有人生病时大家精心照顾三年来他们每天相约去自习积极探讨学习经验共享学习资源彼此之间也会暗自较劲铆足劲头你追我赶在互助与竞争中共同提高这种勉励作用也使他们安全度过了在大一到大二的过度阶段那个大多数同学由于选择了懈怠而导致人生分水岭的时期最终进化为学霸这种团结的氛围以及四人的最终成果让寝室的每一个人都感到格外自豪唤醒校园中产阶级或许在多数人眼中学霸是戴着啤酒瓶底一般厚的眼镜从早到晚只沉浸在课本和试卷中为试卷上的高分付出着所有的时间和精力而学霸和学渣的差别似乎也只用分数来衡量然而随着学神学弱等新词汇的流行我们渐渐发现世俗对于学霸的要求也在一点点变化并不止步于书面试卷的分数而是有了更多全方面的要求学霸也并不只是一类高分学生的代称而是一种令人羡慕的学习能力和值得借鉴的学习态度应试教育的需求使得成绩与分数几乎成为了衡量一个人的绝对标准这种情况下不努力做一个学霸似乎难以适应社会的需求我们身边或许没有那么多韩衍隽一样的神人存在但生活中的学霸却也并不少见正所谓学在大工我校优良的学风和浓厚的学习氛围也孕育了许多大神级学霸清晨的花园里总有他们晨读的书声通往教学楼的路上总有他们匆匆的脚步实验室里总有他们的汗水和紧锁的眉头深夜桌旁总有他们伏案深思的背影或许他们拥有拔尖的成绩也或许没有可是他们努力的身影总是影响着鼓励着身边的每个大工人学霸的故事已经讲完但不得不提的就是数量庞大的校园中产阶级何为校园中产阶级他们成绩不差但离学神学霸有一定的距离有点自己特别的爱好或专长能从小社交圈中得到认可生活中没有太多不满足却又总觉得不够满足这类人在听完学霸学神的光辉事迹后通常有四种反应见贤思齐另辟蹊径小富即安酸葡萄可是无论你是哪种希望每个人都可以高举我要做学霸的大旗传承舍我其谁的学霸精神改变自我从点滴开始大工记者团许可心姜文鼎尹茜王一迪郭玮婷耿璇高薇王淼蒋珂骄责任编辑张平媛复制网址打印每日推荐教育部网站大连理工大学开展核心价值观专项教标兵故事白燕愿做白鹭飞燕逐梦蓝天标兵故事白燕愿做白鹭飞燕逐梦蓝天工业生态与环境工程教育部重点实验室召开学术委员海岸和近海工程国家重点实验室第六届学委会第一次走近老教授崔恩礼电子系边学边教的初创走近老教授崔恩礼电子系那段边学边教的位学生工作者赴台湾东海大学培训学习校领导与离退休老同志座谈就推进学校改革发展听取原大连工学院副院长庞殿英遗体告别仪式举行推荐视频钱令希诞辰百年纪录片发布预告年月日大工新闻学校隆重举行庆祝中国共产党成立周年大会为梦连理大连理工大学招生宣传片焦点图片毕业季校园里那抹亮色美女毕业生遇见特色学位服毕业季大学四年最遗憾的那些事毕业季最大工难忘凌工路号那件事大工建筑篇一你不得不知道的那些楼排行榜点击跨过拥抱你郭东明校长年新年贺词温情回望专属大工的独家记忆在现场师生音乐会奏响新年新篇章大连理工大学年研究生新年晚会闪耀山礼辞旧迎新学校举行年师生音乐会新语心愿他们的杨雨朦一份对青春的执着只为实现自己的梦原大连工学院副院长庞殿英遗体告别仪式举行魏小鹏书记到电子信息与电气工程学部调研第一页内容缓存全文内容缓存根据设置字体大小并初始化按钮请选择投票选项最多允许选项单页阅读分页阅读单页阅读分页阅读控制内容区域的的图片大小并为过大的图片添加查看原图复制网址复制链接成功被浏览器拒绝请在浏览器地址栏输入并回车然后将设置为复制链接成功改变字号小本文地址电话版权所有大连理工大学新闻中心
-1
