http://news.dlut.edu.cn/article/2016/0426/66094.shtml
9
143
165
165
240
240
352
352
267
267
优秀研究生标兵刘清年华如墨青春忙大工人物大工新闻网首页新闻图片视频报纸广播首页新闻大工人物正文优秀研究生标兵刘清年华如墨青春忙作者研究生工作处来源研究生院时间点击四年前的十月秋风微凉她在大工的梧桐树下期许学生时代要在这里完美谢幕四年后的初春玉兰盛放她在最爱的校园里漫步留恋和铭记一路走过的青春年华四年匆匆依旧笔直的梧桐和洁白如初的玉兰见证了她在大工四年从未放慢的脚步从当初对科研的懵懂到如今满载硕果管理与经济学部硕士生刘清用一个忙碌的青春书写了无愧于心的年华岁月静好梦想启航自大四开学之初确定被保送到大工读研这让她提前一年进入了研究生的角色她记得那个夏天的天很蓝阳光很耀眼轻拂过的微风夹杂着她最爱的海的味道那扇出租屋的小窗开启了她的大视野她清楚地记得为了理清思路彻夜不眠的那些坚持为了查阅资料东奔西跑的那些汗水自己编写的语句运行出理想结果的那些激动与兴奋无数个日夜的努力与不言放弃的毅力让她顺利地完成了第一篇论文她始终坚信这个时期的困难都是暂时的怀揣着科研梦的她大四过得充实而又与众不同有人说这是天赋可她信奉的是付出她很庆幸那个夏天的风景未被年华染成墨色求学异乡收获成长她的坚持和付出得到了收获导师为她争取到了去四川大学学习交流的机会兴奋的她没有多想便一个人踏上了远赴成都的求学之路然而一切并不那么容易水土不服带来的是近一周的度高烧住院在病房里的她并不甘心于整日休息她和同学们一起讨论交流思路晚上查阅资料完成自己的任务记录学习心得和体会那一个月里她没有被生病所耽误反而得到了新的启发并且找到了与专业更契合的研究方向也得到了导师的高度认可四川之行实属不易但她也收获满满她的付出换来了比别人更高的起点和更坚定的目标多读多想多记多沟通是她进入研究生角色以后总结的经验这让她的每一步科研之路都走得更加坚实而有底气潜心钻研直面挑战研一开学便迎来了繁忙的课程她白天上课晚上到教研室研究论文过着教室教研室寝室三点一线的生活在研一上学期她按照既有的思路整理出第二篇论文在这个思路的引导下她找到了灵感逐渐开始进入状态在阅读英文论文也可以无障碍的时候她为自己确立了发表一篇论文的目标这个似乎有些遥远的目标激发了她的潜能连续一个学期内每天除了上课和保证小时睡眠的时间外其余时间全部在电脑前埋头钻研从日出到深夜只为完善每一个论文的细节坚守着这份固执她终于向收录的期刊提交了她的文章等待的日子是漫长再此期间还要反复修改渐渐地长期透支的身体使她再一次病倒了生病住院的日子让她始终紧绷的神经有了一丝放松当她收到论文录用通知的那一刻这些插曲和不眠的付出都变得更有韵味四年科研路脚踏实地她认为多关注领域内的前沿文章多总结和改进研究方法可以快速有效的深入自己科研领域精彩韶华青春绚丽学习和科研之余她还尽自己所能做一些学生工作研究生阶段她担任了管经学部资源系统党支部书记和管经学部研究生会办公室主任研一的研会工作中她主要负责研会内部的各项活动的安排以及学部大型活动的策划和协助工作研二的党支部工作中她负责定期组织召开民主生活会发展培养新党员营造互相学习和互相激励的氛围丰富的学生工作是她的研究生生活中色彩缤纷的一页踏实认真的性格也让她在工作中得到了一致好评就这样她同时兼顾着课程的学习科研的进展研会的活动如此快速节奏的日子也许别人无法理解而她喜欢这种忙碌的日子带来充实感和收获感她说自己的硕士生活似乎比别人更坎坷但正是一次次跌倒后更加勇敢地向前才让她的收获更多硕士期间她获得研究生国家奖学金连续两年被评为大连理工大学优秀研究生连续两年获得大连理工大学一等奖学金被评为辽宁省优秀毕业生在校期间共发表学术论文篇包括收录篇收录篇国内类核心期刊篇等专业课程平均成绩分名列学院第名年华匆匆忙忙碌碌如是时光这里的天依旧很蓝阳光依旧耀眼她细数着在大工拼搏的日子不负年华不论悲喜岁月如歌她以满载的累累硕果为墨书写人生忙碌的青春梧桐路下的斑驳留给年华雕琢责任编辑张平媛复制网址打印每日推荐优秀研究生标兵刘清年华如墨青春忙我校在全国高校辅导员职业能力大赛复赛中斩获佳绩大连晚报大工与化物所联手共建张大煜学院中国搜索大连理工与中科院大连化物所举行张大工人物蹇锡高科研要为国家建设服务知识产权月实施知识产权战略建设知识产权强大工讲坛信息化与制造业的深度融合中国制造科学网中科院大连化物所与大连理工大学举行央广网大连理工大学与大连化物所举行张大煜天健网大工两项专利获日内瓦国际发明展览会金推荐视频钱令希诞辰百年纪录片发布预告年月日大工新闻学校隆重举行庆祝中国共产党成立周年大会为梦连理大连理工大学招生宣传片焦点图片毕业季校园里那抹亮色美女毕业生遇见特色学位服毕业季大学四年最遗憾的那些事毕业季最大工难忘凌工路号那件事大工建筑篇一你不得不知道的那些楼排行榜点击大工两项专利获得日内瓦国际发明展览会金奖在你身边模联十年打开通往世界一扇新窗大工辩论队问鼎世界华语辩论锦标赛冠军陆安慧教授当选长江学者特聘教授校园文化节缤纷文化演出季精彩来袭第七届校园文化节将于月日盛装启幕学校举行年纽约模拟联合国大会总结会大工与大连化物所举行张大煜学院揭牌仪式盘锦校区学子在国际大学生数学建模竞赛中斩获郭东明校长会见郑州市委常委王跃华一行第一页内容缓存全文内容缓存根据设置字体大小并初始化按钮请选择投票选项最多允许选项单页阅读分页阅读单页阅读分页阅读控制内容区域的的图片大小并为过大的图片添加查看原图复制网址复制链接成功被浏览器拒绝请在浏览器地址栏输入并回车然后将设置为复制链接成功改变字号小本文地址电话版权所有大连理工大学新闻中心
-1
