http://news.dlut.edu.cn/article/2015/0928/63231.shtml
9
127
165
165
240
240
352
352
267
267
第五届中德科学技术哲学论坛在我校举行学术动态大工新闻网首页新闻图片视频报纸广播首页新闻学术动态正文第五届中德科学技术哲学论坛在我校举行作者王文敬张玥来源马克思主义学院时间点击月日日由大连理工大学马克思主义学院大连理工大学哲学系上海社会科学院哲学研究所共同主办的第五届中德科学技术哲学论坛科学技术的伦理挑战在我校举行旨在推动中德两国在科学技术哲学领域的合作交流互通互利共同促进两国科学技术哲学的发展本届论坛吸引了来自德国比勒菲尔德大学汉诺威莱布尼茨大学达姆施塔特工业大学马克斯普朗克研究所及上海社会科学院上海大学中国科学院社会科学战线等多所高校研究所的近位教授研究员博士生与本校教授研究生一道围绕本次会议的主题科学技术的伦理挑战展开深入的学术探讨论坛开幕式由大连理工大学马克思主义学院院长洪晓楠教授主持大连理工大学哲学系王前教授致开幕词本届论坛就科学技术伦理的基本理论与应用高新技术的伦理与风险信息技术的伦理挑战信息技术伦理及负责任创新科学治理与同行评议及技术的发展与批评六大议题展开讨论其中德国比勒菲尔德大学教授做了题为气候变化带来的伦理学论争的影响的报告德国达姆施塔特工业大学教授就商谈伦理学技术科学精神与科学传播伦理之间的关系进行分析上海社科院的张帆研究员从世界是否迎来科学研究的第三次浪潮的疑问入手对哈里柯林斯的专长规范理论进行论述我校博士生邢兆梅对网络语言植入生活现实的现象进行伦理学上的思考洪晓楠教授对人类胚胎基因组编辑技术进行伦理学辩护德国比勒菲尔德大学博士生从我们是否可以赞美或是责备机器人的问题入手分析了责任回归与人工智能问题我校副教授陈高华与南开大学博士生梅岚合著了雾霾发展主义与技术批判从阿伦特的观点看对当今中国的社会发展进行技术上的批判比勒菲尔德大学博士生对保罗埃尔利希早期化疗中沟通的风险和机会进行分析上海大学周丽昀教授就赛博空间的身体伦理进行反思我校文成伟教授以哲学诠释学视域对高技术伦理形成的路径进行分析上海社科院的成素梅研究员对量子信息技术的挑战的伦理学上的讨论上海社科院的戴潘研究员对当代的信息技术及思想的延伸进行了论述上海大学王天恩教授对信息文明时代所带来的伦理问题进行了分析王前教授对大连港的负责任创新模式进行实证研究德国汉诺威莱布尼茨大学的教授对科学家与工程师的责任进行新的定义与划界中国科学院方在庆教授就学术进步的机制与伦理问题进行论述我校副教授王飞对中德两国科研不端的治理体系进行比较并阐发其对中国的现实意义马克斯普朗克研究所的博士对年至今的德国大气科学进行梳理认为其经历了从基本研究到地球工程学的发展演变我校博士生根据能力要素法对技术发展及身体缺陷者的辅助设备进行伦理探讨另外我校参会的博士生也进行了发言并参与讨论气氛热烈而友好本届论坛继承了前四届的会议精神在参与人数报告数量选题方向讨论交流等方面都有所增长和扩大中德两国学者对严谨却不失活跃的学术氛围频频称赞两国学者交流思想博取众长轻松有序的会议氛围使学者们感到受益匪浅论坛交流频现思想碰撞的火花责任编辑张平媛复制网址打印每日推荐学校党委就两学一做学习教育工作作出安排人民网具有模拟生理功能的类器官微流控芯片在中国高校之窗大连理工大学研发具有模拟生理功学校召开党委学习中心组扩大学习会议两学一做化环生学部四个注重力求学习教育大工学子在大连市高校船海文化节斩获佳绩弘扬体育精神展示大工风采两学一做能动学院开展两学一做学习教育核心价值观大工青年携手红三连共谱青春篇大连理工大学哲学社会科学研究成果获教育部采纳推荐视频钱令希诞辰百年纪录片发布预告年月日大工新闻学校隆重举行庆祝中国共产党成立周年大会为梦连理大连理工大学招生宣传片焦点图片毕业季校园里那抹亮色美女毕业生遇见特色学位服毕业季大学四年最遗憾的那些事毕业季最大工难忘凌工路号那件事大工建筑篇一你不得不知道的那些楼排行榜点击面孔学术之星我校承担的中国工程院咨询研究重点项目启动会我校赴无锡参加纪念钱令希诞辰周年活动大连理工大学在全国专业学位研究生教育中获表校友总会第六届理事会第二次会议召开大连理工大学哲学社会科学研究成果获教育部采大连理工大学研发具有模拟生理功能的类器官微两学一做全校名学生预备党员参加培训研究生学术科技节聆听名师讲堂畅饮学术甘两学一做学校二级党组织陆续开展两学一第一页内容缓存全文内容缓存根据设置字体大小并初始化按钮请选择投票选项最多允许选项单页阅读分页阅读单页阅读分页阅读控制内容区域的的图片大小并为过大的图片添加查看原图复制网址复制链接成功被浏览器拒绝请在浏览器地址栏输入并回车然后将设置为复制链接成功改变字号小本文地址电话版权所有大连理工大学新闻中心
-1
