http://news.dlut.edu.cn/article/2012/0327/40406.shtml
10
165
165
240
240
352
352
267
267
363
26
张德祥书记在中国教育报上关于协同创新的署名文章大工新闻网首页新闻图片视频报纸广播首页新闻领导论坛正文张德祥书记在中国教育报上关于协同创新的署名文章来源中国教育报月日版时间点击协同创新全面提高高等教育质量新引擎张德祥编者按月日至日教育部召开全面提高高等教育质量工作会议如何贯彻落实关于全面提高高等教育质量的若干意见如何实施高等学校创新能力提升计划简称计划成为当前高等教育的一项重要任务本报今天刊发大连理工大学党委书记张德祥的署名文章探讨如何破除高校内部学科之间部门之间的壁垒如何破除人才学科和科研之间的壁垒如何破除教育科技社会之间的壁垒从而实现高校协同创新提升创新能力敬请读者关注核心提示推进协同创新给高等教育提出一个新课题也给高等教育发展提供了一个新机遇协同创新不仅是个科技问题同时也是一个理念对高等教育发展的影响是全面的深远的有效实施协同创新必将对全面提高高等教育质量建设创新型国家发挥重要的作用在清华大学百年校庆大会上胡锦涛总书记从建设创新型国家的战略高度出发明确提出要积极推动协同创新的战略部署鼓励高校通过体制机制创新和政策项目引导同科研机构企业开展深度合作学习总书记讲话深深感到协同创新不仅对于建设创新型国家具有重大意义而且将带动中国高等教育发展理念的提升成为提高高等教育质量的重要途径成为深化高等教育改革的强大动力成为高等教育办学模式发展道路的积极探索必将有力推动全面提高高等教育质量协同创新提高高等教育质量的重要途径创新是一个民族进步的灵魂是一个国家兴旺发达的不竭动力面对当今世界科学技术的迅速发展世界经济格局新的变化综合国力的激烈竞争创新更是成为经济社会发展的主要驱动力成为国家竞争力的核心要素我国的高等学校拥有多学科优势丰富的人才资源以及深厚的科技基础作为科技第一生产力和人才第一资源的重要结合点在国家创新发展中具有十分重要的地位和独特作用应该为建设创新型国家为国家创新驱动发展作出重要贡献创新也是全面提高高等教育质量的灵魂全面提高高等教育质量必须大力提升人才培养质量必须大力增强科学研究能力必须大力服务经济社会发展必须大力推进文化传承创新而这四个方面都贯穿了一个核心内容即创新能力提升高等学校只有提升创新能力才能培养大批创新人才特别是拔尖创新人才只有提升创新能力才能发挥高等学校作为国家基础研究和高技术领域创新成果的重要源泉作用只有提升创新能力才能不断增强高等学校服务经济社会发展的能力只有提升创新能力才能使高等学校成为优秀文化传承的重要载体和思想文化创新的重要源泉因此创新能力的提升是推动我国科技进步建设创新型国家的必然要求也是我国高等教育发展的必然要求协同创新引导高校围绕国家急需的重大问题组织和集聚一流团队创造一流的成果培养一流的人才形成一流的创新氛围这对于提高高等教育质量意义重大协同创新不是孤立的提高高校科学研究能力而是以人才学科科研三位一体创新能力提升为核心任务引导高校围绕重大科学问题和国家重大需求增强三者之间的协同与互动从而增强高校优秀人才的集聚和拔尖创新人才培养的能力增强高校围绕国家重大需求和重大科学问题的学科集群能力增强创新要素的有效集成增强高校发现并解决重大问题的能力这些必将有力推动全面提高高等教育质量协同创新深化高等教育改革的强大动力改革是协同创新的内在要求和鲜明特征要实现协同创新必须破除体制机制障碍推动协同创新也必将推动深化高等教育改革协同创新要求破除高等学校内部学科与学科之间部门与部门之间的壁垒高等学校的学术组织基本上是按照学科来设置的科学设置学术组织有利于学术研究有利于各个学科的发展但是学科的划分是相对的它是对知识的人为划分同时学科体系也处于不断的变化之中在科学技术迅速发展的今天学术的发展不仅体现在各个学科当中还体现在学科之间的交叉和融合上因此如果学术组织固化不适时调整或者说没有一种体制和机制打破这种学科之间或学术组织之间的壁垒则势必影响学科的交叉和融合影响形成学科的集群影响人才的培养和学术发展协同创新要求也必将有力地促使学科之间学术部门之间人员之间多种资源的协调互动从而推动高校内部学科设置和学术组织的变革协同创新要求破除人才学科科研之间的壁垒在高等学校内部本质上要求要以学科建设为基础人才培养和科学研究紧密结合人才学科科研三位一体履行大学职能但是现实中三者脱节的现象还普遍存在主要表现在学科建设常常孤立而行与人才培养和科学研究脱节人才培养与科学研究脱节重科研轻教学现象在相当程度上存在学科建设和科学研究的成果与资源不能转化为人才培养的资源等等这种状况背离了大学的内在逻辑影响了高等教育质量的提高协同创新推动人才学科科研三位一体相互协同与互动共同提升创新能力对于解决高等学校中人才学科科研相互关系中某些弊端具有重要意义协同创新要求破除教育科技经济社会之间的壁垒高等教育与科技密不可分在我国由于体制障碍高等学校和科研院所各成体系资源分散虽然也有各种合作但基本上各自为战难以形成合力这种状况对于我国建设高等教育强国以及提高我国自主创新能力都不利协同创新将推动整合各方的教育科技资源破除体制机制藩篱提高创新的效率和资源利用的效率此外高等教育与经济社会之间也关系密切改革开放以来高等教育与经济社会的联系日益密切但是高等教育与经济社会脱节的状况依然存在协同创新将推动产学研紧密融合加快科技成果转化和产业化推动高等学校人才培养和科学研究更加关注国家和区域发展需要更加自觉地参与国家和区域经济社会发展协同创新探索办学模式和发展道路中国的崛起需要强大的高等教育来支撑建设高等教育强国是我国经济社会发展历史的必然建设高等教育强国没有现成的答案我们可以借鉴国外的经验但不能简单照搬国外模式必须从我国的国情出发顺应历史发展趋势遵循高等教育的发展规律探索高等教育办学模式坚持走中国特色的高等教育发展道路协同创新对于提升高等教育理念探索高等教育办学模式探索中国高等教育发展道路具有重要意义协同创新推动高等学校办学模式与科学技术发展相适应高等学校是以高深知识的保存传授发现应用作为自己的基本活动方式作为高深知识的科学技术发展对高等学校的影响是深刻的持久的高等教育的办学模式必须要与之相适应当今世界科学技术发展出现许多新变化随着科技全球化的进程迅速发展资本信息技术人才等创新要素在全球范围内的流动与配置日益普遍尤其是随着信息网络技术的发展更加速了科技资源的流动与共享协同创新已成为大势所趋随着科学技术的迅速发展交叉融合成为科技发展的新的增长点新的科学发现和突破不断在学科交叉地带和学科之间的空白地带出现促进跨学科的协同创新是科技发展的内在要求随着科学技术迅速发展从基础研究到应用开发的转化加速缩短从知识的发现到技术的发明产品的生产一体化的趋势不断加快客观上要求必须加强产学研用深度合作同时许多重大的科学和技术问题需要多学科多部门联合攻关高等学校特别是世界一流大学和高水平大学必须时时关注科学技术的发展趋势适应和引领科学技术发展协同创新是科技发展大趋势的必然要求同时作为一种理念一种指导原则协同创新必将推动高等学校探索与科学技术发展相适应的各种办学模式在这样的进程中也促进我国高等教育弯道超越缩小与世界发达国家高等教育的差距协同创新推动高等学校服务国家战略服务区域经济社会发展高等教育是国家事业的重要组成部分一方面国家支持高等教育的发展不断为提高高等教育质量创造条件另一方面高等教育服务国家战略服务区域经济社会发展是高等学校义不容辞的责任同时高等学校在服务国家战略和区域经济社会发展中获得各种发展机遇和资源提高办学水平和质量在我们思考和探索我国高等学校办学模式和高等教育发展道路的时候必须清楚地看到高等学校服务国家战略和区域经济社会发展符合高等教育与社会发展的关系规律符合我国的国情是国家发展的需要也是建设高等教育强国的需要从世界高等教育发展的历史看许多一流大学也是在服务国家中发展起来的协同创新作为一种理念一种指导原则必将推动高等学校更加关注国家的发展战略更加关注区域的经济社会发展在协同创新服务国家战略和区域经济社会发展中探索多种办学模式探索中国特色社会主义高等教育的发展道路推进协同创新给高等教育提出一个新课题也给高等教育发展提供了新机遇协同创新不仅是个科技问题同时也是一个理念对高等教育的发展影响是全面的深远的有效实施协同创新必将对全面提高高等教育质量建设创新型国家发挥重要的作用作者为大连理工大学党委书记转载自中国教育报月日版原文链接责任编辑曲长生相关阅读多家学生社团获阿克苏诺贝尔中国大学生社会公益奖魏小鹏书记调研学校部分机关职能部门魏小鹏书记调研学校部分机关职能部门聚焦校长郭东明在中国高等教育发表文章谈高校科技协同创新大工凌魂车队获得中国节能竞技大赛最佳设计奖年建筑教育国际学术研讨会在连召开魏小鹏书记调研网络与信息化和科技产业工作魏小鹏书记会见荷兰欧渥艾索省代表团中港在我校继续设立中国港湾奖励学金建艺咖啡小角落里的大文章复制网址打印分享到每日推荐我校处级干部参观市反腐倡廉警示教育基地标兵故事蔡晗不忘初心方得始终标兵故事蔡晗不忘初心方得始终大连日报化工与环境生命学部评选最美团支书打造软件人才创新创业的摇篮新闻聚焦打造软件人才创新创业的摇篮大工学子在全国大学生金融创意设计大赛中喜获佳绩大工记者团和广播台获辽宁省十佳校媒称号数学科学学院党委积极开展与王家村党委共建活动机械工程学院人参加入党积极分子培训推荐视频钱令希诞辰百年纪录片发布预告年月日大工新闻学校隆重举行庆祝中国共产党成立周年大会为梦连理大连理工大学招生宣传片焦点图片毕业季校园里那抹亮色美女毕业生遇见特色学位服毕业季大学四年最遗憾的那些事毕业季最大工难忘凌工路号那件事大工建筑篇一你不得不知道的那些楼排行榜点击标兵故事李思远千淘万漉虽辛苦吹尽狂标兵故事李轶瑶执一而专心致志行微而校领导就推进学校改革发展征求意见明星教师张旭泉校园交通安全再聚焦大工财务网上报账系统已正式启用大工学报社科版荣膺全国高校百强社科期刊走进校友校友年度人物耿洪臣忘字何解怎样落笔都不对运载学子在全国船舶与海洋工程设计大赛中斩获第一页内容缓存全文内容缓存根据设置字体大小并初始化按钮请选择投票选项最多允许选项单页阅读分页阅读单页阅读分页阅读控制内容区域的的图片大小并为过大的图片添加查看原图复制网址复制链接成功被浏览器拒绝请在浏览器地址栏输入并回车然后将设置为复制链接成功改变字号小本文地址电话版权所有大连理工大学新闻中心
-1
