http://news.dlut.edu.cn/article/zonghe/5.shtml
69
33
234
177
341
195
145
242
268
143
56
127
101
67
134
160
145
242
268
143
56
127
101
67
134
160
138
81
71
19
177
141
91
0
302
380
246
21
177
23
21
116
58
116
270
163
296
379
6
84
96
47
274
162
165
165
240
240
352
352
267
267
379
96
84
296
6
47
270
163
综合新闻大工新闻网每日推荐字体大小设置清除背景颜色效果边框清除栏目内容文字居左设置调整宽度是注意对应左边栏文字居左设置导航目录颜色调整设置宣传部站群海燕网星海夜话手机版新闻线索预约采访会员投稿留言板学校要闻综合新闻菁菁校园新闻聚焦校园视点信息预告媒体大工领导论坛大工人物校友之声学术动态大工往事部院风采合作交流专题新闻校园视点信息预告媒体大工领导论坛大工人物校友之声学术动态大工往事部院风采合作交流专题新闻精彩瞬间光影四季人文艺术校史钩沉第一时间大工新闻在你身边专题报道校园文艺校园拍客今日大工大工讲坛关于团队校史故事品学校园文艺校园拍客今日大工大工讲坛关于团队校史故事品学十七点播报广播台新闻节目综艺节目外文节目专题节目广播剧下载首页新闻综合新闻我校多部影视作品在中国高校电视奖评选中斩获佳绩年月日机械工程学院完成新一届党委换届及纪委成立选举工作年月日大连理工大学首个国际学生文化实践基地揭牌年月日钱令希院士诞辰百年让钱令希精神鼓舞我们继续前进年月日民盟河南省高校基层组织负责人研修班在我校开班年月日挖掘档案资源传承红色基因年月日学校将离退休教工身心健康工程落到实处年月日大连理工大学夺冠全国管理案例精英赛东北晋级赛年月日中国工程院院士陈政清受聘大连理工大学兼职教授年月日后国防毕业生梁宇我有一颗卫国戍边的心年月日钱令希院士诞辰百年春风化雨润物无声年月日钱令希院士诞辰百年业精于勤奋功成于坚韧年月日钱令希院士诞辰百年钱令希治学育人的三重奏年月日钱令希院士诞辰百年临江仙年月日学校召开实验室安全工作会议落实安全责任年月日学校召开研究生培养方案修订工作评审会年月日大工余名师生吹响暑期实践出征号角年月日盘锦校区第三届全国优秀大学生学术夏令营闭幕年月日学风建设创新成长任务深化特色育人年月日我校年迎新工作暨假期安全稳定布置会顺利召开年月日上一页下一页每日推荐两学一做重温历史记忆追寻先进榜样争做合格实践在路上躬行践履念初心筑梦青春再前行党委副书记副校长宋丹率团赴龙陵县调研中澳科学家联合攻关在硅烯研究中取得突破大工学子参加第七届世界大学生领导者研讨会实践在路上齐风鲁韵共连理望煦寻华报国行第七届国际离散元法会议在大工召开光明日报大连理工援梦专列启程东北新闻网第十一届工业爆炸与安全防护国际学我校马克思主义学院思政课教学改革工作受媒体广泛推荐视频钱令希诞辰百年纪录片发布预告年月日大工新闻学校隆重举行庆祝中国共产党成立周年大会为梦连理大连理工大学招生宣传片焦点图片毕业季校园里那抹亮色美女毕业生遇见特色学位服毕业季大学四年最遗憾的那些事毕业季最大工难忘凌工路号那件事大工建筑篇一你不得不知道的那些楼排行榜点击中澳科学家联合攻关在硅烯研究中取得突破第七届国际离散元法会议在大工召开实践在路上齐风鲁韵共连理望煦寻华报国党委副书记副校长宋丹率团赴龙陵县调研大工学子参加第七届世界大学生领导者研讨会光明日报大连理工援梦专列启程两学一做重温历史记忆追寻先进榜样争做实践在路上躬行践履念初心筑梦青春再前电话版权所有大连理工大学新闻中心
-1
