http://news.dlut.edu.cn/article/2011/1202/37859.shtml
10
165
165
240
240
352
352
267
267
363
26
张德祥书记在中心组扩大学习会上的讲话大工新闻网首页新闻图片视频报纸广播首页新闻领导论坛正文张德祥书记在中心组扩大学习会上的讲话时间点击同志们刚才听了大家的发言感到很全面也很受启发感觉到同志们在前一阶段在学习的基础上对十七届六中全会精神有了较为深刻的认识和把握同时结合学校的工作实际进行了较为深入的思考对我们一段时期以来学校文化建设各方面的工作也做了一次很好的梳理下面就深入贯彻全会精神推进学校文化建设发展哲学社会科学及有关工作谈几点意见一深刻把握全会精神实质认清责任和使命切实增强文化自觉文化自信党的十七届六中全会是在中国共产党成立周年之际在全面建设小康社会的关键时期和文化改革发展重要阶段召开的一次十分重要的会议全会审议通过了中共中央关于深化文化体制改革推动社会主义文化大发展大繁荣若干重大问题的决定胡锦涛总书记在全会上发表了重要讲话这次会议是一次从战略上对文化改革发展进行研究部署的重要会议坚持中国特色社会主义文化发展道路努力建设社会主义文化强国这是全会着力回答的历史命题成为决定最突出的亮点之一决定深刻阐述了中国特色社会主义文化发展道路旗帜鲜明地回答了坚持中国特色社会主义文化发展道路所蕴含的带有方向性根本性战略性的重大问题充分表明了我们党对当今时代发展趋势和我国文化发展方位的科学把握充分体现了中国共产党对肩负历史使命的深刻把握对国内外形势的科学判断对文化建设的高度自觉充分反映了全国各族人民的共同愿望是当前和今后一个时期指导社会主义文化建设的纲领性文件认真学习宣传贯彻十七届六中全会精神走中国特色社会主义文化发展道路推动社会主义文化大发展大繁荣兴起社会主义文化建设新高潮对于动员全党全国各族人民在以胡锦涛同志为总书记的党中央领导下夺取全面建设小康社会新胜利开创中国特色社会主义事业新局面实现中华民族伟大复兴具有重大的现实意义和深远的历史意义高等学校是传承人类文明传播先进文化促进思想文化创新的重要阵地今年四月胡锦涛总书记在清华大学百年校庆上发表重要讲话明确指出了全面提高高等教育质量的战略思路讲话指出全面提高高等教育质量必须大力提升人才培养水平必须大力增强科学研究能力必须大力服务经济社会发展必须大力推进文化传承创新把文化传承创新作为基本任务之一是对大学功能认识的新发展因此提高和坚定大学的文化自觉和文化自信推进大学文化建设服务社会主义文化大发展大繁荣是贯彻落实十七届六中全会精神建设社会主义文化强国的重要内容是历史赋予大学的神圣使命全校党员干部和广大师生员工要认真学习深刻领会这次全会和决定的精神实质要深刻领会文化改革发展面临的形势任务深刻领会推进文化改革发展的指导思想和重要方针深刻领会坚持中国特色社会主义文化发展道路的深刻内涵和基本要求深刻领会建设社会主义文化强国的战略目标和到年的奋斗目标深刻领会新形势下推进文化改革发展的主要任务和重大举措深刻领会决定对教育工作提出的任务和要求切实把思想认识统一到中央关于坚持中国特色社会主义文化发展道路建设社会主义文化强国的决策部署和要求上来不断增强学习宣传贯彻全会精神的责任感和使命感学习贯彻全会和决定精神的几点要求一是要加强组织领导学校领导班子成员和党员领导干部要带头学习全会精神动员组织全体党员干部师生员工全面学习领会全会精神按照中央统一部署进一步增强责任感使命感紧密结合工作学习实际全方位推进全会精神的贯彻落实二是要制订工作方案学校及各学部学院要按照全会精神和中央的总体部署要求结合学校和单位实际认真制订学习宣传贯彻工作方案精心组织实施三是加大宣传力度要通过各级各类学习会报告会讨论会座谈会等多种形式充分利用校报网络等各类媒体平台开设专栏宣传全会精神和学校文化建设的典型经验组织师生学习讨论全会精神努力营造学习贯彻的浓厚氛围四是加强文化战略研究要认真总结学校文化建设的成功经验制定规划系统推进大学文化建设科学制定文化建设的目标任务布局步骤以及资源配置等不断提高学校文化建设水平二以社会主义核心价值体系为根本以文化育人为核心加强大学自身文化建设大学是人类文明的使者是社会文化发展的中心是优秀文化传承的重要载体和思想文化创新的重要源泉以社会主义核心价值体系为根本以文化育人为核心加强大学自身文化建设是贯彻落实全会和决定精神的必然要求加强大学文化建设社会主义核心价值体系建设是培根固本的工作社会主义核心价值体系是兴国之魂是社会主义先进文化的精髓决定着中国特色社会主义发展方向当今世界各种文化的交流交融交锋越来越频繁在交流交融交锋中定力和实力最重要我们的定力和实力就从社会主义核心价值体系而来当代社会文化发展的多样多元多变趋势越来越明显越是多样多元多变越需要主心骨和主旋律我们的主心骨和主旋律也要从社会主义核心价值体系而来作为国家和社会文化中心的大学必须同时成为社会主义核心价值体系的研究中心传播中心和建设中心要让社会主义核心价值体系在校园落地生根开花结果我们要通过思想政治理论课主渠道第二课堂校外实践等多种渠道和形式旗帜鲜明地推动中国特色社会主义理论体系进教材进课堂进头脑加强大学文化建设必须坚持以文化育人为核心坚持育人为本牢固树立文化育人的教育理念把文化育人的理念贯穿到育人的各个环节我们不仅要通过传授科学文化知识夯实学生理论功底来培养知识精英更要教育学生胸怀远大理想陶冶高尚情操立为国奉献之志立为民服务之志来培养道德精英不断塑造德才兼备知行合一的新时代人才要围绕人才培养这一根本任务进一步加强师德师风建设不断培育高尚的师德文化以高尚的人格魅力和学识魅力引导教化学生要结合本科培养方案的修订积极促进科学教育与人文教育的统一进一步加强文化类课程建设积极筹备建立学校通识教育中心使学生成为既有高度人文情怀又有精湛专业能力的精英人才要进一步发挥文化素质教育基地的作用博引古今放眼中外广泛开展优秀文化教育普及活动要进一步加强实践环节积极与文化企事业单位共建培养基地提高人才培养质量要广泛开展高质量的校园文化活动扶植学生社团通过举办科技竞赛高水平报告高雅健康的文艺体育活动等营造有利于学生健康成长的文化氛围要提高校园文化建设水平大力加强网上思想文化阵地建设不断拓宽文化育人的新平台新阵地积极推动落实文化走出去计划提高我校与宾州州立大学和白俄罗斯共建孔子学院的办学质量和水平加强国际班建设稳步扩大留学生教育积极促进学生出国出境和跨校交流项目推动跨文化交流开阔视野增进学生对不同国家不同文化的认识和理解加强大学文化建设是实现学校文化自强的必由之路大学文化是大学的血脉是所有师生的精神家园沉淀着学校的精神内核和学术传统凝聚着大学办学理念和办学追求反映着师生对大学本身的总体认知理想追求和实践探索既是一所大学的软实力又是竞争力只有把学校自身的文化建设好我们才能称之为一所有品格有魅力的大学才能成为一所更具实力和竞争力的大学根据十七届六中全会的要求和总书记清华大学百年校庆讲话的要求全面规划学校的文化建设战略不仅必要而且十分迫切因此我们应进一步修订完善学校的文化建设纲要制定更加得力有效的措施使之更加适应新的发展形势更加贴合学校的实际同时要完善大学文化建设体系与运行机制成立专门机构统筹文化建设工作加大人力物力财力投入制定大学文化建设年度工作计划实现大学文化建设与学校的各项工作一起部署一起落实一起检查而且还应突出建设重点分类分层展开全面落实推进我们应着重做好以下四个方面工作一是要深入开展精神文化建设坚守大学使命培育文化品格要结合校史研究进一步提炼和培育学校的核心价值理念包括大工精神办学理念校训校风学风以及发展战略人才培养目标管理理念等进一步发挥学校精神文化的凝聚激励导向和保障的作用二是要深入开展物质文化建设丰富文化载体培育文化基础要结合新老校区的建设改造着力创造良好的办学条件不断把办学的资源优势转化为先进文化传承的优势进一步完善和加强与学校精神文化相匹配的人文景观文化活动设施文化活动场所校史馆博物馆体育馆大学生活动中心文化传播媒介出版社学术期刊要走出去出精品等载体和阵地建设全面提升学校文化育人环境的整体水平与品位三是要深入开展制度文化建设完善责任义务培育文化规范要以大学章程的制定为牵引加强学校制度文化的研究进一步夯实校风教风学风建设的制度基础探索建立先进管用行之有效的制度体系四是要深入开展行为文化建设丰富活动内涵培育文化魅力要以良好的行为规范为指导丰富师德师风建设的活动载体积极开展丰富多彩的校园文化活动培育融入社会知行合一学以致用鼓励创新的文化育人环境与实践氛围重点打造以校园文化节为代表的大学文化建设经典品牌活动丰富网络影视等师生易于接受的文化载体形成师生互动参与共享成果的文化建设格局同时我们还应该格外重视加强基层学术组织的文化建设每个学部学院都应把文化建设纳入学部学院的长远规划并落实到具体的工作实践之中总之通过有规划的长期建设包括学校的精神文化物质文化制度文化和行为文化在内的富有我校特色的大学文化建设应该有一个质的飞跃三履行文化传承创新使命繁荣哲学社会科学服务文化强国建设哲学社会科学的发展水平体现着一个国家和民族的思维能力精神状况和文明素质高等学校在国家哲学社会科学创新体系中占有举足轻重的地位无论是研究队伍和人才还是研究成果都占有绝对的优势是当之无愧的主力军就我校而言大力发展哲学社会科学是落实人才培养根本任务促进文化育人的需要是丰富拓展学科体系建设高水平大学的需要是履行大学文化使命繁荣国家哲学社会科学的需要是发挥智囊团思想库作用服务社会的需要也是增强文化自觉和文化自信建设先进大学文化的需要十七届六中全会的召开和全会作出的决定为进一步发展和繁荣哲学社会科学指明了方向营造了氛围创造了条件月上旬中共中央办公厅国务院办公厅转发了教育部关于深入推进高等学校哲学社会科学繁荣发展的意见教育部等部门牵头召开了全国高等学校哲学社会科学工作会议教育部财政部联合下发了高等学校哲学社会科学繁荣计划年同时教育部下发了关于进一步改进高等学校哲学社会科学研究评价的意见高等学校哲学社会科学走出去计划高等学校人文社会科学重点研究基地建设计划等配套文件新一轮高等学校哲学社会科学繁荣计划拉开了序幕繁荣计划提出了未来十年高校哲学社会科学发展的项主要任务个重点建设内容和项保障措施其中重点建设内容包括积极参与马克思主义理论研究和建设工程推进人文社会科学重点研究基地建设加强哲学社会科学基础研究启动实施其中长期重大专项鼓励高校教师潜心基础研究加强哲学社会科学优秀成果推广普及推动哲学社会科学优秀成果和优秀人才走向世界等繁荣计划由中央财政专项支持并与国家社科基金自然科学基金基本科研业务费经费有机衔接评价意见一共条重点内容包括确立质量第一的评价导向实施科学合理的分类评价完善公正诚信的评价制度和保障措施等走出去强调要坚持以推进学术交流与合作为主线坚持走出去与请进来相结合坚持以我为主积极稳妥的方针明确了加强国际问题研究培养国际优秀学术人才等各方面的重点建设任务和条保障措施研究基地建设计划确定了未来十年高校人文社会科学重点研究基地的建设目标新增一批以国家重大需求为导向和新兴交叉研究领域的重点研究基地建设一批社会科学实验室着力加强部部共建部省共建重点研究基地等项主要任务突出问题导向等项建设重点我校在中长期发展战略规划中提出大力提升人文与社会科学学科整体水平推动人文与社会科学学科建设的重点突破并逐步使之达到与学校发展目标相适应的水平中央的决定中办国办转发的意见特别是繁荣计划和一系列配套文件对高校哲学社会科学发展提出了新的目标和任务也给我们带来了前所未有的良好发展机遇必须牢牢把握几项重点工作一是把握新一轮繁荣计划的有利机遇继续保持我校人文社科发展的良好态势今年我校国家社科基金教育部社科基金获批数全省高校第一成绩来之不易进一步明晰学科发展思路按照有特色入主流出精品的要求进一步做大做强我校人文与社会科学学科二是要高度重视人文社会科学相关专业的人才培养工作显著提升育人水平和育人质量同时要发挥学科优势为全校文化育人和通识教育提供有力支撑三是要加强统筹整合力量加强人文社会科学研究基地建设积极做好申报的准备工作力争有所突破昨天常委会学校决定在科研院成立人文社会科学科研管理部其主要职能就是加强基地建设促进研究工作四是要进一步加强哲学社会科学基础研究凝练方向突出特色瞄准基础研究中长期重大专项力争在关系经济社会发展和国家安全具有长远影响的基础研究人类社会发展共同面对的一系列重大问题的基础研究等方面产出有影响的成果五是要积极促进跨学科研究要根据我校学科优势和特色促进文理理工之间的相互融合渗透促进人文社会科学不同学科之间哲学社会科学与自然科学工程技术之间的交叉融合培育新的学术领域和学科增长点六是加强哲学社会科学应用对策研究面向国家和区域经济社会发展中的重大问题深化与有关部委地方政府重点企业的合作建设咨询性智库研讨型论坛重点开展一批立足实践对经济社会发展具有重要影响的应用对策研究使我校及相关学科成为国家和地方经济社会发展的智囊团思想库七是进一步改进我校人文与哲学社会科学研究评价体系坚持质量第一科学合理分类评价八是积极落实走出去计划鼓励人文社会科学学科教师积极参加国际学术活动和学术组织鼓励教师在国际期刊担任编委发挥我校在日本问题研究欧盟问题研究上的特色继续办好孔子学院推动海外中国学研究扩大我校在国际学术舞台的话语权和影响力九是进一步加强哲学社会科学师资队伍建设加大培养与引进的力度制定倾斜政策使我校人文社会科学学科师资队伍建设水平迈上新的台阶同志们大学之所以为大学最根本的就在于它是一个研究高深学问传播先进文化的育人机构文化传承创新是大学的天职是生而具有的使命党的十七届六中全会和中共中央关于深化文化体制改革推动社会主义文化大发展大繁荣若干重大问题的决定胡锦涛总书记在清华大学百年校庆上的讲话为大学履行文化传承创新使命指明了方向我们要通过学习贯彻十七届六中全会精神落实教育部关于加强高校文化建设和繁荣哲学社会科学的一系列部署进一步增强责任感使命感进一步增强文化自觉文化自信更好地完成人才培养科学研究服务社会文化传承创新各项工作不断提高我校办学水平和质量为建设文化强国作出应有贡献责任编辑姜雪相关阅读复制网址打印分享到每日推荐我校处级干部参观市反腐倡廉警示教育基地标兵故事蔡晗不忘初心方得始终标兵故事蔡晗不忘初心方得始终大连日报化工与环境生命学部评选最美团支书打造软件人才创新创业的摇篮新闻聚焦打造软件人才创新创业的摇篮大工学子在全国大学生金融创意设计大赛中喜获佳绩大工记者团和广播台获辽宁省十佳校媒称号数学科学学院党委积极开展与王家村党委共建活动机械工程学院人参加入党积极分子培训推荐视频钱令希诞辰百年纪录片发布预告年月日大工新闻学校隆重举行庆祝中国共产党成立周年大会为梦连理大连理工大学招生宣传片焦点图片毕业季校园里那抹亮色美女毕业生遇见特色学位服毕业季大学四年最遗憾的那些事毕业季最大工难忘凌工路号那件事大工建筑篇一你不得不知道的那些楼排行榜点击标兵故事李思远千淘万漉虽辛苦吹尽狂标兵故事李轶瑶执一而专心致志行微而校领导就推进学校改革发展征求意见明星教师张旭泉校园交通安全再聚焦大工财务网上报账系统已正式启用大工学报社科版荣膺全国高校百强社科期刊走进校友校友年度人物耿洪臣忘字何解怎样落笔都不对运载学子在全国船舶与海洋工程设计大赛中斩获第一页内容缓存全文内容缓存根据设置字体大小并初始化按钮请选择投票选项最多允许选项单页阅读分页阅读单页阅读分页阅读控制内容区域的的图片大小并为过大的图片添加查看原图复制网址复制链接成功被浏览器拒绝请在浏览器地址栏输入并回车然后将设置为复制链接成功改变字号小本文地址电话版权所有大连理工大学新闻中心
-1
