http://news.dlut.edu.cn/article/2016/0728/68503.shtml
18
234
178
309
83
248
210
209
165
165
240
240
352
352
267
267
82
371
209
钱令希院士百年诞辰学术思想座谈会召开学校要闻大工新闻网首页新闻图片视频报纸广播首页新闻学校要闻正文钱令希院士百年诞辰学术思想座谈会召开国际计算力学研究中心在大连理工大学成立作者龙海波来源宣传部新闻中心时间点击核心提示年是著名的力学家和教育家我国计算力学的开拓者中国科学院资深院士钱令希先生诞辰一百周年月日大连理工大学在伯川图书馆多功能厅召开钱令希院士百年诞辰学术思想座谈会年是著名的力学家和教育家我国计算力学的开拓者中国科学院资深院士钱令希先生诞辰一百周年月日大连理工大学在伯川图书馆多功能厅召开钱令希院士百年诞辰学术思想座谈会大连市委副书记市委高校工委书记宋善云中国科学院学部工作局副局长王敬泽国家自然科学基金委数理学部常务副主任孟庆国中国科学院院士中国力学学会副理事长北京理工大学副校长方岱宁中国力学学会计算力学专委会主任庄茁大连理工大学党委书记王寒松中国工程院院士大连理工大学校长郭东明我校两院院士邱大洪钟万勰程耿东林皋钱令希院士子女钱昆明钱唐等出席会议浙江大学辽宁省力学学会河海大学江苏省无锡市等单位有关领导钱令希院士生前同事亲友弟子学校相关职能部处学部学院负责人运载工程与力学学部教师代表学生代表等参加了会议会议由我校党委副书记纪委书记李成恩主持王寒松书记在会上讲话代表大连理工大学向各位领导各位嘉宾的到来表示热烈的欢迎向钱令希院士家属致以亲切的问候表示钱令希院士是中国共产党的优秀党员为党和国家的科教事业鞠躬尽瘁是具有战略眼光的科学家引领了中国计算力学的新方向是学以致用的倡导者攻克一个又一个理论和工程科学的重大难题是桃李天下的教育家哺育出一代又一代国家栋梁钱令希院士的一生折射出中国知识分子为中国梦不懈奋斗的历程是千千万万中国知识分子献身国家民族复兴伟业的时代缩影学校以多种形式开展纪念活动深切缅怀钱令希院士的卓越贡献和崇高精神激励大工人更好地担负起今天的责任和使命把钱令希院士曾经为之奋斗大工人正为之努力的事业不断推向前进王寒松书记强调纪念钱令希院士就要认真学习他追求真理爱党爱国的崇高境界国难当头之时钱令希院士怀着国家兴亡匹夫有责的赤子之心毅然回国全力投入叙昆铁路建设在建国初期钱令希院士应屈伯川院长之邀来到大工为学校的发展建设倾注满腔热血建立卓越功勋他始终坚定知识分子心向党的信仰和追求始终坚持科学研究要面向经济建设为现代化建设服务躬身力行带领团队为我国建造第一艘核潜艇第一个现代化油港等重要项目作出了突出贡献王寒松书记表示纪念钱令希院士就要学习他诲人不倦为人师表的红烛精神在钱氏家训中有这样一句话兴学育才则国盛钱令希院士以其一生对这句话做出了完美的诠释投入祖国的教育和科研事业无怨无悔勤勤恳恳钱令希院士的红烛精神教育和影响着一代代大工教师潜心教书育人为党和国家培养了一大批治国栋梁学术大师和兴业英才王寒松书记强调纪念钱令希院士就要学习他潜心学术严谨治学的求是精神钱令希院士倾其一生潜心研究以勤勉不懈的探索精神赶超精神和引领精神始终站在国际学术前沿率先在我国创建计算力学学科坚持科技工作者的一个重要使命就是应该能够解决实际工程问题为国家的重大工程服务投身实践视野广阔为力学界树立起一面理论与实践相结合的旗帜其严谨治学的求是精神如今已融入大工独具特色的文化为造就一代又一代科技工作者注入强大精神力量王寒松书记指出纪念钱令希院士就要学习他纳才举贤甘当人梯的无私品格钱令希院士爱才如命知人善任以教育家的胸怀和胆识汇聚贤才培养出一批又一批的力学人才形成了老中青相结合的梯队奠定了大工力学学科在国内的领先地位他犹如一位舵手以博大勇敢坚定和智慧把握着前行的方向以无私的品格深深影响着一代代大工人不断成长进步王寒松书记强调纪念钱令希院士就要学习他平易近人开朗豁达的人生态度钱令希院士一生谦虚为人始终严以律己宽以待人从不计较个人得失钱令希院士手书的四乐字幅工作奉献求乐处事助人为乐生活知足常乐闲暇自得其乐是他乐观豁达的人生态度写照王寒松书记表示作为中国共产党在新中国成立前夕亲手创办的新型正规大学大工与新中国在崇高理想科学精神和价值理念上具有深度融合与共鸣表现为担当兴校强国使命的历史自觉坚定不移跟党走的政治自觉传承民族精神血脉的文化自觉也内含着爱党兴党为国为民的党性自觉这是大工特有的红色基因也是一代代大工人砥砺前行的精神根基钱令希院士的精神正是大工红色基因的生动诠释和体现学习和传承钱令希院士的精神对推动学校双一流建设对当代大工人肩负兴校强国历史重任对当代中国知识分子投身伟大复兴的中国梦具有重要的现实意义希望大家一如既往地关心大工支持大工共同发扬和光大钱令希院士的未竞事业共同为国家民族发展作出贡献为了传承钱令希院士所确定的计算力学研究方向打造国际计算力学合作与交流的学术中心聚集一流学者和培养拔尖创新人才建成具有重要影响的国际创新基地国际计算力学研究中心在会上成立中心依托大连理工大学工程力学系和工业装备结构分析国家重点实验室建立致力于实现学科实力国际一流学术影响力国际一流领军人才国际一流人才培养质量国际一流管理水平国际一流五个国际一流中国科学院院士钟万勰担任该中心荣誉主任国际计算力学研究中心主任担任主任中国科学院院士程耿东担任科学委员会主席郭东明校长为教授发中心主任聘书教授在聘任仪式上表示将和国际计算力学研究中心同仁紧密团结在一起努力工作承担起中心主任的责任和义务将中心建设成引领多学科联合研究的国际前沿机构培养一批优秀的人才大连市委副书记高校工委书记宋善云表示钱令希院士是我国著名的力学家和教育家是我国计算力学工程结构优化设计的开拓者献身于我国的结构力学教学和研究坚持理论与实践相结合为祖国的繁荣富强和大连的发展建设作出了重要贡献特别是年钱令希院士接受老院长屈伯川博士邀请来到大工扎根大连几十年始终关心和关注大连市发展围绕经济和社会发展的重大问题以多种形式积极建言献策为大连市的发展建设作出了不可磨灭的贡献当前大连市正紧紧抓住东北老工业基地振兴和辽宁沿海经济带开放发展等重大历史机遇认真贯彻落实创新协调绿色开放共享的发展理念大力实施创新驱动发展战略积极推进供给侧机构性改革努力营造经济快速增长民生持续改善社会更加和谐的良好局面迫切需要并期望更多的知识分子科技精英秉承钱老之风积极投身大连市的发展建设各项事业积极为大连振兴发展提供智力注入动力激发活力与大连共同成长进步中国科学院学部工作局副局长王敬泽表示钱令希院士是我国著名的力学家和教育家毕生致力于工程力学的科研和教育事业抱着科学救国的满腔热情以厚德笃学矢志创新的科学态度为我国的桥梁水利舰船港湾等工程领域建设作出了杰出贡献年选聘为首批学部委员后钱令希院士见证了中国科学院的发展变迁带领和推动学部的咨询评议学科建设与发展人才培养等工作为学部建设和发展作出了重要贡献纪念钱令希院士就是要继承和发扬钱令希院士等老一辈科学家求真务实开拓创新的科学精神爱国奉献服务国家的家国情怀以及注重修身立德明德楷模的品行风范紧密结合国家战略需求为把我国建设成为世界科技强国实现中华民族伟大复兴作出更大贡献国家自然科学基金委数理学部常务副主任孟庆国表示钱令希院士是我国计算力学的奠基人和开拓者带动了全国计算力学学科的发展是我国老一辈科学家的优秀代表他们在艰苦朴素的条件下扎实开展科学研究工作推动国家科技事业不断发展当前国家提出创新驱动发展战略国家自然科学基金委大力支持科学研究工作纪念钱令希院士就是要学习他严谨求实的学术风气继承和发扬老一辈科学家的学术风范承担起进一步推动我国基础研究和科技发展的责任为我国创新驱动发展作贡献为实现国家两个一百年的奋斗目标而不断努力中国力学学会副理事长方岱宁表示钱令希院士担任中国力学学会第二任理事长期间带领全国力学界开展学术交流开展交叉学科加强科普教育壮大力学队伍使中国力学学会得到快速全面发展在国际上钱令希院士和国际知名学者共同发起成立了国际计算力学协会使中国在国际组织始终保持了重要的地位和话语权钱令希院士培养了一批又一批优秀的力学工作者使得大连理工大学涌现出一支不断创新开拓站在世界力学发展前沿的学科队伍成为了我国最重要的计算力学研究机构今天在这里成立计算力学科学研究中心相信依托实力雄厚人才荟萃的大连理工大学工程力学系和工业装备结构分析国家重点实验室一定能实现学科实力国际一流学术影响力国际一流领军人才国际一流人才培养质量国际一流管理水平国际一流的发展目标为纪念钱令希院士百年诞辰学校拍摄制作了纪录片钱令希再现了钱令希院士从拒绝国外导师挽留矢志科学报国到将毕生精力投身力学事业创造一项项世界领先的科技成果为国家培养无数栋梁的感人故事会议放映了钱令希纪录片精缩版参会人员在一帧帧画面中缅怀钱令希院士感悟钱令希院士的大家风范为弘扬院士精神传承先贤家风钱令希院士家乡无锡市于今年月举办纪念钱临照诞辰周年钱令希诞辰周年活动我校师生应邀参加座谈会上无锡市代表向我校赠送钱临照钱令希纪念文集校长郭东明代表学校接收捐赠钱令希院士以科学报国的情怀引领中国计算结构力学和结构优化设计的创新发展严谨求实的治学精神开放的教育理念识才爱才育才的伯乐精神不计个人得失的奉献精神和乐观豁达的人生态度深深地影响着身边的同事学生亲人朋友在钱令希院士百年诞辰学术思想会上邱大洪院士钟万勰院士程耿东院士林皋院士上海交通大学林少培教授中国科学院国家天文台施浒立教授颜毅华研究员清华大学航空航天学院张雄教授北京工业大学隋允康教授等先后发言回顾了钱令希院士的学术生涯分享钱令希院士爱国情怀治学精神待生如子的感人故事表达怀念崇敬之情和为科技强国作出新的更大的贡献的决心当天下午与会人员一行还参观了钱令希百年诞辰纪念展责任编辑姜雪相关阅读复制网址打印每日推荐辽宁日报大连理工援梦专列再次启程大工学子在全国智能车比赛东北区赛中再获佳绩两学一做尊崇党章严守党纪不忘初心做合格党软件学院创新师资聘任方式加强学生实践能力培养两学一做远教院领导班子带头学与做扎南华大学教学督导团团长朱惠延教授一行访问我校民进全国省级组织宣传干部培训班在我校开班教务处召开实验室会议强化经费规范管理和使用两学一做人文学部领导班子开展中国共产党问钱令希院士百年诞辰学术思想座谈会召开推荐视频钱令希诞辰百年纪录片发布预告年月日大工新闻学校隆重举行庆祝中国共产党成立周年大会为梦连理大连理工大学招生宣传片焦点图片毕业季校园里那抹亮色美女毕业生遇见特色学位服毕业季大学四年最遗憾的那些事毕业季最大工难忘凌工路号那件事大工建筑篇一你不得不知道的那些楼排行榜点击从首届毕业生毕业决心书中传承红色基因大工附校中考成绩再创历史新高中国核动力研究设计院黄彦平总工程师受聘大工学校召开一级博士学位授权点合格评估校内评审洪晓楠教授被聘为教育部高校思想政治理论课教软件学子挺进大型机世界杯竞赛全球前学校召开学科建设专项座谈会钱令希院士百年诞辰学术思想座谈会召开大连理工大学与大连海洋大学签署联合人才培养学校召开新一届本科生奖学金评审委员会第一次第一页内容缓存全文内容缓存根据设置字体大小并初始化按钮请选择投票选项最多允许选项单页阅读分页阅读单页阅读分页阅读控制内容区域的的图片大小并为过大的图片添加查看原图复制网址复制链接成功被浏览器拒绝请在浏览器地址栏输入并回车然后将设置为复制链接成功改变字号小本文地址电话版权所有大连理工大学新闻中心
-1
