http://news.dlut.edu.cn/article/2016/0719/68266.shtml
28
149
130
130
21
167
167
162
162
31
22
贯彻落实全面从严治党要求强化政治纪律和政治规矩学校要闻大工新闻网首页新闻图片视频报纸广播首页新闻学校要闻正文贯彻落实全面从严治党要求强化政治纪律和政治规矩校党委中心组召开扩大学习会议作者吕东光姜雪来源宣传部新闻中心时间点击核心提示月日下午校党委中心组举行扩大学习会议围绕全面从严治党强化政治纪律和政治规矩深入学习贯彻落实全面从严治党要求践行监督执纪四种形态贯彻落实习近平总书记的重要批示精神深入学习毛泽东同志党委会的工作方法校党委书记王寒松主持会议月日下午校党委中心组举行扩大学习会议围绕全面从严治党强化政治纪律和政治规矩深入学习贯彻落实全面从严治党要求践行监督执纪四种形态贯彻落实习近平总书记的重要批示精神深入学习毛泽东同志党委会的工作方法校党委书记王寒松主持会议会上校党委副书记纪委书记李成恩围绕贯彻落实全面从严治党要求践行监督执纪四种形态主题作中心发言从深刻理解践行四种形态的重要意义四种形态的适用情形监督执纪方式和工作要点践行好四种形态需要注意的问题等方面进行深入解读李成恩表示四种形态的提出彰显了挺纪在前的新理念体现了对管党治党规律和反腐败规律认识的深化对深刻理解全面从严治党做好当前和今后一个时期的党风廉政建设工作具有重要的指导意义会上马克思主义学院副院长徐成芳解读了当前学习党委会的工作方法的历史背景和现实意义党委常委副校长卢中昌运载工程与力学学部书记黄一作中心发言表示党委会的工作方法是一篇加强党组织领导班子建设提升党的领导水平和执政能力的重要文献对领导班子成员学习掌握科学的工作方法和领导艺术学习掌握党的政治纪律和政治规矩切实加强和改善党的领导具有重大指导意义王寒松书记在听取发言后对各位同志的发言给予肯定对进一步做好贯彻落实提出要求一是要坚决贯彻落实全面从严治党要求践行监督执纪四种形态监督执纪四种形态回答了用什么执纪为什么监督等重大理论和现实问题对于挺纪在前执纪必严以纪律建设推进从严治党依规治党具有重要战略意义和实践价值全校各级党组织和两级纪检组织要高度重视理解好践行好监督执纪四种形态扎实推进管党治党从宽松软走向严紧硬要模范遵守纪律各级党员领导干部尤其要带头牢固树立党章党规党纪意识严格执行党规党纪模范遵守法律法规自觉做守纪律讲规矩的模范要自觉接受监督各级党员领导干部要以真诚的态度正确对待和主动接受组织监督群众监督舆论监督让咬耳扯袖红脸出汗成为常态要认真履行责任学校各级党委纪委要把践行监督执纪四种形态作为落实管党治党主体责任的重要方式作为关心爱护党员干部的重要手段切实履行全面从严治党主体责任监督责任二是要把党委会的工作方法作为两学一做学习教育重要内容学深学透他指出掌握和运用科学方法论是我们党克敌制胜的法宝习近平总书记对党委会的工作方法的批示是从争取伟大事业胜利的高度来看党的坚强领导看党的建设看学习掌握工作方法和领导艺术学习掌握政治纪律和政治规矩的重要性凸显了方法论的重要性我们党能够不断地取得胜利成就事业其中一个重要的原因就是掌握了马克思主义的科学方法论推动学校的事业发展就要学会运用马克思主义的科学方法论来解决实际问题要深入学习党委会的工作方法特别就其中的条方法畅谈了体会指出了所蕴含的深刻意义一是党委书记要善于当班长要依靠一班人发挥一班人的作用要善于宣传和组织好一班人要处理好与一班人的关系二是要互通情报每个人都要在交流中吸取他人的长处不断提高自身认识三是尊重倾听下级要善于倾听下属的意见先做学生然后再做先生先向下属请教然后再下命令这是对实践的尊重对群众的尊重四是安民告示领导要善于向大家交代总目标阶段性目标和阶段性要求考虑问题要有总括性和预见性五是要注意团结那些和自己意见不同的同志一道工作主要领导要有境界和涵养要有为事业奋斗的远大目标和崇高理想特别要注意团结那些反对过自己并且已被实践证明是反对错了的同志一道工作要深刻理解党委会的工作方法中体现的政治纪律和政治规矩书记和委员的关系是少数服从多数的关系书记必须带头执行民主集中制有问题摆到桌面上来不要在背后议论大家要自觉维护党的集中统一和党的团结弹钢琴十个手指要一起动步调一致在执行党的决议上要有高度自觉坚决禁止合心意的就执行不合心意的就不执行要反对和禁止歌功颂德自觉贯彻关于党内政治生活的若干准则建立健康的同志间关系党委常委校领导校党委学习中心组成员各二级党组织书记各学部学院部长院长参加会议责任编辑侯庆敏相关阅读复制网址打印每日推荐研招进行时如火如荼开展年研究生招生宣传两学一做把政治纪律和政治规矩内化于心外化于全国近所高校教师学者来校研讨马克思主义发展观材料科学与工程学院选举产生新一届党委并成立纪委大连日报钱令希院士百年诞辰纪念展揭幕辽宁日报大工举行钱令希院士百年诞辰纪念展大工人物校友篇张阿漫胸怀海洋强国梦大工人物校友篇张阿漫胸怀海洋强国梦贯彻落实全面从严治党要求强化政治纪律和政治规群策群力抢抓机遇为大工吸引一流生源推荐视频钱令希诞辰百年纪录片发布预告年月日大工新闻学校隆重举行庆祝中国共产党成立周年大会为梦连理大连理工大学招生宣传片焦点图片毕业季校园里那抹亮色美女毕业生遇见特色学位服毕业季大学四年最遗憾的那些事毕业季最大工难忘凌工路号那件事大工建筑篇一你不得不知道的那些楼排行榜点击机械工程学院新教学楼开工建设钱令希诞辰百年纪录片发布预告钱令希院士诞辰百年春风化雨润物无声中国工程院院士陈政清受聘大连理工大学兼职教钱令希院士诞辰百年宝贵的精神财富永恒群策群力抢抓机遇为大工吸引一流生源机械工程学院完成新一届党委换届及纪委成立选钱令希院士诞辰百年业精于勤奋功成于坚副校长朱泓率团访问白俄罗斯国立大学推进两校我校多部影视作品在中国高校电视奖评选中斩获第一页内容缓存全文内容缓存根据设置字体大小并初始化按钮请选择投票选项最多允许选项单页阅读分页阅读单页阅读分页阅读控制内容区域的的图片大小并为过大的图片添加查看原图复制网址复制链接成功被浏览器拒绝请在浏览器地址栏输入并回车然后将设置为复制链接成功改变字号小本文地址电话版权所有大连理工大学新闻中心
