http://news.dlut.edu.cn/article/2016/0518/66689.shtml
11
143
211
211
165
165
240
240
352
352
267
267
大工人物校友篇宁忠培大型国企转型中的领路人大工人物大工新闻网首页新闻图片视频报纸广播首页新闻大工人物正文大工人物校友篇宁忠培大型国企转型中的领路人作者金小渝来源校友工作处时间点击校友档案宁忠培四川泸天化股份有限公司董事长泸天化集团有限责任公司董事总经理年年就读于我校造船系热力涡轮机专业长期从事国家能源生产加工领域天然气化工和煤化工主要负责企业运营管理和科技研发创新工作尤其在大型国有企业环境治理和传统产业转型升级方面做了大量创新型工作通过产业调整促转型实施创新保升级开展重组增效益开创了新农化新材料新环保的改造传统化工企业新模式仅年就开发新型肥料产品近种新增销售收入亿元年实现四川泸天化股份公司扭亏为盈泸天化集团公司减亏近亿元曾获得石油和化学工业劳动模范四川省学术和技术带头人全国机械动力协会特聘专家等称号省部级科技进步二等奖项分别排名第一和第三三等奖项国家发明专利项发表研究论文近篇现任全国锅炉压力容器标准化技术委员会热交换器分技术委员会委员从热力涡轮机专业大学生到化工企业总经理宁忠培一路前行一路转型大工人的勤奋好学在他身上表现得淋漓尽致从宁忠培的青葱岁月到年过半百从泸天化的黄金时代到连年亏损宁忠培的职业生涯跟泸天化牢牢地绑定在一起他说他做事没有半途而废的习惯如今转型成功的宁忠培要带领泸天化完成一场华丽转身锐意进取带领大型国企迎难改革宁忠培年本科毕业后被分配到了四川泸州天然气化工厂从钳工做起先后做过钳工班长技术组组长生产技术科副科长生产部副部长直至如今的泸天化集团有限责任公司总经理泸天化集团是一家集化肥精细化工新材料新环保新能源新型肥料的生产和销售以及科研设计建筑安装交通运输于一体的大型企业集团成立于年曾被称为中国现代尿素摇篮宁忠培介绍从年到年泸天化集团经历了从辉煌走向下坡的过程在他的记忆里到年是最辉煌的时候只要产品一离开生产线效益就出来了巨大的经济效益必然带来整个行业产能的急速增加又恰逢国家对天然气政策调整之前鼓励用天然气制化肥调整之后侧重民用工业和化肥被放到了最后一档泸天化集团的产能过剩问题从年开始突显随后的三年里整个集团的化肥生产线几乎处于半停滞状态有的装置一年开工仅几十天宁忠培回忆起当时的情景依旧眉头紧锁企业转型就在这样的背景下被提出来了资金和技术是转型的关键因素因为转型涉及到原料调整原有技术也需要升级资金上的困难就更显而易见了宁忠培介绍年经济危机过后泸天化集团的财务状况陷入连年亏损年亏损近亿到年这一数字飙升至亿我们必须转型再不转型就只有死路一条了在宁忠培的带领下泸天化集团采取了一系列措施促进转型增加效益他提出了新农化新材料新环保的传统化工企业改造新模式在新农化方面他们通过提高科技和产业整合水平在实现原料多元化的同时产品也在传统尿素硝铵基础上逐步实现了复合化和专用化并由过去的为客户提供产品向提供一揽子解决方案的农化服务转变进而向现代循环生态农业转变在新材料方面他们重点结合了现有合成氨甲醇硝酸和油脂化工等基础化工产业链在原料多元化的同时进行横向整合和纵向延伸大力发展新材料化工精细化工和高端专用化学品既实现了各种资源的循环综合利用节约了成本同时将污染物排放降至最低形成园区独具的产业集群核心竞争优势在新环保方面在如何将排放的各种污染物进行资源化利用上做了大量探索和创新将工业三废城市生活垃圾养殖粪水农业废弃物资源化利用与化工化肥生产有机结合既解决了资源不足带来的缺链问题又有效治理了各种污染目前泸天化集团在废水排放方面已经实现近零排放在降低燃煤锅炉大气污染物排放方面已居于国内乃至世界领先地位新模式收效明显转型中的泸天化渐有起色年整个集团减亏个亿对我们来说这已经很不容易了宁忠培发自肺腑地感慨全面转型打造一支学习团队企业转型是一项庞大而复杂的革命性工作最难的部分是人的转型宁忠培说而在人的转型中最迫切的是知识结构转型他定期组织员工培训要求员工按照新要求考核上岗对于转型期出现的新问题新状况他鼓励员工多学习多思考多借鉴宁忠培深知对于一家转型企业培养一支学习型团队的重要性只有大家都学习新观点新想法新路子才有可能被接受和推广把这些新落到实处企业不就转型了吗截至目前泸天化集团内部已有约员工接受并完成了重新培训重新上岗大家对这种培训普遍较为认可接受度也很高主导企业转型员工转型的同时宁忠培本人也一直走在转型的路上年刚毕业的宁忠培在泸天化工厂车间负责设备维修我是学涡轮机的哪见过化工厂的这些设备啊宁忠培笑着说既然做了那就学吧于是他跟着车间师傅们一学就是四年硬是从一个化工设备的门外汉学成了专家至今他仍自豪地说当年车间里的每台设备我都修过此后宁忠培沿着典型的技术员升迁路线做过技术管理组组长生产技术科副科长生产部副部长主管生产的副总经理直到年出任泸天化股份有限公司总经理这对工科出身专注技术年的宁忠培是一项新的挑战我以前是跟技术产品打交道现在要跟人和市场打交道需要学的东西太多了脑袋都不够用了对此宁忠培的解决办法很简单也很大工式学习为尽快将自己从技术员变成管理者宁忠培不厌其烦地利用节假日参加各种培训为提高针对性他常带着问题去上课在课堂上与老师同学讨论效果很明显解决了不少问题自己也得到了提高宁忠培说做技术的时候每解决一个难题都很有成就感可自从做了企业管理就再也没有成就感了企业中有层出不穷的问题就没有能松口气的时候在转型初期这种挫败感一度让宁忠培很苦恼但转念一想又有什么工作不存在困难呢解决困难本身就是工作的一部分如今已经转向管理年的宁忠培坦言我喜欢做有挑战性的事情挑战意味着进步而且我没有做事半途而废的习惯再忆母校收获与感恩并存宁忠培不半途而废的做事习惯源于大工年即将毕业的宁忠培在王维整老师的指导下做毕业设计他的课题是设计小汽轮机因为已经接到分配通知他又附带着报了一个辅课题对泸天化的事故发电机调节系统进行优化后来因为时间紧张他向老师申请取消辅课题被老师拒绝既然决定要做就不能半途而废最后宁忠培在老师的帮助下顺利完成了所有毕业设计我对王老师的这句话印象特别深从那之后不管做任何事情遇到什么困难我都没有再轻易放弃过提起母校宁忠培口中最高频的词是感谢大学时的宁忠培家境并不宽裕父母都是农民家中还有三个兄弟姐妹他每月生活费仅有元钱几乎月月撑不到最后生活费不够口粮也不够每个月底都是宁忠培最难熬的日子找同学借粮票借钱我至今都很感谢那些同学们在我最困顿的时候他们帮助了我后来辅导员老师了解到宁忠培的家境推荐他到学校食堂勤工俭学工作内容是帮厨报酬是每个月交块钱可以在食堂随便吃我就是从那时候开始长身体的从斤长到了斤身高还长了厘米宁忠培笑着说大学时候我的生活条件不太好但总有老师同学帮助所以回想起来日子并不艰难充满了温暖乐观坚持努力担当是宁忠培身上最明显的大工烙印带着这些烙印他完成了事业中一场场转型一次次蜕变从基层到高管从技术员到总经理如今宁忠培迎来了他人生中更重要的一次转型带领泸天化集团完成一家大型国企的转型这是一项挑战宁忠培说我喜欢做有挑战性的事责任编辑张平媛复制网址打印每日推荐国际学生体验大连理工大学知华企业行大工人物校友篇宁忠培大型国企转型中的领大工人物校友篇宁忠培大型国企转型中的领学校党委就两学一做学习教育工作作出安排人民网具有模拟生理功能的类器官微流控芯片在中国高校之窗大连理工大学研发具有模拟生理功学校召开党委学习中心组扩大学习会议两学一做化环生学部四个注重力求学习教育大工学子在大连市高校船海文化节斩获佳绩弘扬体育精神展示大工风采推荐视频钱令希诞辰百年纪录片发布预告年月日大工新闻学校隆重举行庆祝中国共产党成立周年大会为梦连理大连理工大学招生宣传片焦点图片毕业季校园里那抹亮色美女毕业生遇见特色学位服毕业季大学四年最遗憾的那些事毕业季最大工难忘凌工路号那件事大工建筑篇一你不得不知道的那些楼排行榜点击面孔学术之星我校承担的中国工程院咨询研究重点项目启动会我校赴无锡参加纪念钱令希诞辰周年活动大连理工大学在全国专业学位研究生教育中获表校友总会第六届理事会第二次会议召开大连理工大学哲学社会科学研究成果获教育部采大连理工大学研发具有模拟生理功能的类器官微两学一做全校名学生预备党员参加培训学校党委就两学一做学习教育工作作出安排两学一做学校二级党组织陆续开展两学一第一页内容缓存全文内容缓存根据设置字体大小并初始化按钮请选择投票选项最多允许选项单页阅读分页阅读单页阅读分页阅读控制内容区域的的图片大小并为过大的图片添加查看原图复制网址复制链接成功被浏览器拒绝请在浏览器地址栏输入并回车然后将设置为复制链接成功改变字号小本文地址电话版权所有大连理工大学新闻中心
-1
