http://news.dlut.edu.cn/article/2015/1028/63784.shtml
9
195
165
165
240
240
352
352
267
267
从技术宅到创业者新闻聚焦大工新闻网首页新闻图片视频报纸广播首页新闻新闻聚焦正文从技术宅到创业者记大连理工大学腕带式手势识别系统项目团队作者张平媛来源宣传部新闻中心时间点击比握拳翘大拇指变化的手势迅速在电脑屏幕上准确识别皆源于演示者手腕上佩戴的绿色手环展台前不少参观者兴致勃勃试戴手环亲身体验这是首届中国互联网大学生创新创业大赛上大连理工大学的参赛项目腕带式手势识别系统的原理展示现场通过传感器识别手腕轮廓来进行手势识别打造更了解你的智能腕带该项目荣获大赛银奖从作品到产品埋头实干腕带式手势识别系统项目的主体是大连理工大学学生自主创业成立的大连华成天威科技有限公司该产品是一款利用红外装置识别手指运动的智能硬件在手势控制领域有着诸多应用在医疗卫生领域尤其是在抗震救灾等环境恶劣的医疗环境中腕带式手指动作识别系统比基于技术的医疗器械更便于携带同时解决了光线不足时图像识别困难和有其他物品遮挡摄像头视线时无法识别的问题该项目也可应用于医疗行业对患者术后苏醒及康复情况的监控保证患者的手部运动情况可以被第一时间监测以便得到最及时的帮助对于语言有障碍的人群可制作相应软件通过手指以及手势进而识别他们的手语更好地进行沟通交流早在年月项目负责人牟中强组织成立了大连华成天威科技有限公司这是一位身在校园却已经开始创业的技术宅榜样大工学术科研榜样大工创业先锋多次取得科技竞赛创业大赛的国家级奖项累计获得创业基金万元人民币这些标签都属于大连理工大学创新创业学院级硕士研究生牟中强每个创业项目对我来说都像是自己的孩子一般我看着它从细胞开始逐渐成熟陪伴它成长的这个过程是十分美妙的牟中强始终保有对创业的热情以往我们参加的创新创业竞赛最终的作品都是一本创业计划书或者一份市场调研报告而这次则完完全全是在真刀真枪地设计产品运作企业牟中强曾经参与过攀登杯挑战杯等创新创业竞赛他特别强调了大学生创新创业大赛与其他活动的不同以前我们的科技创新成果通常是实验室作品但这个项目的运作对我们提出了更高的要求我们需要思考如何将作品变成产品在这个过程中我们更多地考虑了用户体验与市场需求项目指导老师大连理工大学创新创业学院副院长吴振宇更生动地评价了这个项目的意义称其更实干更接地气了从创新到创业摸索前行创业两个字说易做难牟中强团队在这方面的经验也少之又少恰逢学校举办攀登杯创业计划竞赛他们便通过竞赛来培养自己的商业头脑财务知识分析商业模型牟中强和团队成员从零开始不断学习在与投资者和老师的交流中不断改进自己的项目努力终有回报他和他的团队成员在当年的竞赛中脱颖而出取得了学校一等奖的好成绩良好的开端给了他们极大的信心与鼓舞他们开始通过各种创业竞赛来锻炼自己同时也在无形中提升了自己的创业能力由科研到比赛由比赛到创业牟中强负责完成的国家级创新实践项目六足仿生搜救机器人收获了良好的反响一个个高科技产品也在他们手上诞生了激光窃听器脑电波测试系统手势识别检测腕带远程家居安全机器人等无不显示出年轻的团队对于科技的追求在研发这些高科技项目期间他们深深意识到不能仅仅将这些科研成果止步于样品或者论文而更应该将科研成果产品化商业化惠及更多的消费者从而提高人们的生活质量于是他们便有了用技术改变世界的梦想从一个仅仅在实验室做科研的学生开始谋求改变踏上了通过创业实现梦想的征程从实验室的科研项目到真金白银的创业牟中强一脚校园一脚社会对创业和日后的人生道路都有了更多的切实思考他坦言创业的产品并非每一个都能成功我们还在探索和尝试的过程中即使公司最终倒下那我也会是最后一个离开从学院到学校助力成长项目执行负责人吴冀平年进入大连理工大学电气工程自动化专业学习年保送至大连理工大学创新实验学院攻读硕士研究生算法设计工程师蔡天驰年进入大连理工大学计算机科学与技术专业学习本科期间担任电气创新实践基地副班长职务结构设计工程师郭迪本科专业机械设计制造及其自动化年进入大连理工大学创新实验学院机械土建类实验班学习这个平均年龄只有岁的创业群体是什么让他们凝结到一块儿除了本身的兴趣还得益于大连理工大学和创新创业学院原创新实验学院这个天然的平台面对这个大家庭吴冀平充满感情他说我们能收获一些成绩和学院给予的软硬件支持密不可分当被问及该项目有何特别之处时指导教师吴振宇思索了一下近些年大学生创业并不鲜见比如我们经常见到的定制明信片商品销售之类的活动但是对于理工科大学生而言能够发挥自己在科技创新方面的专长真正将所学知识和技能应用在创业活动中这样的成功案例还不是很多我们的创业项目正是想做这样一个有益的探索正如大连理工大学创新创业学院副院长项目指导教师吴振宇所说学生的创新能力和潜质存在于各个层面有时候会由于一些条件限制未能有效发挥和拓展学校开展的大学生创新创业训练计划项目给学生增强实践能力激发创新意识提供了机会全校老师特别是教授们的倾力参与为学生的创新作品实现保驾护航创新创业学院作为我校实施创新实践人才培养的试点单位也一定会向全校学生提供更多资源和更好的实践环境让学生的创新梦想有实施条件同时也希望有更多的同学们加入我们的行列在科研实践中切实提高自身的创新能力责任编辑张平媛复制网址打印每日推荐从技术宅到创业者大工年校园安全规范教育活动月启幕校党委学习中心组聚焦政治新常态下干部素养修炼名优秀学子获评大工自立自强标兵大工学子获辽宁省本科生机械创新设计大赛一等奖以身作则率先垂范立言立行创新创业学院召开表彰大会暨创新实践班开学典礼化环生放飞心灵剧梦大工心理剧决赛落幕电信建艺携手开展攀登杯科技竞赛宣讲平安志愿者现场宣传校园安全推荐视频钱令希诞辰百年纪录片发布预告年月日大工新闻学校隆重举行庆祝中国共产党成立周年大会为梦连理大连理工大学招生宣传片焦点图片毕业季校园里那抹亮色美女毕业生遇见特色学位服毕业季大学四年最遗憾的那些事毕业季最大工难忘凌工路号那件事大工建筑篇一你不得不知道的那些楼排行榜点击学校为位老寿星集体祝寿在现场精彩瞬间青春舞风大工四人获选年度香江学者计划环境生命学院大楼项目主体结构封顶大连理工大学北京研究院获批博士后科研工作站大工实现国际首个细胞膜表面张力变化可视化大工三个专业接受全国工程教育专业认证现场考大工附高附校东方圣克拉校区食堂开业年新疆大连理工大学校企合作委员会年会魏小鹏书记会见中联部原副部长于洪君第一页内容缓存全文内容缓存根据设置字体大小并初始化按钮请选择投票选项最多允许选项单页阅读分页阅读单页阅读分页阅读控制内容区域的的图片大小并为过大的图片添加查看原图复制网址复制链接成功被浏览器拒绝请在浏览器地址栏输入并回车然后将设置为复制链接成功改变字号小本文地址电话版权所有大连理工大学新闻中心
-1
