http://news.dlut.edu.cn/article/2016/0512/66427.shtml
11
85
224
165
165
240
240
352
352
267
267
39
管理讲堂严峻形势考验下传统企业的坚守与突破通知大工新闻网首页新闻图片视频报纸广播首页新闻信息预告通知正文管理讲堂严峻形势考验下传统企业的坚守与突破作者教育中心来源管理与经济学部时间点击大工创新创业六角楼论坛活动预告严峻形势考验下传统企业的坚守与突破讲座时间年月日日讲座地点大连理工大学管经学部六角楼特邀嘉宾王立新达伦特集团董事长年从外贸专业公司下海创业是达伦特集团白手起家的创始人到目前为止达伦特集团已经发展成为一个跨国集团企业在欧盟东盟中国三大经济体中拥有自己的工厂产品范围包括蜡烛香薰木艺玻璃等多品种家居产品是该行业具有全球领导地位的企业之一主讲内容进入二十一世纪以来国际社会的变化日新月异但人类社会的几个基本矛盾是不变的那就是经济全球化与经济体利益多元化之间的矛盾区域经济一体化与国别利益多元化之间的矛盾人类高速增长的物质需求与自然资源的供给能力及环境承载能力之间的矛盾虚拟经济与实体经济之间的矛盾人工智能科技高速发展与人类传统道德伦理之间的矛盾放眼整个二十一世纪这些基本矛盾将伴随我们始终人类所面对的机遇与挑战也孕育其中在这样的情形下传统企业如何既能守得住又能放得开活动安排半天主题讲座报名方式互动吧报名姓名学号微信平台直接回复回复内容为姓名学号电话报名台老师大连理工大学管理与经济学部教育中心年月日创新创业六角楼论坛六角楼的台阶已隐隐有历史的味道但其承载并见证的却一直是每个时代开拓者的脚步早在年中国现代管理教育就从这里启航三十余年间十余万名政府企事业单位的管理者在这里学习聆听启迪智慧变革思维今天大连理工大学凭借创新创业学术优势校友网络平台优势在双创引领的中国产业升级民族创新开拓的大背景下率先推出双创专属论坛大工创新创业六角楼论坛应势而动乘势而上推动大众创业万众创新向纵深发展展现商学院勇于承担历史责任的使命感大工管理讲堂大工管理讲堂是由大连理工大学管理与经济学部创办的系列公益讲座这里有权威专家解读经济热点行业精英共叙发展之路名师大家阐述管经新篇现在大工管理公益讲堂已发展成为一个多层面系列讲座包括院士讲坛校内外知名教授的名家讲坛国内外知名企管者的企业家讲坛海天学者讲坛新年论坛创新创业六角楼论坛和智慧百科等在各界重量级主讲嘉宾的鼎力支持下讲堂形成了理念超前内容精彩服务公众的鲜明特色成为一个广受欢迎的主流论坛大学之道终将反哺于民责任编辑张平媛复制网址打印每日推荐管理讲堂严峻形势考验下传统企业的坚守与突破大连理工大学附属学校小学新生入学通知答疑解惑助学子攻克语言难关化环生一一接力大工海事学子携手前行艺术教育中心举行第五届公共艺术课程书法鉴赏教学我校承担的中国工程院咨询研究重点项目启动会在京校友总会第六届理事会第二次会议召开全校名学生预备党员参加培训做合格共产党员大连理工大学在全国专业学位研究生教育中获表彰杨赤京剧展演古韵今风传承国粹推荐视频钱令希诞辰百年纪录片发布预告年月日大工新闻学校隆重举行庆祝中国共产党成立周年大会为梦连理大连理工大学招生宣传片焦点图片毕业季校园里那抹亮色美女毕业生遇见特色学位服毕业季大学四年最遗憾的那些事毕业季最大工难忘凌工路号那件事大工建筑篇一你不得不知道的那些楼排行榜点击面孔校友年度人物榜样大工面孔学术之星中共中央决定王寒松同志任大连理工大学党委书组图第二届感动大工年度人物心声教育部副部长朱之文一行参观我校精细化工国家校长郭东明院士接受中国科学报专访谈双学校举行榜样大工校友年度人物颁郭东明校长会见大工校友英国皇家工程院院士第三届大连青年五四奖章颁奖典礼在我校举郑斯宁做学生的知心朋友第一页内容缓存全文内容缓存根据设置字体大小并初始化按钮请选择投票选项最多允许选项单页阅读分页阅读单页阅读分页阅读控制内容区域的的图片大小并为过大的图片添加查看原图复制网址复制链接成功被浏览器拒绝请在浏览器地址栏输入并回车然后将设置为复制链接成功改变字号小本文地址电话版权所有大连理工大学新闻中心
-1
