http://news.dlut.edu.cn/article/meiti/2016/0711/67847.shtml
24
242
38
381
100
48
370
165
165
240
240
352
352
267
267
70
185
44
61
32
266
60
175
79
135
央广网大连理工大学后国防毕业生主动申请到西藏工作大工新闻网首页新闻图片视频报纸广播首页新闻媒体大工正文央广网大连理工大学后国防毕业生主动申请到西藏工作来源央广网时间大连理工大学后国防毕业生主动申请到西藏工作来源央广网大连理工大学后国防毕业生梁宇主动申请到西藏工作央广网大连月日消息记者贾铁生通讯员龙海波我志愿到西藏新疆等艰苦边远地区工作请组织批准毕业前一封来自国防毕业生的就业申请书送到大连理工大学国防教育学院办公室写这封申请书的国防毕业生叫梁宇这个年生的岁小伙将军人保家卫国的责任扛在了肩上出身在辽宁朝阳一个小山村梁宇的家庭非常困难当时国防生每年一万元的补助成为他报考国防生的理由也想四年之后有一份好工作帮助家庭分担责任年梁宇以分的成绩考入大连理工大学电子信息与电气工程学部早上点分早操白天上专业课点到点做晚操这是大连理工大学国防生每天的作息时间严格的管理和枯燥的训练让这个年轻的小伙子刚开始实在不适应但从小就在家里帮忙干农活的他就有一股永不服输的韧劲入学第一年就获得了国家励志奖学金年月一场讲座改变了梁宇上学初的目标国防科技大学周世光教授走进大连理工大学做中国军事态势和科技强军主题讲座以钱学森邓稼先于敏为代表的科学家扎根在边疆不怕狂风飞沙不惧严寒酷暑以惊人的毅力和无私奉献的精神创造出两弹一星的惊人伟绩深深感染了梁宇作为一名科学家都能做到甘于寂寞为国家国防事业默默奉献作为一名军人更应该如此从那时起梁宇便将扎根边疆为祖国戍边卫国当做自己的人生追求年毕业分配的时候在国防班按综合成绩排名第的梁宇本可以自由选择工作岗位但他毅然向组织提出申请到边疆去戍边卫国月日当得知自己的申请得到了批准之时梁宇激动之情难以言表我现在更想到南方去去抗洪一线梁宇说看到南方遭受洪灾他更想和人民子弟兵奋战在一起老百姓都能冲在前面作为一名军人更应该冲在第一线听党指挥政治坚定素质过硬忠诚担当这是梁宇理想中的军人模样这也是他努力的方向未来他对自己立下目标扎根边疆不断学习提升素质将专业所长应用于工作实际要成为党和人民放心的忠诚卫士编辑贾铁生本文链接责任编辑马坤复制网址打印分享到每日推荐央广网大连理工大学后国防毕业生主动申请到大连理工大学附属学校举行届学生毕业典礼大连理工大学援梦专列再次启程人民网大连理工大学教师获日本水环境学会年度人民网大连理工大学获电力建设科技进步一等奖郭东明校长应邀出席中俄大学校长峰会并作主题演讲光明日报青年学子成长的知心人建党周年先进基层党组织掠影二天健网大工援梦专列帮困难新生解决入学半岛晨报大连理工大学援梦专列再次启程推荐视频钱令希诞辰百年纪录片发布预告年月日大工新闻学校隆重举行庆祝中国共产党成立周年大会为梦连理大连理工大学招生宣传片焦点图片毕业季校园里那抹亮色美女毕业生遇见特色学位服毕业季大学四年最遗憾的那些事毕业季最大工难忘凌工路号那件事大工建筑篇一你不得不知道的那些楼排行榜点击钱令希院士诞辰百年系列纪念活动将掀高潮校友许宪平调任通用技术集团董事长大连理工大学校友会新增国际化成员基建进行时学校基本建设正在加紧推进中严守党的政治纪律和政治规矩做政治上的明白王凤海校友出任大商所党委副书记总经理中组部人才工作局领导来校看望千人计划大连理工大学举办第二届中外博士研究生学术论我校学子杨帆当选夏季达沃斯论坛代表加强马克思主义学院建设培养信仰坚定的优秀第一页内容缓存全文内容缓存根据设置字体大小并初始化按钮请选择投票选项最多允许选项单页阅读分页阅读单页阅读分页阅读控制内容区域的的图片大小并为过大的图片添加查看原图复制网址复制链接成功被浏览器拒绝请在浏览器地址栏输入并回车然后将设置为复制链接成功改变字号小本文地址电话版权所有大连理工大学新闻中心
-1
