http://news.dlut.edu.cn/article/meiti/4.shtml
64
33
234
177
341
195
145
242
268
143
56
127
101
67
134
160
145
242
268
143
56
127
101
67
134
160
138
81
71
19
242
256
242
126
256
301
337
114
301
84
96
47
274
162
220
73
329
139
315
165
165
240
240
352
352
267
267
329
162
73
96
84
220
274
47
媒体大工大工新闻网每日推荐字体大小设置清除背景颜色效果边框清除栏目内容文字居左设置调整宽度是注意对应左边栏文字居左设置导航目录颜色调整设置宣传部站群海燕网星海夜话手机版新闻线索预约采访会员投稿留言板学校要闻综合新闻菁菁校园新闻聚焦校园视点信息预告媒体大工领导论坛大工人物校友之声学术动态大工往事部院风采合作交流专题新闻校园视点信息预告媒体大工领导论坛大工人物校友之声学术动态大工往事部院风采合作交流专题新闻精彩瞬间光影四季人文艺术校史钩沉第一时间大工新闻在你身边专题报道校园文艺校园拍客今日大工大工讲坛关于团队校史故事品学校园文艺校园拍客今日大工大工讲坛关于团队校史故事品学十七点播报广播台新闻节目综艺节目外文节目专题节目广播剧下载首页新闻媒体大工辽宁日报我省两个科技创新重大专项填补国内空白年月日腾讯大辽网辽宁各大学实力排行榜出炉大连理工问鼎年月日辽宁日报位院士助阵少年工程师计划年月日中国科学报国防生标兵时兴隆的强军梦年月日中国日报网大工位院士指导青少年科学营活动年月日中国科学报院士指导少年工程师开启计划年月日大连日报年青少年高校科学营理工大学分营开营年月日新商报位院士指导名少年工程师年月日央广网导师带我学理论让师生爱党情怀流淌在心里年月日东北新闻网年青少年高校科学营大连理工大学分营开营年月日央广网大连理工大学位院士指导名少年工程师开启计划年月日人民网年青少年高校科学营大连理工大学分营开营年月日辽宁日报大工后毕业生梁宇主动申请进藏工作年月日光明网年青少年高校科学营在大连开营年月日科学网位院士指导名少年工程师开启计划年月日人民网大连理工大学后国防毕业生主动申请到西藏工作年月日天健网大连理工后国防毕业生主动申请去西藏工作年月日大连晚报大工后优秀国防毕业生毕业选择多多却主动申请到西藏吃苦年月日大连晚报大工教师获日本水环境学会年度技术奖年月日中国科学报大连理工青岛新能源材料技术研究院入驻蓝色硅谷年月日上一页下一页每日推荐实践在路上齐风鲁韵共连理望煦寻华报国行第七届国际离散元法会议在大工召开光明日报大连理工援梦专列启程东北新闻网第十一届工业爆炸与安全防护国际学我校马克思主义学院思政课教学改革工作受媒体广泛中国教育报将信仰写在思政课堂上记大连理工深入学习领会中央省委市委精神要求确保学习教育学校召开党委全委会校长郭东明到基层党支部讲党课中国科学报好故事救活思政课推荐视频钱令希诞辰百年纪录片发布预告年月日大工新闻学校隆重举行庆祝中国共产党成立周年大会为梦连理大连理工大学招生宣传片焦点图片毕业季校园里那抹亮色美女毕业生遇见特色学位服毕业季大学四年最遗憾的那些事毕业季最大工难忘凌工路号那件事大工建筑篇一你不得不知道的那些楼排行榜点击学校召开党委全委会我校马克思主义学院思政课教学改革工作受媒体深入学习领会中央省委市委精神要求确保学习第七届国际离散元法会议在大工召开实践在路上齐风鲁韵共连理望煦寻华报国中国教育报将信仰写在思政课堂上记大连东北新闻网第十一届工业爆炸与安全防护国光明日报大连理工援梦专列启程电话版权所有大连理工大学新闻中心
-1
