http://news.dlut.edu.cn/article/2016/0418/65964.shtml
9
195
165
165
240
240
352
352
267
267
攀登之路助力一流创新人才脱颖而出新闻聚焦大工新闻网首页新闻图片视频报纸广播首页新闻新闻聚焦正文攀登之路助力一流创新人才脱颖而出作者王旭崔强来源校团委时间点击一副眼镜就可以实现实时视频检测军用投掷物弹道轨迹听起来有些难以置信但在不久的将来这将出现在军队训练和我们的日常生活中月日大连理工大学第十二届攀登杯科技竞赛决赛在伯川图书馆北厅落幕决赛现场基于实时视频检测的军用投掷物弹道轨迹预测系统吸引了不少师生驻足这款多维度综合联动的装置能够实现投掷物弹道轨迹的预测在大连理工大学攀登杯科技竞赛中像这样化奇思妙想为现实的项目并不少见作为大工校园水平最高规模最大的学生课外学术科技竞赛类活动攀登杯致力于培养大学生的创新创业意识给每一个热爱创新的青年学子搭建平台经过二十一年的精心培育攀登杯已经成为学校培养富有创新精神和实践能力的各类创新型应用型复合型优秀人才的一块肥沃土壤让参与创新成为一种风尚初入大学大一新生孙莹晗听到身边的学长学姐们为准备攀登杯作品讨论不休对比赛充满好奇的她也想参赛但迟迟没有找到合适的项目在积极参加攀登杯宣讲会聆听往届参赛选手经验分享的过程中她与攀登杯的距离慢慢拉进在一次和寝室同学讨论的过程中她终于有了灵感她的攀登之旅由此开始早上七点钟就坐上了大巴颠簸了四小时只为了能够在伯川的攀登杯决赛上展示自己的风采这就是盘锦校区的学生们每年决赛的心声虽然距离本部山遥路远但每年盘锦校区参赛的学生从不落后总是早早来到比赛现场这一次他们为梦想而战我从大一就参加了攀登杯不知不觉间已然走过了四年有着科技达人称号的项顶顶同学在谈到攀登杯时感慨万千是攀登杯让我对科技创新产生了兴趣指引着我大学四年的求学创新之路现在就要毕业了真的感觉有些不舍今年的攀登杯项顶顶和几位科技老友在完成项目的过程中多了个新的任务就是能够将自己在大学这几年积累的经验毫无保留的给予热爱科技创新的学弟学妹们希望他们能在创新的路上继续走下去每一年的参赛面孔都在发生变化而攀登杯始终都在等待着一代代大工学子勇攀科技高峰早在年我校就曾举办大学生课外科技成果展览会当时的科创先锋们在艰苦的环境下比拼项目碰撞思想校团委于年开始举办第一届校攀登杯科技竞赛每两年举办一届自年起为进一步加强创新创业教育给更多学生搭建参与创新的锻炼平台竞赛改为每年举办一届竞赛在培养学生创新意识的同时也为挑战杯全国大学生课外学术科技作品竞赛输送了众多优秀作品在挑战杯中我校三次获得全国特等奖五次捧得优胜杯是东北地区捧杯次数最多且唯一蝉联优胜杯的高校如今攀登杯已经走过了二十一个年头由最初的几十只参赛团队发展到报名数破千由两年一届变为每年一届影响力不断扩大学生参与度逐年提升攀登杯为每一个拥有创新梦想的大工学子提供了交融智慧的舞台开启了通向科研创新的大门成为了一代代大工学子心之向往的校园风尚在创新实践中收获成长在建设工程学部的实验楼里一位钉子户正检查着自己团队所设计的软件程序由于决定将软件升级他的团队对程序做了大范围修改怀着忐忑的心情他又看到了那个熟悉的字眼没错又失败了他叫赵庆安是建设工程学部大三的学生大一的时候他通过学长初识了攀登杯那时的他没有专业知识和编程能力只是以一个学习者的身份参与了这场科技盛会通过比赛的熏陶他对几款应用软件产生了浓厚的兴趣经过了一年多的准备大三的他终于决定自己组队前来参赛假期即将结束之时再一次修改了的程序竟然成功运行起来不敢相信其实这次修改是所有修改里最小的可能这就是奇迹吧赵庆安兑现了他对攀登杯的承诺而最终获得大赛一等奖也正是攀登杯对他们敢于创新不怕失败的最好回馈提到攀登杯上的工科男的人认为他们的作品是实物类作品但来自能源与动力学院的耿晨却是个另类无意间看到的一篇新闻让他对打车软件产生了兴趣而且感兴趣的是经济学的供需方面为此他开始学习数模的相关知识在学长的指导下学习了数据统计以及分析的相关软件院系比赛的时候我的作品就是个异类因为我们专业是工科没有人做这方面的东西耿晨笑着说道顶着质疑耿晨和他的团队却在决赛上夺得一等奖在他眼里这种另类也是种创新在大工每年有近人次报名参加攀登杯他们的创新之路上并不是一帆风顺的但他们利用所学知识主动实践相互交流参与创新面对问题他们懂得了如何思考发明创造让他们提升了动手能力共同解决问题让他们学会了团队合作在攀登的路上大工学子不断收获成长将创新精神进行到底度电能做什么开两个小时的冷气看一下午电视抑或是做一顿饭菜大工蓝色之翼科创队伍自主研发的环保节能车可以用度电行驶公里它是第十一届攀登杯科技竞赛一等奖作品今年第十二届攀登杯科技竞赛他们又来了这次蓝色之翼队伍在原有的基础上不断优化结构进行模态分析车体质量实现到最轻将度电行驶公里跃迁到公里我们想不断挑战自己探究一度电到底能跑多远队长项顶顶说这份对科技创新的热忱永不放弃的精神是攀登杯能够扎根于每一位科创老江湖的灵魂源泉他叫李裕礞第九届第十届攀登杯一等奖获得者很难想象他从一个对科技创新几乎一窍不通的大一新生最终成长为同学们眼中的科创大神大一他无意中看到攀登杯的宣传海报开始还有些许担忧抱着试试看的想法他报了名没想到跨出这一步便开启了他非同一般的科技创新之旅从自学网站制作软件去图书馆上网查阅相关资料请教专业指导教师再到组建兴趣小组在一步步的作品准备中他发觉了自身潜能在决赛中他成为了赢家正如李裕礞所说攀登杯让他认识了自我收获了自信最重要的是培养了科研创新精神自此他的创新之路变得一发而不可收榜样大工学术科研奖获得者第十三届挑战杯全国大学生课外学术科技作品竞赛特等奖大学生物联网创新创业大赛全国特等奖代表我国赴西班牙巴塞罗那参加全球微纳米信息技术总决赛如今的他已经保送本校研究生带着满满的信心他将在科研路上不断前行担任多年攀登杯指导教师的冯林老师表示竞赛的过程可以让学生养成一种严谨的科研习惯尤其对于将来想要继续深造的本科生显得更为重要二十一年的发展过程中从攀登杯中走出越来越多像李裕礞这样的科创精英他们用不断探索追求卓越的创新精神面对着人生道路上一个又一个的挑战这种创新的基因已经根植于他们的灵魂流淌于他们的血液他们将会把创新精神进行到底用攀登书写伟大用奋斗诠释一流二十一载的洗礼与积淀攀登杯科技竞赛引领了大工学子追求创新的风尚助力拥有科技梦想的莘莘学子茁壮成长影响着一代代大工学子将创新精神根植于心如今攀登杯科技竞赛乘着大众创业万众创新的东风正焕发着前所未有的生机与活力它将继续引领大工学子投身创新创业的时代浪潮让那些富有创新精神和实践能力的大工学子脱颖而出为助力学校培养一流创新人才贡献更大的光和热责任编辑龙海波复制网址打印每日推荐攀登之路助力一流创新人才脱颖而出文苑第期漫话诗词文化与吟唱表达大连晚报大工王梅教授荣获慕尼黑工业大学大东北新闻网大连理工大学年筑梦计划政央广网大连理工大学推出五大版块庆祝建校日建校周年大学生艺术团创意快闪献礼建校日建校周年组图大工连理恋你化环生准毕业生积极参与模拟面试活动光明网大连理工师生拼玉兰花墙献礼校庆周年校庆周年朵手工玉兰献礼大工推荐视频钱令希诞辰百年纪录片发布预告年月日大工新闻学校隆重举行庆祝中国共产党成立周年大会为梦连理大连理工大学招生宣传片焦点图片毕业季校园里那抹亮色美女毕业生遇见特色学位服毕业季大学四年最遗憾的那些事毕业季最大工难忘凌工路号那件事大工建筑篇一你不得不知道的那些楼排行榜点击肆意舞大工大连的倾城之恋历史对比照穿越时空的爱恋大工连理恋你春天我和玉兰有个约会建校周年周年校庆纪念版大工名片限量建校周年万名校友更换连理头像为大郭东明校长与师生共庆建校周年校党委全委扩大会审议通过年学校工作建校周年五大版块庆祝建校日建校周年不变的爱恋致母校第一页内容缓存全文内容缓存根据设置字体大小并初始化按钮请选择投票选项最多允许选项单页阅读分页阅读单页阅读分页阅读控制内容区域的的图片大小并为过大的图片添加查看原图复制网址复制链接成功被浏览器拒绝请在浏览器地址栏输入并回车然后将设置为复制链接成功改变字号小本文地址电话版权所有大连理工大学新闻中心
-1
