http://news.dlut.edu.cn/article/meiti/2016/0729/68544.shtml
29
242
125
359
31
188
12
159
30
184
130
15
165
165
240
240
352
352
267
267
130
184
188
15
12
125
359
31
159
153
凤凰网长路漫漫经磨砺征途遥遥展精神大工新闻网首页新闻图片视频报纸广播首页新闻媒体大工正文凤凰网长路漫漫经磨砺征途遥遥展精神来源凤凰网时间月日下午至日下午大连理工大学软件学院赴沈阳市红色足迹暑假社会实践团进行了寻访红色印记主题暑假实践活动我们去多个红色地点进行了学习参观月日下午沈阳略有阴霾我们名社会实践成员们在沈阳站附近集合分为三小队乘坐地铁到达中国医科大学沈北校区我们在解说教师的带领下参观了校史馆了解了这个极具红色色彩的大学的为长征做出来的贡献和牺牲在这种长征精神的支撑下沈阳的历史走在革命的前沿提到沈阳的历史一定会想到的就是张学良将军了虽然天公不作美下起了大雨但为致敬长征精神我们坚持去东北大学主校区进行了参观这个曾由张学良任校长的学校建筑复古充满人文特色更是处处彰显着坚韧不拔的长征精神第二天早晨我们开始了第二天的实践趟过柳条湖大桥下的积水我们到达九一八历史博物馆我们在讲解员的带领下对九一八纪念馆进行了参观我们为残历碑以及馆内展品所震惊更为烈士们英勇无畏的精神所震撼之后左右我们前往一位老画家的画室观摩了红军图的绘画过程红军将领的笑容中带着对长征胜利的坚定的信念在作画的同时他也为我们讲了长征时发生的故事最后一站是爱国将领张学良的府邸张氏帅府我们为居室的简朴所震惊我们又在张氏帅府附近向不同年龄段不同工作性质的人发放纸质以及网上两种调查问卷经过后期的整理我们对市民对长征的了解程度有初步的了解我们又进行了推广的特色活动指尖之间传递长征精神这次寻访红色印记之旅我们与沈阳暴雨同行更真切的感受到了长征精神的存在再回首话九十载共产党从头迈踏两万里英雄路此次实践活动重温长征史英雄是新一代青年学生的榜样与楷模引领新一代年轻人撑起祖国的未来在我们追随红色印记的同时也把红色的精神留在了心中这种精神会被我们铭记和发扬本文链接责任编辑马坤复制网址打印分享到每日推荐罗均炎同志逝世学校组织召开科技成果研讨会实践在路上走进企业长才干扬帆起航京津冀我校在构建高性能锂离子电池负极材料研究取得新进大工代表队勇夺全国电子商务三创赛总决赛特等新兴电子商务的信息与物流管理教育部创新团队人民网大连理工大学名学生到云南龙陵辅导学中办国办印发关于进一步完善中央财政科研项目给科研人员松绑加油实践在路上赴渝见证传统制造业老树发新枝推荐视频钱令希诞辰百年纪录片发布预告年月日大工新闻学校隆重举行庆祝中国共产党成立周年大会为梦连理大连理工大学招生宣传片焦点图片毕业季校园里那抹亮色美女毕业生遇见特色学位服毕业季大学四年最遗憾的那些事毕业季最大工难忘凌工路号那件事大工建筑篇一你不得不知道的那些楼排行榜点击给科研人员松绑加油中办国办印发关于进一步完善中央财政科研我校在构建高性能锂离子电池负极材料研究取得实践在路上赴渝见证传统制造业老树发新大工代表队勇夺全国电子商务三创赛总决赛罗均炎同志逝世学校组织召开科技成果研讨会实践在路上走进企业长才干扬帆起航京津新兴电子商务的信息与物流管理教育部创新央广网大连理工大学结合实际细化暑期工作第一页内容缓存全文内容缓存根据设置字体大小并初始化按钮请选择投票选项最多允许选项单页阅读分页阅读单页阅读分页阅读控制内容区域的的图片大小并为过大的图片添加查看原图复制网址复制链接成功被浏览器拒绝请在浏览器地址栏输入并回车然后将设置为复制链接成功改变字号小本文地址电话版权所有大连理工大学新闻中心
-1
