http://news.dlut.edu.cn/article/meiti/2016/0812/68591.shtml
28
242
162
220
73
329
139
315
63
308
361
165
165
240
240
352
352
267
267
277
167
109
208
139
308
376
97
191
329
央广网第十一届工业爆炸与安全防护国际学术会议在大连召开大工新闻网首页新闻图片视频报纸广播首页新闻媒体大工正文央广网第十一届工业爆炸与安全防护国际学术会议在大连召开来源央广网时间央广网大连月日消息现今工业爆炸事故频繁发生严重威胁人们生产生活安全如何预防工业爆炸事故发生降低工业爆炸危害已然成为国际工业安全领域热点问题近日由大连理工大学主办的第十一届工业爆炸与安全防护国际学术会议在大连召开会议议题聚焦前沿覆盖广泛成果丰硕来自全球个国家的多位工业爆炸领域专家学者涉猎个主题研究成果喜人主要体现在气体蒸汽液体以及粉尘与空气混合爆炸研究爆炸过程的化学反应动力学和流体力学机理爆炸的泄放和抑制技术实验测试手段和数值模拟方法等地区组委会主席大连理工大学校长助理毕明树教授表示此次会议为大力推动工业爆炸安全防护科学发展以及国内外专家学者加强科研合作奠定基础贾铁生吕东光央广网本文链接责任编辑马坤复制网址打印分享到每日推荐我校马克思主义学院思政课教学改革工作受媒体广泛中国教育报将信仰写在思政课堂上记大连理工深入学习领会中央省委市委精神要求确保学习教育学校召开党委全委会校长郭东明到基层党支部讲党课中国科学报好故事救活思政课天健网大连理工大学讲好故事激活思政课央广网第十一届工业爆炸与安全防护国际学术会第三届全国颗粒材料计算力学会议在大连理工大学召两学一做坚定理想信念传承红色基因推荐视频钱令希诞辰百年纪录片发布预告年月日大工新闻学校隆重举行庆祝中国共产党成立周年大会为梦连理大连理工大学招生宣传片焦点图片毕业季校园里那抹亮色美女毕业生遇见特色学位服毕业季大学四年最遗憾的那些事毕业季最大工难忘凌工路号那件事大工建筑篇一你不得不知道的那些楼排行榜点击全国人工环境相关学科博士生导师研讨会在我校美国密歇根大学副校长胡仕新教授应邀作专题报我校再获辽宁省大学生电子设计竞赛最高奖第十一届工业爆炸与安全防护国际学术会议在大校长郭东明到基层党支部讲党课第三届全国颗粒材料计算力学会议在大连理工大实践在路上访江浙沪企业悟学思礼心得实践在路上深入企业了解发展前沿全面促我校在人类乳腺癌治疗策略的研究中取得新进展学校召开党委全委会第一页内容缓存全文内容缓存根据设置字体大小并初始化按钮请选择投票选项最多允许选项单页阅读分页阅读单页阅读分页阅读控制内容区域的的图片大小并为过大的图片添加查看原图复制网址复制链接成功被浏览器拒绝请在浏览器地址栏输入并回车然后将设置为复制链接成功改变字号小本文地址电话版权所有大连理工大学新闻中心
-1
