http://news.dlut.edu.cn/article/2016/0725/68456.shtml
18
341
169
165
165
240
240
352
352
267
267
29
367
281
260
91
298
141
22
体育教学部赴云南龙陵支教团启程菁菁校园大工新闻网首页新闻图片视频报纸广播首页新闻菁菁校园正文体育教学部赴云南龙陵支教团启程作者苗延妮来源体教部时间点击月日清晨由我校体育教学部师生组成的支教团在大连机场整装启程由此将拉开余天赴云南龙陵支教活动的序幕作为我校定点扶贫地区云南龙陵县文体局希望在培养训练体育人才方面得到我校帮扶经校工会的联系与指导由体育教学部具体落实共派出田径足球篮球排球游泳乒乓球武术等个大项位师生参与此次支教活动既是我校技术扶贫工作的具体落实同时也受党委宣传部青年教师暑期社会实践活动资助更是体育教学部直属党支部两学一做学习教育活动的延展此次支教团的师生均为直属党支部党员他们牺牲了假期时间克服了路途家庭气候等困难以高度的责任感和大局意识投入到此次支教活动中从接到任务的第一天开始支教团成员就根据龙陵方面的需求精心准备训练计划大纲并提前购买了书籍音像制品等以求达到最佳教学效果支教团领队体育教学部副主任孟昭莉教授表示支教团一定服从学校安排听从指挥展现风采为大连理工大学赢得声誉校工会主席冯振业体育教学部主任元文学体育教学部直属党支部书记李芃松前往机场与支教团送别并勉励支教团成员克服困难勇于担当展现出大连理工大学师生高超的教学水平和良好的精神风貌责任编辑张平媛复制网址打印每日推荐体育教学部赴云南龙陵支教团启程中国高等教育学习贯彻习近平总书记讲话精神管经学部召开第二次党员代表大会学校召开一级博士学位授权点合格评估校内评审会学校开展年暑假前综合安全大检查两学一做四个推动学习教育见实效学校召开学科建设专项座谈会机关学习毛丰美培训班赴大梨树村实地学习支创业团队角逐校园三创赛舞台大连理工大学与大连海洋大学签署联合人才培养合作推荐视频钱令希诞辰百年纪录片发布预告年月日大工新闻学校隆重举行庆祝中国共产党成立周年大会为梦连理大连理工大学招生宣传片焦点图片毕业季校园里那抹亮色美女毕业生遇见特色学位服毕业季大学四年最遗憾的那些事毕业季最大工难忘凌工路号那件事大工建筑篇一你不得不知道的那些楼排行榜点击机械工程学院新教学楼开工建设大连理工大学召开第三十五次学生代表大会钱令希院士诞辰百年让钱令希精神鼓舞我们群策群力抢抓机遇为大工吸引一流生源郭东明校长会见长兴岛经济区党工委书记杨广志大连理工大学获中国高校计算机大赛团队一等奖机械工程学院完成新一届党委换届及纪委成立选校党委书记王寒松在第三十五次学代会开幕式上我校多部影视作品在中国高校电视奖评选中斩获贯彻落实全面从严治党要求强化政治纪律和政第一页内容缓存全文内容缓存根据设置字体大小并初始化按钮请选择投票选项最多允许选项单页阅读分页阅读单页阅读分页阅读控制内容区域的的图片大小并为过大的图片添加查看原图复制网址复制链接成功被浏览器拒绝请在浏览器地址栏输入并回车然后将设置为复制链接成功改变字号小本文地址电话版权所有大连理工大学新闻中心
-1
