http://news.dlut.edu.cn/article/2016/0622/67424.shtml
9
234
165
165
240
240
352
352
267
267
做有价值的人创造无愧于时代的人生学校要闻大工新闻网首页新闻图片视频报纸广播首页新闻学校要闻正文做有价值的人创造无愧于时代的人生校长郭东明院士在届毕业典礼上的致辞时间点击亲爱的届毕业生同学们大家上午好今天是属于你们每一位毕业生的重要节日衷心地祝贺你们通过努力奋斗顺利完成学业作为你们的校长我为你们感到骄傲和自豪同时我代表学校向为你们的成长倾注无限心血的师长亲人和朋友致以崇高的敬意也特别感谢家长朋友们感谢你们对大工的信任与支持又是一年毕业日我又一次站在这里心情很激动首先我为你们高兴因为你们在大工学习本领增长才干砥砺品格收获情谊褪去了入学时的青涩与懵懂变得更加坚毅与成熟同时我又感到不舍因为你们即将告别师长和同窗离开熟悉的校园奔赴各地去追求青春的梦想去谱写精彩的篇章我相信你们会永远心系母校友谊的小船会始终扬帆远行我知道你们当中有人选择了继续驰骋学术科研之路有人选择在国家重点行业建功立业有人选择到条件艰苦的地方奉献青春我相信你们都在选择自己认为有意义的人生道路这些天我在思考一个问题也是每个人都要面对和回答的问题我们要成为什么样的人特别是在你们即将走出校园踏入社会的时候这个问题显得尤为重要如果你们问我我的答案是要做一个有价值的人爱因斯坦曾经说过不要试图去做一个成功的人而要努力成为一个有价值的人如果把攫取个人名利和身外钱财作为成功的目标这样的成功绝不是有价值的人生那么什么是有价值呢爱因斯坦的解答是一个人的价值在于他贡献了什么而不在于他能得到什么什么是有价值和怎样成为有价值的人我们还可以从传统文化里找到答案价值两个字里面都有人做偏旁说明人最重要价字有介介字意味着在两者之间引申为交流合作等值字右旁为直其含义是正直真诚等所以如何成为有价值的人那就要记住人是最重要的要合作共赢要正直向上做有价值的人是一个永恒的话题在今天的时代在当下的中国做有价值的人则更为迫切和任重道远当前中国已经进入改革开放的新阶段十三五宏伟蓝图也已全面展开在今后五年或更长的时间里经济发展和物质文明建设依然是中国的主线但是社会进步和精神文明建设将变得越来越重要因此我们必须要努力去做有价值的人必须高度重视自身的全面成长在这个过程中我们要始终胸怀家国不忘初心既要善待自己更要关爱他人既要勇于创造更要甘于奉献这既是我对你们的期许更是母校对你们的嘱托同学们做有价值的人不仅是每个人的追求更是时代赋予你们的责任这里我有几点希望作为临别寄语与同学们分享一是希望你们做生活简约心灵淡泊的人每个人都渴望拥有幸福的生活然而过度追求依靠物质支撑的幸福感难以持久且往往导致内心的空虚与痛苦生活因简约而优雅人生因淡泊而从容只有简约淡泊才是幸福的真正源泉我希望你们不为名利所累不为物欲所扰面对浮躁保持淡泊面对困境平静对待面对诱惑守住底线以平常心待人以平和心做事人生之路自会越走越广二是希望你们做常怀感恩乐观向上的人人生的价值因感恩而升华感恩家人朋友我们会收获家庭的幸福友情的温馨感恩同事单位我们会收获工作上的支持进而取得事业的进步感恩国家社会我们将坚定人生的信念收获前行的动力对美好事物感恩很容易我希望你们即便遇到委屈和磨难依然要心怀感激这是成长必经的历练不要因为烦恼而抱怨不要因为伤害而怨恨我相信精彩的人生一定属于那些对挫折也心存感激乐观向上的人三是希望你们做坚守梦想积极进取的人人生价值最终体现在对时代的贡献上落脚点是事业上的进步事业靠本领成就本领靠学习提升任何成长与进步都需要积极进取厚积薄发希望你们永远保持积极向上的姿态坚持对理想和事业的不懈追求心中有梦不要因为挫折而懈怠不要因为失败而轻言放弃要永远坚持学习把所学融会贯通用于实践要永远保持正确的价值观正直不阿积极传播正能量激励自己带动他人我相信绚丽的人生一定属于坚守梦想积极进取的你们此外我还有两句叮嘱的话一是希望你们重视健康不要因为年轻而疏于锻炼身体二是希望你们要给自己做加法多读书广交友勤做事不断充实自己同学们我们都知道这是一个大众创业万众创新的时代创新创业最需要的是合作精神今天的你们比入学时更充满激情斗志昂扬跃跃欲试我相信你们寒窗苦读千锤百炼每个人都有单打独斗的能力但现在你们必须学会合作学会共赢这样才能有所作为才能创造价值我们也知道这是一个日新月异的时代当你们走出校园进入社会的大课堂将会面临更大的挑战做有价值的人无关乎你在哪个行业无关乎你在哪个岗位但需要你们脚踏实地埋头苦干要相信天生我材必有用有用必有大工人亲爱的同学们入学时你们以学生身份成为大工人今天你们将以校友身份作为新一批大工人走向社会回馈国家世界需要你们祖国需要你们你们该出发了相信你们在社会的大舞台大熔炉中一定能成为无愧于大工无愧于国家无愧于时代的有价值的人祝同学们一路顺风复制网址打印每日推荐做有价值的人创造无愧于时代的人生毕业生深情讲述伴青春怀梦想感谢一陆有你依依惜别毕业季绘就化环生毕业文化三原色铜酞菁和碳电极用于钙钛矿太阳能电池取得新进展学风建设加强考试管理做好本科生期末考试工两学一做学党章讲党规守党纪强责任两学一做严守政治纪律政治规矩率先垂范学习两学一做走进最可爱的人感受雷锋精神的传承央广网大连理工大学陈晓晖因为热爱所以坚守我校研发新方法实现未扰动原状极陡沟坡观测重力侵推荐视频钱令希诞辰百年纪录片发布预告年月日大工新闻学校隆重举行庆祝中国共产党成立周年大会为梦连理大连理工大学招生宣传片焦点图片毕业季校园里那抹亮色美女毕业生遇见特色学位服毕业季大学四年最遗憾的那些事毕业季最大工难忘凌工路号那件事大工建筑篇一你不得不知道的那些楼排行榜点击我们毕业了中国科学院院士赵东元教授受聘我校兼职教授物理与光电工程学院学霸寝让优秀成为一名优秀研究生学子获英特尔奖学金我校四个专业接受全国工程教育专业认证现场考郭东明校长会见国家留学基金委秘书长刘京辉郑州航空工业管理学院校长李勇一行访问我校大连理工大学首届校友返校日圆满举行紧抓机遇直面挑战统筹推进学校双一流做学习遵守党章的模范做严守党规党纪的表率第一页内容缓存全文内容缓存根据设置字体大小并初始化按钮请选择投票选项最多允许选项单页阅读分页阅读单页阅读分页阅读控制内容区域的的图片大小并为过大的图片添加查看原图复制网址复制链接成功被浏览器拒绝请在浏览器地址栏输入并回车然后将设置为复制链接成功改变字号小本文地址电话版权所有大连理工大学新闻中心
-1
