http://news.dlut.edu.cn/article/2010/1202/37863.shtml
10
165
165
240
240
352
352
267
267
363
26
校长针对加强就业研究工作发表重要讲话大工新闻网首页新闻图片视频报纸广播首页新闻领导论坛正文校长针对加强就业研究工作发表重要讲话时间点击各位老师同志们我了解到前几天学校届毕业生大型双选会成功召开在此之前学校已经组织了多场专场招聘会为了让学生更充分更合理地就业全校的就业工作者做了大量的工作我代表学校向各位老师表示感谢这些年高校人才培养的招生和就业模式发生了重要变化无论是招生工作还是就业工作都由计划模式向市场模式转变作为高校我们要招什么样的学生要把学生培养成什么样的人才学生毕业后到什么岗位发挥什么作用等都是我们办学的基本问题作为学生为什么上大学怎样读好大学读完大学将来干什么这些都是学生必须要面对的基本问题这些问题我在博士生开学典礼时也讲过这些问题尤其是毕业后干什么不给学生讲清楚学生自己不认识清楚学生就业就存在盲目性未来成长和发展更存在偶然性从而对学生今后能否发挥应有的作用会产生很大影响而毕业生能否在就业创业这个实现自己人生理想和追求的起点上找到适合自己的岗位也将直接影响在校生的学习热情信心和劲头这也正是就业工作为什么重要的原因如何把这些问题说清楚一是需要认真研究研究社会及其相关行业的现状未来发展趋势人才需求研究成熟的行业不成熟的行业甚至是潜在的行业及其走向和前景二是需要认真规划根据自己的专业背景知识结构兴趣爱好做好自己的职业规划认真选择胸有成竹地选择就业创业这个人生的新起点我敢问在座的各位你们在选择你现在的职业时是有充分准备和认识的吗你们可能现在成功幸福但可能不是你们当时自觉和主动选择的如果你们当时有充分的准备和认识自觉和主动选择另外的行业情况又如何我们常说人生的路很长但重要的转折就那么几个我想上大学上自己心目中的大学毕业走上社会在最适合自己的起点走向社会应该是人生的两个重要的转折所以要加强研究认真规划促偶然的就业为必然的就业让学生清醒地感受到这就是我的人生道路一转变观念高度重视招生就业工作招生就业工作的确很重要我在很多场合强调过招生就业工作是一把手工程是一把手负责的全员工程要求我们全校上下转变观念高度重视招生就业工作首先对于招生工作生源质量是人才培养质量的基础但不少人的意识还没有完全提高上来其实国外知名大学都非常重视生源质量对于优质生源的争夺也很激烈采取面试等各种手段投入大量的成本与人力争夺优秀生源国外知名大学不仅重视生源质量而且很会选择人才我听一些中学校长说到某某大学在中学录取虽然我们推荐了一批学习成绩优秀的学生但经过认真面试他们很快很准确地选走了这些中学校长视野下都在学习成绩优秀上的真正优秀的学生其次大学生就业经历了由计划向市场过度的大转变从前是国家统一分配现在无论是学校职能部门还是学生个人都得面向市场由市场导向实现自我选择这种发展带来了许多新的问题这些问题需要我们高度重视认真研究在这两个方面学校上下还没有完全转变观念我们各个学部院系基层学术组织的一些主要领导以及部分教师仍然认识不足重视程度也还不够很多教师只管上课至于怎样招到好学生意识不够关注不够努力不够对怎样促进学生更好地就业也意识不够责任尽的不够当然就业的好坏与市场有关与学校的层次水平有关与专业设置学科水平研究生导师在本学科领域的地位和水平有关更与学生个人自身条件有关我希望我们培养的学生我们的毕业生我们的校友都能够成功成材因此我们一定要在就业的这个毕业生的新起点上助他们一把我在很多场合也说过校友的成功成材是学校办学水平的试金石是学校声誉的重要组成部分一年两年看不出十年二十年校友的成就将充分显现出学校的办学水平奠定学校的社会地位和声誉二明确定位鼓励学生勇于引领未来学校的就业工作定位要与人才培养定位相匹配首先我们需要明确我们是什么类别什么层次的学校学校有什么专业什么层次的人才其次我们需要弄清楚到底我们的博士生毕业该到什么行业什么层次的单位和岗位去就业我们的硕士生本科生毕业该到什么行业什么层次的单位和岗位去就业他们的就业主渠道就业空间是什么这些都值得我们去认真研究当然我前面讲过就业的好坏与市场有很大关系我在很多场合呼吁我们这样层面学校培养的高端人才出现就业困难其实不完全是招生规模结构和人才培养模式的问题而是产业结构的问题改革开放以来我们引进了大量的外资制造类企业我们自己的产业却没有规模没有核心技术面临基础产业薄弱低附加价值和低技术含量的外包加工或制造业过大的局面这造成了高端人才就业的结构性矛盾但是我们必须认识到大学要成为国家的思想库要引领社会引领未来我们要下大力气让我们培养的高端人才为国家建设服务我们要不断呼吁社会和政府提高我国本土企业的自主创新能力大力吸引高端人才投身本土企业技术创新这是我们人才培养的根本目的我们更要让学生看到国家的未来和发展前景帮助学生树立为国家做贡献的信念中国本土企业一定要有也一定会有自己的核心技术要引导学生到那里去就业创业我们各个学部也要结合学校的办学定位与发展目标认真梳理研究就业市场的建设思路积极引导学生勇于担当社会责任服务国家引领未来另外我们也要不断地对学生进行创业教育鼓励学生去做技术创新开拓新领域兴办新产业三加强研究引导学生科学谋划未来如何在人生的成长过程中把握机会如何把握重要机遇实现成功转折如何在这种转折中向自己的人生目标迈进需要智慧的选择也就是主动和有准备的选择如上说到就业就是大学生实现人生目标和自我价值的重要转折点我认为目前不少学生的就业有很大的被动性和偶然性时常被机遇所左右这种无可奈何的被动式就业与抓住机遇甚至创造机遇主动和有把握的就业相比对毕业生今后发挥作用的程度成材空间是非常不同的因此我们要研究要研究国内和国际各行业的状况发展趋势不同就业岗位和地域以及未来的发展空间研究哪些行业领域和岗位适合我校不同层次毕业生就业怎样实现就业等通过我们的研究为毕业生进行科学有效切合实际的指导指导学生树立正确的职业理想科学规划自己的学业和职业从而实现变被动就业为主动和有准备的选择就业也就是智慧的选择我们要下大力气研究我建议成立大学生职业规划与就业协会我们各学部各院系要指导这个协会协会之间要积极交流通过交流牵动和指导学生博士生可以单独成立分会本科生硕士生以学部为单位成立分会要依托相近的学科群学生可以按照与学科相近的行业进行职业选择这项工作十分重要学校和各学部学院都要积极筹划如果需要学校可以给予相应的支持为学生创造研究和交流的平台使学生明确努力的方向确定未来职业的发展目标作为学校我们要引导学生主动追求积极谋划使学生对未来有清醒的认识和充分的准备我们要给学生打开一扇窗让他们看到未来职业的光明看到自己未来的人生价值和幸福生活这对学生是非常重要的牵引我们一定要起到这样一个引导的作用吕东光责任编辑姜雪相关阅读新疆师范大学副校长薛徽带队来校交流郭东明校长率团访问新疆全面推动援疆工作取得实质进展就业榜样董国进选定远方风雨兼程聚焦校长郭东明在中国高等教育发表文章谈高校科技协同创新郭东明校长会见中航工业昌河飞机工业副总经理徐德朋郭东明校长率团出访欧洲郭东明校长率团访问新疆全面推动援疆工作取得实质进展我校出席卓越联盟第三次校长联席会议申长雨校长接受光明日报专访谈创新驱动发展宁桂玲副校长率团访问白俄罗斯复制网址打印分享到每日推荐我校处级干部参观市反腐倡廉警示教育基地标兵故事蔡晗不忘初心方得始终标兵故事蔡晗不忘初心方得始终大连日报化工与环境生命学部评选最美团支书打造软件人才创新创业的摇篮新闻聚焦打造软件人才创新创业的摇篮大工学子在全国大学生金融创意设计大赛中喜获佳绩大工记者团和广播台获辽宁省十佳校媒称号数学科学学院党委积极开展与王家村党委共建活动机械工程学院人参加入党积极分子培训推荐视频钱令希诞辰百年纪录片发布预告年月日大工新闻学校隆重举行庆祝中国共产党成立周年大会为梦连理大连理工大学招生宣传片焦点图片毕业季校园里那抹亮色美女毕业生遇见特色学位服毕业季大学四年最遗憾的那些事毕业季最大工难忘凌工路号那件事大工建筑篇一你不得不知道的那些楼排行榜点击标兵故事李思远千淘万漉虽辛苦吹尽狂标兵故事李轶瑶执一而专心致志行微而校领导就推进学校改革发展征求意见明星教师张旭泉校园交通安全再聚焦大工财务网上报账系统已正式启用大工学报社科版荣膺全国高校百强社科期刊走进校友校友年度人物耿洪臣忘字何解怎样落笔都不对运载学子在全国船舶与海洋工程设计大赛中斩获第一页内容缓存全文内容缓存根据设置字体大小并初始化按钮请选择投票选项最多允许选项单页阅读分页阅读单页阅读分页阅读控制内容区域的的图片大小并为过大的图片添加查看原图复制网址复制链接成功被浏览器拒绝请在浏览器地址栏输入并回车然后将设置为复制链接成功改变字号小本文地址电话版权所有大连理工大学新闻中心
-1
