http://news.dlut.edu.cn/article/2014/0516/55013.shtml
10
165
165
240
240
352
352
267
267
363
26
寝室火情后的冷思考大工新闻网首页新闻图片视频报纸广播首页新闻校园视点正文寝室火情后的冷思考作者龙海波文记者团吴晗玮图来源宣传部新闻中心时间点击月日我校西山舍一寝室意外发生火情火势从早晨时开始浓烟弥漫整个寝室火情造成两名女生受伤火情事故涌现出被赞为中国好大爷中国好寝室长为代表的英勇救人的典型榜样在赞叹英勇救人之余我们不禁思忖学生寝室火情发生之因学生跳楼自救的背后暴露了什么火情已经远去该冷静思考一场火情给我带来哪些启示跳楼式自救拷问学生的自救能力还原事发现场火情发生之时小云并没有选择及时离开寝室而是将窗户打开趴在窗台上呼吸新鲜空气没想到大火迅速蔓延至整个寝室导致她无法冲出寝室这就为后面学生跳楼自救埋下了伏笔面对突发事故很多同学因为心理恐惧慌乱失措错过了逃生的最佳时机这是很多最初很小的事故酿成惨重代价的重要原因之一在火情发生时逃生自救是要明确首要的常识在本次火情中由于小云没能及时撤离现场寝室长小李返回寝室救小云之时已经错过了最佳逃生时机无奈之下小李迅速把小云推下寝室阳台自己也选择跳楼自救虽然没有造成致命伤害但跳楼式自救是火情当中极不可取的自救方式跳楼自救而造成严重人身伤害的例子不在少数年月日上海商学院徐汇校区宿舍楼女生寝室失火死亡的四名大学生全部是因为从寝室楼阳台跳楼而造成的危急关头冷静处理受到火势威胁时要当机立断披上浸湿的衣物被褥等向安全出口方向移动穿过浓烟时要尽量使身体贴近地面并用湿毛巾捂住口鼻身上着火千万不要奔跑可就地打滚或用厚重衣物压灭火苗这是火情发生之时正确的逃生方法不到万不得已的时候不能选择跳楼来逃生即使被逼无奈跳楼式自救也要采取一些必要的措施可以避免对身体造成伤害如果所处楼层不高可以把床单被套撕成条状连成绳索紧拴在窗框铁栏杆等固定物上顺绳滑下安全地带若被火势威逼跳楼也要采取相应措施例如要多抱一些棉被沙发垫等松软的物品可以减缓着地时的冲击尽量设法减少伤亡错误救援方式暴露学生救援能力的缺失从了解到的事故情况来看起火初小雪在火情之初接了盆水直接泼在着火点上可是火源点是正在燃烧的一电器用水灭火直接造成电源插排短路室内电源开关跳闸停电室内烟雾增大这无形中增大了火势电器类燃烧切忌使用水进行扑灭是消防安全的常识小雪在危机当中的举动在一定程度上反映出学生救援能力的缺失在火情发生之初如何有效救援是大学生面临的又一重考验火灾救援要保证不危及自身安全的前提下要采取正确的救火方式如果寝室衣物木料床具书籍等引起火情避免用衣物拍打应用水灭火或者使用灭火器灭火电器着火时要立即拉下电闸或拔下电源再采取灭火措施如果火势较大要迅速逃离火情现场确保自身安全的情况下及时拨打报警电话若火势威胁到身边的同学要通过大声呼喊等方式吸引他们的关注学校在每个楼层都配置有灭火器和消防栓学生应该学会使用灭火器同时对自己学习或生活的建筑物的结构及逃生路径了然于胸方能在火灾发生时能够及时按照消防标识自己或者组织其他人有序逃出火情现场违禁电器挑战大学生的安全意识根据大连市公安消防支队的调查结果本次火情的起火原因为电器故障而引发从中暴露的安全意识缺位问题是火情发生之后应该深思和警醒的纵观此次事故发生的过程安全意识单薄存在侥幸心理是事故发生的根本原因违背寝室管理条例而酿成重大灾祸一个个这样鲜活的例子就摆在我们的前面年月日北京交通大学号楼层一研究生宿舍发生火情起火原因是学生使用热得快将水烧干所致年月日中央民族大学号楼学生宿舍发生火情经调查为宿舍内私拉电线所致年月日西安联合大学学生宿舍失火原因为使用电炉做饭明火点燃地上报纸造成火情按照学校相关规定杜绝在寝室使用违禁电器辅导员时常开展违禁电器检查但学生对此深恶痛绝与辅导员老师常打起了游击战学生也通过各种方式逃避检查学生总以为事故不会发生在自己身上总以为危险离我们遥不可及可火情就发生我们身边私接乱拉电线违章使用电炉子电褥子热得快等电器在床上吸烟超负荷用电希望通过这次火情的教训这些经常出现在寝室中的安全隐患得到彻底解决痛定思痛再次敲响安全警钟月日就在火情发生的前一周学生工作处保卫处联合举办的学生安全教育活动周结束开展了安全防范意识宣传安全教育讲座还专门以女生寝室使用违规用电器引起火灾为例讲解了火情防范消防知识火场逃生自救常识灭火器使用等并要求将大连理工大学学生安全教育实用手册发放到每个学生手中而事发班级并未参加安全教育活动相关学部院也并未及时将手册发放到学生手中不仅如此每年新生入学教育中学校都会邀请大连市安全教育专家向全体入学新生传授校园安全知识长期以来不少大学生对例行的安全宣讲和安全演练置若罔闻习惯性地产生抵触情绪安全教育常常说但一场大火还是烧出了学生安全防范意识和自救能力的缺失为安全意识麻痹敲响了警钟痛定思痛要想从根本上解决安全隐患需要每一个人提高安全意识学校开展再多次的安全宣讲开展再多层面的教育如果学生安全意识不到位没有从思想上敲响警钟今后依然可能会出现类似的突发事件大学校园是一个特殊的人口密集人流量较大的公共场所寝室教室食堂等更是事故发生的红灯区任何小的突发事故都会因为人口密集的关系迅速演变成大规模的意外灾害广大学生应吸取此次事故的教训在学校举办的各种培训和实战演练中提升安全防范意识和自救能力你若安好便是晴天希望在学校师生的共同努力下大工的上空依然是片艳阳天责任编辑张平媛相关阅读复制网址打印分享到每日推荐我校处级干部参观市反腐倡廉警示教育基地标兵故事蔡晗不忘初心方得始终标兵故事蔡晗不忘初心方得始终大连日报化工与环境生命学部评选最美团支书打造软件人才创新创业的摇篮新闻聚焦打造软件人才创新创业的摇篮大工学子在全国大学生金融创意设计大赛中喜获佳绩大工记者团和广播台获辽宁省十佳校媒称号数学科学学院党委积极开展与王家村党委共建活动机械工程学院人参加入党积极分子培训推荐视频钱令希诞辰百年纪录片发布预告年月日大工新闻学校隆重举行庆祝中国共产党成立周年大会为梦连理大连理工大学招生宣传片焦点图片毕业季校园里那抹亮色美女毕业生遇见特色学位服毕业季大学四年最遗憾的那些事毕业季最大工难忘凌工路号那件事大工建筑篇一你不得不知道的那些楼排行榜点击标兵故事李思远千淘万漉虽辛苦吹尽狂标兵故事李轶瑶执一而专心致志行微而校领导就推进学校改革发展征求意见校园交通安全再聚焦明星教师张旭泉大工财务网上报账系统已正式启用大工学报社科版荣膺全国高校百强社科期刊走进校友校友年度人物耿洪臣忘字何解怎样落笔都不对运载学子在全国船舶与海洋工程设计大赛中斩获第一页内容缓存全文内容缓存根据设置字体大小并初始化按钮请选择投票选项最多允许选项单页阅读分页阅读单页阅读分页阅读控制内容区域的的图片大小并为过大的图片添加查看原图复制网址复制链接成功被浏览器拒绝请在浏览器地址栏输入并回车然后将设置为复制链接成功改变字号小本文地址电话版权所有大连理工大学新闻中心
-1
