http://news.dlut.edu.cn/article/2016/0720/68253.shtml
28
177
356
300
231
133
283
43
192
192
22
281
165
165
240
240
352
352
267
267
29
35
380
302
200
2
281
91
246
全国近所高校教师学者来校研讨马克思主义发展观综合新闻大工新闻网首页新闻图片视频报纸广播首页新闻综合新闻正文全国近所高校教师学者来校研讨马克思主义发展观马克思主义在当代中国的运用和发展第八次会议暨马克思主义发展观与新发展理念研讨会在我校召开作者张玥来源马克思主义学院时间点击月日马克思主义在当代中国的运用和发展第八次会议暨马克思主义发展观与新发展理念研讨会在大连理工大学国际会议中心三楼第二会议室召开本次会议由中国改革研究会大连理工大学马克思主义学院吉林大学马克思主义学院大连市哲学学会主办由大连理工大学马克思主义学院承办来自吉林大学西安交通大学等全国近所高校的教师学者出席了本次研讨会开幕上副会长韩喜平教授代表中国改革研究会及主办方致开幕辞首先对会议的召开表示祝贺并祝愿与会专家学者在研讨会期间充分交流互相启发共同提高不断推进马克思主义在中国正确而有效地运用和发展副会长洪晓楠教授代表本次会议的主办方和承办方对各位专家学者的莅临表示欢迎并简要介绍了大连理工大学马克思主义学院的学科发展和人才培养情况此次研讨会分为大会学术报告和小组交流两个环节分别由北京工业大学教授中国改革研究会副秘书长陈洪玲山东师范大学高继文黑龙江大学隽鸿飞教授社会科学家杂志社副编审赵立庆大连理工大学马克思主义学院魏晓文洪晓楠教授徐成芳教授和吉林大学陈松友教授以及东北财经大学朱成全教授主持会议第一阶段邀请了吉林大学韩喜平教授我校管理学院武春友教授西安交通大学王宏波教授合肥工业大学黄志斌教授我校马克思主义学院洪晓楠教授分别作学术报告韩喜平教授围绕马克思主义理论学科如何进一步发展的问题导向阐述了近十年来马克思主义学科的发展变化取得的成就存在的问题今后的发展趋势同时强调了作为马克思主义理论工作者的社会责任就如何把马克思主义理论讲深讲透讲彻底历史和逻辑相统一从马克思讲到了中国化的马克思主义其问题导向观点启发了我们的思考使与会者收益匪浅武春友教授以绿色增长的认知与实践为题从全新的视域为大家做了精彩的报告武教授从国际视域绿色建设生态文明生态发展尤其是为什么要绿色增长如何实现绿色增长通过自己长期的研究把绿色增长的愿景我国绿色增长的进程特色启示等信息带给大家共享开拓了我们的视野大家收获颇多王宏波教授以社会工程是关于改革理论的学问关于改革规律的学理性探索为题从多方面就习近平总书记提出的改革方法论问题引发了我们的思考王教授提出了社会工程的方法论特点改革理念思维范式同时强调马克思主义者要做到理论自觉理论自信必须研究社会工程立字当头破在其中社会工程与社会改革相辅相成良性互动的关系如何把握社会工程社会改革规律马克思主义发展规律其报告带给了我们很多新启示黄志斌教授从哲学理论角度分析了什么是绿色和绿色技术指出绿色技术是高端的仿生型技术得出了绿色技术是先进生产力的结论同时黄教授也强调了马克思主义工作者要以问题为导向要关注经济问题其报告对今后如何实现绿色发展具有重要意义也体现了马克思主义工作者的责任担当洪晓楠教授以新发展理念的重大创新为题从新发展理念是对西方发展理论的超越对西方现代化理论的超越对马克思主义发展观的继承和发展对科学发展观的继承和发展四个方面阐述了新发展理念的历史定位同时洪教授还反对机械地用西方理论来解读中国的实践其报告蕴含很多新思想新观点具有学术创新性有利于提升马克思主义话语权建设对于今后的研究具有重要价值在下午的分组讨论环节与会代表分成两小组分别围绕发展论提高文化软实力马克思主义发展观与生态马克思主义的关系城乡建设新发展理念与核心价值观尤其和和谐的关系教学过程中存在的问题等众多问题进行了充分交流和热烈研讨大会最后由中国改革研究会副会长王宏波教授做总结王宏波教授充分肯定了本次大会马克思主义发展观与新发展理念的主题的立意系统总结了与会代表在大会交流中的观点及学术成果并表达出对后续会议的期待会议在此起彼伏的掌声与不舍中宣告圆满结束据悉本次研讨会提交的论文将择优集结成册并出版会议的召开加强了我校与国内同行专家的学术交流开阔了学术视野提高了理论素养会议论文集的择优出版为进一步研究马克思主义理论前沿问题提供了新思路为马克思主义中国化成果的探索做出了积极贡献责任编辑张平媛相关阅读复制网址打印每日推荐研招进行时如火如荼开展年研究生招生宣传两学一做把政治纪律和政治规矩内化于心外化于全国近所高校教师学者来校研讨马克思主义发展观材料科学与工程学院选举产生新一届党委并成立纪委大连日报钱令希院士百年诞辰纪念展揭幕辽宁日报大工举行钱令希院士百年诞辰纪念展大工人物校友篇张阿漫胸怀海洋强国梦大工人物校友篇张阿漫胸怀海洋强国梦贯彻落实全面从严治党要求强化政治纪律和政治规群策群力抢抓机遇为大工吸引一流生源推荐视频钱令希诞辰百年纪录片发布预告年月日大工新闻学校隆重举行庆祝中国共产党成立周年大会为梦连理大连理工大学招生宣传片焦点图片毕业季校园里那抹亮色美女毕业生遇见特色学位服毕业季大学四年最遗憾的那些事毕业季最大工难忘凌工路号那件事大工建筑篇一你不得不知道的那些楼排行榜点击机械工程学院新教学楼开工建设钱令希诞辰百年纪录片发布预告我校论文被计算机视觉及模式识别领域国际顶尖钱令希院士诞辰百年春风化雨润物无声中国工程院院士陈政清受聘大连理工大学兼职教钱令希院士诞辰百年宝贵的精神财富永恒王立鼎院士与两岸学子分享科研历程群策群力抢抓机遇为大工吸引一流生源机械工程学院完成新一届党委换届及纪委成立选钱令希院士诞辰百年业精于勤奋功成于坚第一页内容缓存全文内容缓存根据设置字体大小并初始化按钮请选择投票选项最多允许选项单页阅读分页阅读单页阅读分页阅读控制内容区域的的图片大小并为过大的图片添加查看原图复制网址复制链接成功被浏览器拒绝请在浏览器地址栏输入并回车然后将设置为复制链接成功改变字号小本文地址电话版权所有大连理工大学新闻中心
-1
