http://news.dlut.edu.cn/article/2011/0628/37862.shtml
10
165
165
240
240
352
352
267
267
363
26
张德祥书记在庆祝中国共产党成立周年暨全校两优两先表彰大会上的讲话大工新闻网首页新闻图片视频报纸广播首页新闻领导论坛正文张德祥书记在庆祝中国共产党成立周年暨全校两优两先表彰大会上的讲话时间点击同志们在喜迎中国共产党成立周年之际我们隆重集会回顾党的光辉历程和伟大历史贡献表彰近两年来全校涌现出来的先进基层党组织先进党支部和优秀共产党员优秀党务工作者在此我代表学校党委向全校广大共产党员致以节日的问候向获得表彰的先进集体和优秀个人表示热烈的祝贺在建党周年这一具有特殊历史意义的时刻我们回顾党的光辉历程回顾党领导教育事业蓬勃发展的伟大历程回顾在党的领导下我校从建立到发展壮大的不平凡历程弘扬传统表彰先进对于我们进一步坚定理想信念进一步认识肩负的责任与使命进一步推动学校事业又好又快发展具有重要的意义一光辉的历程和切身的体会年来我们党紧紧依靠和紧密团结全国各族人民推翻了三座大山实现了民族独立和人民解放建立了人民当家作主的新中国确立了社会主义基本制度在一穷二白的基础上建立了独立的比较完整的工业体系和国民经济体系实行了改革开放开创了中国特色社会主义道路这三件大事从根本上改变了中国人民的前途命运决定了中国历史的发展方向在世界上产生了深刻而广泛的影响年来特别是党领导全国人民建立新中国以来我们党在领导中国人民进行革命和建设的伟大实践中始终致力于人民教育事业的发展紧密围绕党的纲领和主要任务逐步形成了关于教育工作的一系列指导思想和方针政策并在实践中不断丰富和发展教育事业在党的旗帜指引下逐步发展壮大创造出令世人瞩目的伟大成就从高等教育来看年我国人口是文盲高等教育入学率高校在校生仅有万新中国成立特别是改革开放多年来我国高等教育毛入学率已达到高校在学总规模万是年的倍已跃居世界首位在党的领导下我国建成了世界上规模最大的高等教育体系培养了数以亿计的高层次专门人才和高技能人才取得了一批具有世界先进水平的科研成果谱写出中国高等教育史上最辉煌的篇章去年召开的全国第四次教育工作会议颁布了国家中长期教育改革和发展规划纲要这是在党的领导下制定的促进教育事业科学发展的纲领性文件描绘了教育事业崭新的发展蓝图年前在党领导全国人民夺取新民主主义革命胜利建立新中国前夕为迎接新中国经济文化建设高潮的到来大连理工大学有幸成为由党亲手缔造的第一所新型正规大学建校年来在党的领导和关怀下学校把培养德智体美全面发展的社会主义建设者和接班人作为学校的根本任务培养了一大批又红又专的人才广大师生和校友创造了国家科技史上的多项第一学校也从小到大由弱变强如今已经成为多学科协调发展的全国重点大学和国家人才培养科学研究社会服务和文化传承创新的重要基地建校初期以屈伯川老院长为代表的一批来自延安等根据地的干部凭着老一代共产党人坚定的共产主义理想和信念艰苦朴素无私奉献的优良品质在创校之初的困难环境里模范执行党的知识分子政策凝聚并引导人心和广大师生一道努力办好党的第一所新型正规大学开创了群贤毕至人才荟萃的良好局面大连工学院独立办学后学校成功召开了我校历史上的第一次党代会制定了十二年发展规划广大师生焕发出了崭新的精神面貌他们热爱党热爱社会主义祖国自觉地把自己的发展与党和国家的需要紧密相连学校成为享有广泛声誉的红色工程师摇篮建校年就成为教育部直属的全国重点大学改革开放后特别是九五以来党和国家实施了科教兴国人才强国战略学校发展迎来了新的机遇面对新形势新任务学校不断加强和改进党的领导把握工程工程建设等重要机遇锐意改革学校步入了历史上又一个快速发展的时期学校第十二次党代会以来通过开展深入学习实践科学发展观活动和创先争优活动学校进一步理清了发展思路加快了建设国际知名的高水平研究大学的步伐群策群力制定实施了大连理工大学中长期发展战略规划年及十二五发展规划在人才培养科学研究和服务社会等方面取得了新的成绩总结和回顾历史我们不难得出一个根本的结论没有中国共产党就没有新中国就没有大连理工大学的建立和发展大连理工大学的建立是中国共产党领导下建设新中国实现民族复兴在高等教育领域的一次重要探索和实践大连理工大学的发展是在党的教育方针指引下成功举办高等教育的有力明证回顾党的历史回顾党领导学校建立改革和发展的历史我们深深体会到必须坚持党的领导牢牢把握社会主义办学方向领导我们事业的核心力量是中国共产党大连理工大学年发展的历史就是坚持党的领导坚持社会主义办学方向的历史大连理工大学年改革发展的业绩是社会主义制度优越性的生动体现是全校师生员工坚持党的领导和社会主义办学方向的结果必须坚持党的教育方针把培养社会主义合格建设者和可靠接班人作为学校的根本任务青年是党和国家的未来大学生是青年中最具活力和创造力的群体坚持育人为本德育为先促进学生德智体美全面发展始终是学校一切工作的中心提高办学质量特别是提高人才培养质量始终是学校工作的主旋律必须坚持科学发展统筹改革发展稳定坚持科学发展就是要牢固树立科学发展观坚持以人为本全面协调可持续统筹兼顾的和谐发展要把人才培养科学研究社会服务文化传承创新有机统一起来正确处理规模结构质量效益的关系领导学校的改革发展稳定促进校园和谐必须坚持与时俱进加强和改善党的领导党的建设为学校的改革发展稳定提供了坚强的思想保证政治保证和组织保证在党情国情世情不断发生新变化在高等教育发展面临一系列新形势新任务的情况下学校党的建设也不断面临着新的课题我们必须以改革创新精神在永葆先进性和提高办学治校能力上下功夫不断提高党建的科学化水平为学校改革发展稳定提供坚强保障二统领全局推动学校事业又好又快发展学校第十二次党代会以来校党委认真贯彻落实党的十七大和十七届四中五中全会精神以科学发展观统领学校全局以改革创新精神不断加强和推进新形势下学校党的建设工作切实增强了全校各级党组织的创造力凝聚力和战斗力为学校改革发展稳定提供了强有力的保障去年月初教育部巡视组对我校工作给予了充分肯定一以科学发展观为统领推动科学发展年上半年开展的学习实践科学发展观活动学校党委站在回顾总结年办学传统和经验谋划学校未来科学发展的历史交汇点上紧密联系建设国际知名的高水平研究型大学的实际科学谋划狠抓落实学习实践活动取得了明显成效通过学习实践活动我们形成了推动学校科学发展六个必须的基本共识即必须坚持以科学发展观为统领努力建设国际知名的高水平研究型大学必须增强科学发展的责任感和使命感把握机遇迎接挑战必须直面制约科学发展的突出问题着力破解重点推进必须以科学发展观为指导进一步解放思想开阔视野胸襟和思维必须坚持走科学发展的办学之路强化内涵办出特色必须坚持围绕中心抓党建为学校科学发展提供强有力的思想和组织保障通过学习实践活动我们的办学治校能力得到进一步提升以制定一个规划实施六项行动计划为主要内容的整改落实方案按照时间节点得到很好的落实在人才培养方面明确了实施精英教育培养精英人才的定位和目标制订了条意见在学科建设方面制订了建设学科高原和学科高峰的举措在科研和服务社会方面建立了两院理顺了科研管理体制启动深海工程创新实验基地建设在管理体制改革方面推进学部制改革新组建了个学部特别是通过学习实践活动我们汇聚全校智慧动员全校力量进一步理清发展思路制订了大连理工大学中长期发展战略规划大连理工大学十二五发展规划为学校科学发展指明了方向描绘了蓝图二以创先争优活动为动力加强学校党的自身建设创先争优活动开展一年多来学校坚持围绕中心抓党建抓好党建促发展充分发挥基层党组织的政治核心作用党支部的战斗堡垒作用共产党员的先锋模范作用党建的优势不断转化为科学发展的优势在活动中各学部学院系教工党组织和教工党员以创新育人为重点坚持立足岗位和本职工作创先争优涌现出一大批教书育人科研创新的先进典型学生党组织和学生党员以学习成才为重点通过举办学生党支部创新方案立项评选答辩会优良学风活动月暑期社会实践等活动不断增强学生党员的争创意识机关党组织和党员以服务效能为重点围绕建设一流队伍培养一流作风创造一流业绩的主题积极改进机关作风提高机关工作效率后勤系统以保障服务为重点积极开展顾全大局真情服务提升技能全力保障为主题的争创活动服务保障能力得到进一步提升产业系统以创业增效为重点积极组织和参与平安企业文明企业绿色企业和谐企业创建工作推动形成良好风气和先进的企业文化离退休党组织和党员以永葆先进健康有为为重点围绕关心发展关心下一代献计献策设计活动载体开展了一系列富有特色的争创活动以创先争优活动推动学习型党组织建设以创先争优活动为载体进一步发挥两级理论学习中心组的示范和带动作用努力建设学习型领导班子倡导研究性学习设立理论研究专项基金贯彻落实全国教育工作会议精神和规划纲要启动了核心竞争力与高水平研究型大学建设等一批专项研究以迎接建党周年为契机深入开展中国特色社会主义理论和党史学习教育活动进一步夯实了基层创建学习型党组织的基础以创先争优活动推动基层组织建设积极探索学部制下基层党建新模式按照分层管理分类建设分类指导的总体思路构建了基层三级组织体系新格局学部分党委党总支党支部在学部分党委下增设了本科生党总支研究生党总支教工党总支直属党支部在基层党组织率先试行公推直选并对党支部的规模和组建方式进行重新规划扩大党内民主激发基层党支部的活力在党员发展工作中实施授权党总支审批权与督导检查双轨制严把党员发展质量关目前全校党员达到名其中全日制本科生党员比例为专任教师中党员比例达到党员的先锋模范作用得到进一步发挥以创先争优活动推动制度建设认真贯彻落实中国共产党普通高等学校基层组织工作条例进一步落实和完善党委领导下的校长负责制健全了党委常委会校长办公会等校务会议的议事规则和决策程序初步形成了党委领导下的校长负责制的制度保障体系发挥以教授为代表的教师群体在学术事务管理中的作用制定颁布大连理工大学学术委员会章程试行完善教代会制度加强民主管理委员会建设积极参与国家教育体制改革试点现代大学制度建设等三个项目通过评审获得立项深化内部管理体制改革颁布了大连理工大学学部制管理若干规定暂行明确了两级管理三级建设的管理体制完善了干部选拔制度推行差额选拔干部加大竞争性选拔干部工作力度坚持和完善从基层一线选拔干部加强干部交流提高了干部整体素质以创先争优活动推动党风廉政建设坚持标本兼治综合治理惩防并举注重预防的方针努力构建教育制度监督并重的惩治和预防腐败体系落实党风廉政建设责任制修订完善了大连理工大学党风廉政建设责任制实施办法制定了中共大连理工大学委员会关于落实校党政领导班子成员党风廉政建设岗位责任的意见完善制度强化监督规范权力运行加强对重点领域关键环节的监督检查坚持以领导干部为重点努力构建拒腐防变教育长效机制开展廉洁教育活动月活动推动廉洁文化走进校园创先争优活动开展一年多来全校各级党组织结合本部门工作实际确定的争创主题具体实在分类指导明确清晰效果明显师生满意不仅为学校党建工作提供了有力的抓手更为推动学校中心工作提供了强大动力我校党委也于年年连续两届被评为辽宁省先进党委三切实加强大学生思想政治教育办什么样的大学培养什么人是学校办学的核心问题近年来学校深入贯彻中央号文件精神切实增强了学生思想政治教育工作的针对性和实效性充分发挥思想政治理论课的主渠道主阵地作用成立马克思主义学院加强对思想政治理论课的指导与管理积极探索大班上课小班讨论及课内课外两个课堂等教学模式改革充分发挥案例教学的特色和优势调动教师和学生两方面的积极性有效提升了课程效果强化大学生社会主义核心价值观教育深入推进责任担当教育加强学生发展的个体指导成立大学生发展咨询中心全面实施春雨计划增强解决学生实际问题的针对性与实效性丰富完善大学生思想政治教育载体强化辅导员博客的规范化建设构建了以博客微博红色网站为载体辅导员全员参与具有我校特色的网络思想政治教育立体互动体系完善选聘工作机制加大培训力度切实加强了辅导员队伍建设深化培养机制改革强化研究生思想政治教育的导师负责制逐步完善了研究生思想政治教育的体制机制建设推进了学校学部院系教研室所党支部导师四级管理的研究生培养运行机制的实施四努力构建和谐校园积极构建和谐文化弘扬学校优良办学传统凝练大工精神努力建设新时期的大工文化制定大连理工大学文化建设纲要为学校的建设与发展奠定了统一的思想文化基础活跃校园文化举办校园文化节活动新闻宣传坚持贴近师生贴近生活贴近实际积极营造和谐的舆论氛围深入实施温暖工程和健康工程开展扶贫帮困活动帮助教职工解决实际困难健全家庭经济困难学生资助体系实现资助的全覆盖积极开展心理健康教育的课程建设和工作研究有效地促进大学生思想道德素质科学文化素质及身心健康素质协调发展加强统战工作支持学校各民主党派基层组织加强自身建设提高了民主党派成员参政议政能力和参与学校民主管理的积极性完善离退休工作机制推进学校院系两级管理制度落实离退休老同志的政治待遇和生活待遇积极筹措财力做好离退休人员生活补贴兑现工作积极构建平安和谐校园全面加强对校园安全稳定工作的组织领导落实维稳责任制加强安全教育和安全防范在维稳形势较为复杂的情况下实现了校园的安全稳定近年来我校党建工作措施有力成效明显改革发展取得了新的进步这些令人鼓舞的成绩是全校共产党员和全体师生员工全体离退休老同志的共同努力下取得的在此我代表学校党委向大家表示衷心感谢三全面提升党建科学化水平为学校科学发展提供坚强保证今年是十二五的开局之年也是学校实施中长期发展战略的起步之年去年党中央国务院召开了新世纪以来第一次全国教育工作会议印发了国家中长期教育改革和发展规划纲要年提出了优先发展育人为本改革创新促进公平提高质量的工作方针出台了一系列战略举措这是我国教育事业改革发展一个新的里程碑意义重大影响深远前不久胡锦涛总书记在清华大学百年校庆上发表重要讲话明确指出了全面提高高等教育质量的战略思路讲话指出不断提高质量是高等教育的生命线必须大力提升人才培养水平必须大力增强科学研究能力必须大力服务经济社会发展必须大力推进文化传承创新把文化传承创新作为基本任务之一是对大学职能认识的新发展讲话强调要以重点学科建设为基础以体制机制改革为重点以创新能力提高为突破口加快建设世界一流大学和高水平大学进程讲话强调要坚持改革创新鼓励重点建设高校成为知识创新的策源地深化教育改革的试验田扩大开放的桥头堡总书记的重要讲话深刻论述了实施科教兴国战略和人才强国战略的重要意义深刻论述了教育特别是高等教育在国家发展中的重要地位和作用深刻论述了全面提高高等教育质量的内涵和要求进一步回答了办什么样的高等学校怎样办好高等学校培养什么人怎样培养人这两个根本问题是推动新世纪我国教育事业特别是高等教育事业科学发展的纲领性文献当前和今后一段时期深刻学习领会胡锦涛总书记的讲话精神继续深入贯彻好国家中长期教育改革发展规划纲要落实好学校中长期发展战略规划执行好学校十二五规划是摆在我们面前的几项重大任务迫切要求全校党员和领导干部高度重视进一步增强责任意识和忧患意识切实承担起规划确定的工作任务并结合本部门的实际制定好分规划要团结带领广大师生员工执行好规划特别是要把年初教代会上校长工作报告确定的十二五开局之年的各项工作任务完成好为实现中长期规划十二五规划提出的发展目标和美好愿景奠定坚实基础实现学校的发展目标完成各项工作任务进一步加强和改善党的领导是根本保障我们要深入学习贯彻党的十七届四中全会精神以改革创新精神加强党的建设不断提高党建科学化水平为学校事业又好又快发展提供强有力的思想保证政治保证和组织保证一以科学理论指导学校党建工作一是进一步坚定理想信念要发挥学校党团组织的政治优势学科和思想政治理论课的教学优势学生教育管理工作的优势坚持不懈地用中国特色社会主义理论体系武装党员教育师生引导师生员工不断增强对中国特色社会主义体系的理论认同政治认同价值认同情感认同二是按照建设学习型党组织的目标和要求进一步完善学校学部学院两级中心组学习制度创新学习形式改善学习效果切实把学校各级党组织建设成为勤于学习善于学习的党组织二以科学制度保障学校党建工作要以学习宣传贯彻中国共产党普通高等学校基层组织工作条例为重点贯彻中央对高校党建工作的新要求一是加强各级领导班子建设坚持和完善党委领导下的校长负责制进一步完善学部学院党政联席会议制度发挥学部学院党组织的政治核心地位和保证监督作用建立健全党政相互配合协调运转的工作机制二是要进一步建立健全党内民主制度保障党员主体地位和民主权利积极推行党务公开制度继续推行基层党组织公推直选等基层党内选举制度以党内民主促进学校民主管理三是要牢固树立以人为本的理念重视发挥思想政治工作优势加强人文关怀情感沟通和心理疏导做好新形势下的群众工作促进校园和谐三以科学方法推进学校党建工作一是积极探索完善基层党组织设置形式要根据学部制改革等新变化继续积极探索适应我校特点的基层党组织设置形式使党组织的设置更加科学更有利于发挥创造力凝聚力和战斗力二是要创新党员教育模式创新党员管理方式要在充分发挥基层党支部战斗堡垒作用的同时进一步发挥其服务党员联系群众的桥梁和纽带作用增强党员的归属感和对师生的吸引力三是创新基层党组织活动方式要在继承发展历史证明行之有效方式的同时积极探索运用网络等方式开展网上党建理论研究党建数据库网上党校等活动大力推进学校党建信息化扩大党建工作覆盖面增强辐射力四提升党风廉政建设科学化水平一是要深入贯彻落实党风廉政建设责任制建立健全考核评价检查体系构筑有效的监督制约机制二是要进一步加大监督检查力度强化对基建采购工程及工程资金使用等重点领域和关键环节的制约监督建立风险防范措施和责任追究机制三是进一步抓好干部作风建设弘扬党的优良作风传承大连理工大学的光荣传统以优良的党风促校风带学风四是要进一步推进制度创新完善干部述职述廉诫勉谈话提醒谈话干部任免函询等监督制度推进干部问责制同志们走过年光辉历程的中国共产党即将踏上新的历史征程让我们以建党周年暨深入开展创先争优活动为契机进一步坚定理想信念继承和发扬党的优良传统向受到表彰的先进党组织和优秀共产党员学习切实肩负起责任和使命为建设国际知名的高水平研究型大学贡献智慧和力量在中国共产党团结和带领全国各族人民实现全面建设小康社会奋斗新目标实现中华民族伟大复兴的新征程中做出我们新的更大的贡献以优异成绩向党的十八大献礼校党委书记张德祥年月日责任编辑姜雪相关阅读复制网址打印分享到每日推荐我校处级干部参观市反腐倡廉警示教育基地标兵故事蔡晗不忘初心方得始终标兵故事蔡晗不忘初心方得始终大连日报化工与环境生命学部评选最美团支书打造软件人才创新创业的摇篮新闻聚焦打造软件人才创新创业的摇篮大工学子在全国大学生金融创意设计大赛中喜获佳绩大工记者团和广播台获辽宁省十佳校媒称号数学科学学院党委积极开展与王家村党委共建活动机械工程学院人参加入党积极分子培训推荐视频钱令希诞辰百年纪录片发布预告年月日大工新闻学校隆重举行庆祝中国共产党成立周年大会为梦连理大连理工大学招生宣传片焦点图片毕业季校园里那抹亮色美女毕业生遇见特色学位服毕业季大学四年最遗憾的那些事毕业季最大工难忘凌工路号那件事大工建筑篇一你不得不知道的那些楼排行榜点击标兵故事李思远千淘万漉虽辛苦吹尽狂标兵故事李轶瑶执一而专心致志行微而校领导就推进学校改革发展征求意见明星教师张旭泉校园交通安全再聚焦大工财务网上报账系统已正式启用大工学报社科版荣膺全国高校百强社科期刊走进校友校友年度人物耿洪臣忘字何解怎样落笔都不对运载学子在全国船舶与海洋工程设计大赛中斩获第一页内容缓存全文内容缓存根据设置字体大小并初始化按钮请选择投票选项最多允许选项单页阅读分页阅读单页阅读分页阅读控制内容区域的的图片大小并为过大的图片添加查看原图复制网址复制链接成功被浏览器拒绝请在浏览器地址栏输入并回车然后将设置为复制链接成功改变字号小本文地址电话版权所有大连理工大学新闻中心
-1
