http://news.dlut.edu.cn/article/meiti/2016/0811/68593.shtml
29
242
274
162
220
73
329
139
315
63
225
361
165
165
240
240
352
352
267
267
277
167
109
208
139
308
376
97
191
329
中国科学报编译创新源代码的有趣课堂大工新闻网首页新闻图片视频报纸广播首页新闻媒体大工正文中国科学报编译创新源代码的有趣课堂来源中国科学报版时间为什么华人诺贝尔奖获奖人数低于世界平均水平是我们智商不够吗但外国学者的研究发现东亚人的智商高于欧洲人那这又是为什么呢因为中国人缺少总结缺少对发明的保护中西方教育理念不同西方注重探索而我们注重传承看似毫无边界的问题师生间的积极互动趣味横生的小故事让寓教于乐的元素遍布大连理工大学创造性思维与创新方法的课堂这门课由大连理工大学创新创业学院院长冯林主讲曾入选教育部第一批精品视频公开课选题课程开课多年经久不衰尤其受到有志于创新创业学子的喜爱课堂开启创新之路清晨的阳光洒在创新学院的每一个角落树荫也投下点点斑驳中国科学报记者刚刚走进创新学院就能够听到学生在研究室里讨论问题的声音而墙上挂满了所有勤于创新的人爱因斯坦霍金张衡让人感到勃勃的生机与创新的无国界当记者问到创新课程的意义时冯林严肃地说现在大学生普遍存在实践动手能力弱的问题即使动手也只是按照教科书的步骤或在老师的安排下完成各种实践活动出现了一种只做不思考的状况而我们开创的这门课程旨在培养大学生创造性思维掌握创新方法让学生在学习实践的过程中会提问题会思考按照创新方法去做事少走弯路真正能够活学活用所学到的知识这样的改变是教学模式的一种创新也是学生学习方法的一种创新在课堂上我们摒除了单纯的授课方式更多地让学生学会主动地获取知识学会自己提出问题根据问题进行讨论在老师指导下进行实践然后设计出解决方案从而让学生在拥有扎实知识根基的基础上做到自主的创新讲起学生的课堂活动内容冯林兴致勃勃地说这就是他们一直在强调的做中学通过课程设计让学生在完成自己作品的过程中从实验性学习再到综合性学习最后达到创新性学习的目标就学生们的感受而言创造性思维与创新方法的课堂上总是充满惊喜和创意很有创新性很有趣的课还有很有学问的老师我每次上课都充满了渴望老师能将创新的课讲好不是一件简单的事这是我最喜欢的课这些都是学生们的听课感受我们的学生不应该只是工匠创新是学习中重要的组成部分而学习又是生活中不可缺少的部分那么创新在日常生活中又扮演了什么角色呢怎样才能更好地让学生的个性得到发挥呢我们的学生不应该只是工匠冯林这样说道我们并不是否定传统的教学模式而是开辟了与传统教学模式相互补充的另外一种教学模式该模式提高学生自主学习的能力让他们可以根据自己的兴趣决定自己的研究方向并提出值得研究的问题这对学有余力的学生来说是不错的发展机会他们可以把自己的兴趣融入到学习当中做到快乐的学习从而提高学习的效率并且我们还拥有开放的实验室这样就为学生提供了更多的实践动手机会由此创新创业学院为学生提供了一条把想法变为现实的道路在实践中学会创新把创新融入到实践中在这样的考验中学生学会了不同的思维方式比如发散思维逆向思维形象思维批判性思维等把学生从僵化的思维中解脱出来找到更为多彩的世界动手实践能力与创新思维能力是相辅相成的当学生掌握了这两种能力以后就会在日常生活的潜意识中用上创新的方法而且这对本专业的学习也是有益的冯林说当创新已成为一种习惯一种与个人思维密不可分的组成部分时生活便处处是创新的地方时时是创新的一种习惯最重要的是每个人都是可以创新的人从被动接受知识转为主动寻求知识据介绍大连理工大学是全国高校中较早倡导并开展创新教育的学校并且致力于成为国际一流的研究型大学那么在建设双一流高校的路上创新教育还存在多大的差距呢要回答这个问题冯林首先回顾了学校的创新教育历史大工是全国第一个成立教育实践中心的学校创新教育开展得很早在国内也拥有很好的声誉我们首先做到了把课外科技创新实践活动纳入到课内教学主渠道这一教学模式的创新但是相比国外的很多高校我们仍存在很大的差距冯林说起了他在美国交流访问时看到的情况他在美国交流时到访了多所世界一流大学在这些学校的见闻给予了他很大的触动首先在教学方式上外国教师做得比较多的是培养学生兴趣而不是传授知识让学生的角色从被动接受知识转为主动寻求知识学生研究与实验的问题也比国内深得多这也是在教师鼓励下的结果因此他们学生的研究成果有些甚至到达了国际先进水平他说反观我们国内高校虽然教学理念比较靠近世界一流大学但在教学模式和教学条件比如教学环境教学设施与师资力量等方面都有一定差距这导致了学生在思维与动手能力方面的局限性学生的主动性与海外高校相比也会小很多看问题的深度也就相对不够了有差距正是继续努力的空间而在展望未来创新创业前景时冯林也充满信心我们在不停地探究教学模式创新努力为学生提供更好的学习与实验的环境以赶追国外一流大学更重要的是形成自己的人才培养体系虽然在创新的道路上我们起步时间不占优但是我们追赶的脚步在愈来愈快严谨不放松的态度推动着我们向目标越走越近他说韩琨张平媛中国科学报版本文链接责任编辑马坤复制网址打印分享到每日推荐东北新闻网第十一届工业爆炸与安全防护国际学我校马克思主义学院思政课教学改革工作受媒体广泛中国教育报将信仰写在思政课堂上记大连理工深入学习领会中央省委市委精神要求确保学习教育学校召开党委全委会校长郭东明到基层党支部讲党课中国科学报好故事救活思政课天健网大连理工大学讲好故事激活思政课央广网第十一届工业爆炸与安全防护国际学术会两学一做坚定理想信念传承红色基因推荐视频钱令希诞辰百年纪录片发布预告年月日大工新闻学校隆重举行庆祝中国共产党成立周年大会为梦连理大连理工大学招生宣传片焦点图片毕业季校园里那抹亮色美女毕业生遇见特色学位服毕业季大学四年最遗憾的那些事毕业季最大工难忘凌工路号那件事大工建筑篇一你不得不知道的那些楼排行榜点击全国人工环境相关学科博士生导师研讨会在我校美国密歇根大学副校长胡仕新教授应邀作专题报我校再获辽宁省大学生电子设计竞赛最高奖第十一届工业爆炸与安全防护国际学术会议在大校长郭东明到基层党支部讲党课第三届全国颗粒材料计算力学会议在大连理工大实践在路上访江浙沪企业悟学思礼心得实践在路上深入企业了解发展前沿全面促我校在人类乳腺癌治疗策略的研究中取得新进展学校召开党委全委会第一页内容缓存全文内容缓存根据设置字体大小并初始化按钮请选择投票选项最多允许选项单页阅读分页阅读单页阅读分页阅读控制内容区域的的图片大小并为过大的图片添加查看原图复制网址复制链接成功被浏览器拒绝请在浏览器地址栏输入并回车然后将设置为复制链接成功改变字号小本文地址电话版权所有大连理工大学新闻中心
-1
