http://news.dlut.edu.cn/article/yaowen/1.shtml
85
33
234
177
341
195
145
242
268
143
56
127
101
67
134
160
145
242
268
143
56
127
101
67
134
160
138
81
71
19
234
73
329
139
167
282
255
241
325
209
271
298
367
22
260
29
200
65
252
276
251
324
54
95
213
122
78
324
274
162
220
73
329
139
315
63
225
308
165
165
240
240
352
352
267
267
277
167
139
208
109
308
329
191
376
97
学校要闻大工新闻网每日推荐字体大小设置清除背景颜色效果边框清除栏目内容文字居左设置调整宽度是注意对应左边栏文字居左设置导航目录颜色调整设置宣传部站群海燕网星海夜话手机版新闻线索预约采访会员投稿留言板学校要闻综合新闻菁菁校园新闻聚焦校园视点信息预告媒体大工领导论坛大工人物校友之声学术动态大工往事部院风采合作交流专题新闻校园视点信息预告媒体大工领导论坛大工人物校友之声学术动态大工往事部院风采合作交流专题新闻精彩瞬间光影四季人文艺术校史钩沉第一时间大工新闻在你身边专题报道校园文艺校园拍客今日大工大工讲坛关于团队校史故事品学校园文艺校园拍客今日大工大工讲坛关于团队校史故事品学十七点播报广播台新闻节目综艺节目外文节目专题节目广播剧下载首页新闻学校要闻深入学习领会中央省委市委精神要求确保学习教育扎实开展取得实效年月日学校召开党委全委会年月日校长郭东明到基层党支部讲党课年月日美国密歇根大学副校长胡仕新教授应邀作专题报告年月日郭东明校长会见大连公交集团董事长孙明一行年月日大工与中船工业集团签署全面合作协议年月日郭东明校长会见剑桥大学副校长年月日年全国十六所工科重点大学科技工作研讨会召开年月日钱令希院士百年诞辰学术思想座谈会召开年月日校党委书记王寒松会见解放军驻瓦房店某部韩向春大校年月日校党委书记王寒松在第三十五次学代会开幕式上的讲话年月日大连理工大学召开第三十五次学生代表大会年月日贯彻落实全面从严治党要求强化政治纪律和政治规矩年月日郭东明校长会见长兴岛经济区党工委书记杨广志年月日机械工程学院新教学楼开工建设年月日钱令希院士诞辰百年宝贵的精神财富永恒的前行动力年月日年青少年高校科学营大连理工大学分营开营年月日为母校成就自豪助母校实现腾飞年月日切实做好本科招生录取工作为学校选拔优质生源年月日落实十三五发展规划推动学校发展实现新跨越年月日上一页下一页每日推荐东北新闻网第十一届工业爆炸与安全防护国际学我校马克思主义学院思政课教学改革工作受媒体广泛中国教育报将信仰写在思政课堂上记大连理工深入学习领会中央省委市委精神要求确保学习教育学校召开党委全委会校长郭东明到基层党支部讲党课中国科学报好故事救活思政课天健网大连理工大学讲好故事激活思政课央广网第十一届工业爆炸与安全防护国际学术会第三届全国颗粒材料计算力学会议在大连理工大学召推荐视频钱令希诞辰百年纪录片发布预告年月日大工新闻学校隆重举行庆祝中国共产党成立周年大会为梦连理大连理工大学招生宣传片焦点图片毕业季校园里那抹亮色美女毕业生遇见特色学位服毕业季大学四年最遗憾的那些事毕业季最大工难忘凌工路号那件事大工建筑篇一你不得不知道的那些楼排行榜点击全国人工环境相关学科博士生导师研讨会在我校美国密歇根大学副校长胡仕新教授应邀作专题报校长郭东明到基层党支部讲党课第十一届工业爆炸与安全防护国际学术会议在大我校再获辽宁省大学生电子设计竞赛最高奖第三届全国颗粒材料计算力学会议在大连理工大学校召开党委全委会我校在人类乳腺癌治疗策略的研究中取得新进展实践在路上访江浙沪企业悟学思礼心得实践在路上深入企业了解发展前沿全面促电话版权所有大连理工大学新闻中心
-1
