http://news.dlut.edu.cn/article/hzjl/0613/67163.shtml
11
134
75
312
165
165
240
240
352
352
267
267
大连市人社局人才服务中心和君集团与学校签订合作协议合作交流大工新闻网首页新闻图片视频报纸广播首页新闻合作交流正文大连市人社局人才服务中心和君集团与学校签订合作协议作者研究生工作处来源研究生院时间点击月日上午大连市人社局人才服务中心和君集团与研究生院签订合作协议人社局人才服务中心主任王强副主任林乐忠大连市创业公共实训孵化中心副主任孙忠和君集团副总裁周彦平高级合伙人里明研究生院副院长兼研究生工作处处长王志伟出席签约仪式签约仪式由研究生工作处副处长郭永欣主持和君集团副总裁和君商学总经理兼商学院副院长周彦平在致辞中表示和君商学年建校以来已成功举办九届其主旨是为青年人提供职业生涯指导管理才能训练职业境界修炼的平台和君集团与大连理工大学的合作将形成校园大学与社会大学互动形态人社局人才服务中心主任王强表示人才服务中心一直致力于人才的培养与输出服务正在积极策划雏鹰计划启动针对校园人才的培育和挖掘工作人才服务中心将基于大连理工大学与和君集团所具备的平台资源和专业能力给予人才政策指导和人才公共服务支持为实现经济发展社会建设贡献力量研究生院副院长兼研究生工作处处长王志伟向来宾介绍了大连理工大学一校两地三校区的综合概况研究生培养与工程实践社会实践结合的情况并期待大连理工大学大连市人才服务中心和君集团三方合作形成共赢为地方经济产业发展和人才成长助力护航协议签约后大连市人社局人才服务中心和君集团的领导和嘉宾参观了创新创业学院听取了我校创新创业教育开展情况的介绍对我校取得的成绩给予充分肯定认为我校人才培养科学研究与创新创业教育紧密结合为国家培养了更多高端创新型人才今后三方将围绕商学咨询资本和服务创新创业能力培养奖学金的设立人才培养以及公益性政策辅导开展更深入的合作责任编辑张平媛复制网址打印每日推荐大连市人社局人才服务中心和君集团与学校签订合校友齐聚返校日共叙情谊游大工第四届建筑结构基础理论与创新实践论坛在大连召开校长郭东明参加所在党支部两学一做学习教育专新商报武春友他把绿色理念带进国家战略新商报十大环保人物大连日报寻大工校友母校送你温暖端午假期中国高校之窗大连理工大学党委书记王寒松参加主动出击档案馆征集百余件史料丰富创校档案半岛晨报东大大工今日举行自主招生测试推荐视频钱令希诞辰百年纪录片发布预告年月日大工新闻学校隆重举行庆祝中国共产党成立周年大会为梦连理大连理工大学招生宣传片焦点图片毕业季校园里那抹亮色美女毕业生遇见特色学位服毕业季大学四年最遗憾的那些事毕业季最大工难忘凌工路号那件事大工建筑篇一你不得不知道的那些楼排行榜点击返校日感动集体婚礼共赴连理之约大连理工大学研究生当选辽宁省学生联合会驻会返校日感怀重走大工路用脚步丈量母校大连理工大学年自主招生考试顺利举行让青春在火热军营中绽放光彩教育部专项检查组来校检查基本建设规范化管理电信学部本科生研究论文被国际权威杂志录用校党委书记王寒松参加所在党支部两学一做大连理工大学名师生获得奖励名古屋大学松尾清一校长率团来访第一页内容缓存全文内容缓存根据设置字体大小并初始化按钮请选择投票选项最多允许选项单页阅读分页阅读单页阅读分页阅读控制内容区域的的图片大小并为过大的图片添加查看原图复制网址复制链接成功被浏览器拒绝请在浏览器地址栏输入并回车然后将设置为复制链接成功改变字号小本文地址电话版权所有大连理工大学新闻中心
-1
