http://news.dlut.edu.cn/article/2015/0918/63044.shtml
13
195
236
236
327
165
165
240
240
352
352
267
267
55
为服务大众而创为与时俱进而新新闻聚焦大工新闻网首页新闻图片视频报纸广播首页新闻新闻聚焦正文为服务大众而创为与时俱进而新我校参加辽宁省首届互联网创新创业大赛参赛项目素描作者陈梦阳胡天昊王一迪来源宣传部新闻中心时间点击月日至日中软国际杯辽宁省首届互联网大学生创新创业大赛在我校举行大赛将移动互联网云计算大数据物联网等新一代信息技术与行业产业紧密结合给了有想法的青年们以展示发声的平台在我校参赛的个项目当中智能无线相机控制器腕带式手势识别系统面向个性化设计的股骨头假体建模与骨折虚拟钢板预弯三个项目获得金奖成为本届大赛获得金奖最多的学校参赛者挑战自我服务社会与时代脚步并肩前行用大胆与智慧的火花碰撞出一个又一个有价值的创新创业项目大工学生勇敢走在创新创业的前列股骨头假体建模量身打造的骨科手术蔡真真现为茵迪维德创业团队负责人带领团队荣获互联网大学生创新创业大赛金奖她所在团队的项目是面向个性化设计的股骨头假体建模与骨折钢板预弯如今健康越来越受到人们的重视而股骨头坏死骨折等骨科疾病成为困扰人们健康的一大难题全国每年就有大约万例股骨头置换手术和大约万骨折拼接手术蔡真真说医学骨科手术方面存在着许多弊端在股骨头置换手术中现在医院采用的股骨头假体无论是进口还是国产都是通用的型号可能造成股骨头假体与患者骨骼的不精准匹配容易导致股骨头松动术后并发症甚至是假体失效对于骨折拼接手术现在普遍的治疗方法是医生先切开断骨部位的肌肉然后根据骨骼的形态手工制作钢板但是精确度较差而且手术出血多对假体和钢板的个性化定制成为了很多患者的心声蔡真真的团队通过计算机技术采用个性化定制的理念为患者提供更可靠的骨科手术技术服务科创团队一方面利用股骨头假体模型数据不仅提高了手术成功率减少了术后并发症还大大降低了术后的维护费用另一方面利用钢板模型数据茵迪维德利用计算机技术分析患者断骨的图像可以模拟出精确贴合的钢板模型可以做到不切开肌肉就可以事先弯折钢板降低了出血量用计算机模拟的钢板同手工制作的钢板相比提高了精确度和传统产品相比茵迪维德将提供更可靠的适配度更高的治疗效果更好的个性化定制假体和精确的术前模拟蔡真真骄傲得说目前国内没有企业从事这项服务在国内我们是独一无二的科创过程的艰辛是不可言说但最终的成果是让团队所有成员感到幸福如今团队申请获批国家自然基金项目已经申请了项专利有项软件著作权和多篇论文支持并且已经获得了央广网科学网等十几家媒体的报道给你不一样的相机体验你还在为找不着相机的读卡器而烦恼吗你还在为相机无法直接连接到互联网而忧心吗现在有了这些问题都迎刃而解这是孙灵俊参加比赛的项目是一款能够让移动设备手机和平板电脑无线连接并控制相机实现参数调节实时预览摄影摄像控制和照片回传分享等功能的智能硬件产品在拍照是刚需摄影无处不在的年代它不仅让原本孤立的相机连接到互联网极大地满足极致摄影迅速分享的体验要求还能提供各种强大的高级摄影功能满足从摄影小白到专业摄影师的各种需求这款相机在互联网创新创业大赛中斩获金奖一件成功的产品从开发到完成离不开一个优秀的团队背后的团队叫做大连新谦益科技有限公司核心成员为三个年轻人公司的创始人兼孙灵俊介绍说这是一家致力于智能摄影技术研发和推广的高科技公司主要涉足智能摄影硬件和移动互联网技术已完成的产品是全球首款具有完全自主知识产权的智能无线相机控制器系列产品在器材更新换代速度可以称作令人目不暇接的时代仍可以凭借它独特的优点在众多相机里脱颖而出它是摄影爱好者手中的灵便工具无论身边的环境是悬崖峭壁火山岩浆还是猛禽野兽你都能用完成拍摄无需触碰相机即可完成全部参数调节和实时取景它是分享控的最爱不管走到哪里只要手中有和手机就可以轻松将相机中的照片上传网络它令你告别读卡器告别电脑告别拷贝相片的繁琐它是自拍爱好者的福音拥有单反级别的高质量自拍旅途当中无需劳烦他人也无需担心别人的摄影技术不如意一切自己搞定它也能让菜鸟轻松玩转单反拥有的自动控制功能让你即使不懂摄影依然可以拍出高清美图一款好的相机对应着一片光明的盈利模式高清的无线图传和相机控制让能够在摄影领域引领潮流解决诸多行业内存在的问题而这正是主要的盈利模式所在的领域没有行业巨头竞争对手也是刚起步再加之优秀的产品功能不远的将来定能铸就不一样的辉煌为服务大众而创为与时俱进而新创新创业的根基稳扎于大众需求才能吸取足够的养分获得足够的发展空间从而得以茁壮成长我校创业者们不仅拥有投身创业的智慧与勇气更有合作精神与济世情怀在如今良好的创业风向与社会各界的鼓励支持下我们期待创业者辛勤培育的种子们有朝一日能开满引领创新创业未来的灿烂之花责任编辑龙海波相关阅读复制网址打印每日推荐新闻聚焦为服务大众而创为与时俱进而新为服务大众而创为与时俱进而新新商报天家访位新疆学生半岛晨报大学新生第一课听听校长怎么说大连晚报天寒假家访位新疆学生第九届道路与机场铺面技术国际会议在大连闭幕深圳市政院陈宜言董事长为师生解读情商中兴通讯执行副总裁曾学忠来访大工走好研途第一步聆听师者教诲开启筑梦旅程郭东明校长在年开学典礼上的讲话推荐视频钱令希诞辰百年纪录片发布预告年月日大工新闻学校隆重举行庆祝中国共产党成立周年大会为梦连理大连理工大学招生宣传片焦点图片毕业季校园里那抹亮色美女毕业生遇见特色学位服毕业季大学四年最遗憾的那些事毕业季最大工难忘凌工路号那件事大工建筑篇一你不得不知道的那些楼排行榜点击在现场级迎新晚会精彩瞬间中国科学院名院士云集大工为学校发展献计学校隆重举行级新生开学典礼军训动员大会吹响集结号级新生整装待发辽宁省首届互联网大学生创新创业大赛开迎新晚会你让我对大工的爱一发不可收尹卓少将为级新生解读我国周边安全形势大工年推免工作正式启动研招进行时教育部发布年研究生招生考夏季达沃斯论坛青年科学家来校考察第一页内容缓存全文内容缓存根据设置字体大小并初始化按钮请选择投票选项最多允许选项单页阅读分页阅读单页阅读分页阅读控制内容区域的的图片大小并为过大的图片添加查看原图复制网址复制链接成功被浏览器拒绝请在浏览器地址栏输入并回车然后将设置为复制链接成功改变字号小本文地址电话版权所有大连理工大学新闻中心
-1
