http://news.dlut.edu.cn/article/2016/0812/68530.shtml
26
177
139
315
63
191
357
208
167
165
165
240
240
352
352
267
267
282
277
167
109
376
97
208
111
117
297
基于合金薄膜电极的高效电化学催化产氢取得新进展综合新闻大工新闻网首页新闻图片视频报纸广播首页新闻综合新闻正文基于合金薄膜电极的高效电化学催化产氢取得新进展作者精细化工国家重点实验室来源化工与环境生命学部时间点击为了满足人类社会对能源需求的快速增长解决二氧化碳过度排放问题必须逐渐改变现有的能源结构开发能够替代化石能源的清洁的可再生能源体系自然界中的可再生能源如太阳能风能等在时间和空间上分布不均必须开发新技术来解决这些可再生能源的储存和利用问题利用太阳能风能等可再生能源所产生的电能实现电解水制备氢气将电能转化为化学能是发展新能源体系的有效策略之一铂是在酸性水溶液中催化活性最高的电化学产氢催化剂但铂是贵金属天然储量低价格昂贵大规模商业化的电解水产氢装置需要用非贵金属催化剂来替代铂催化剂因此研发高效稳定低过电势的非贵金属催化剂是实现低成本电解水制氢的关键科学问题之一同时高效的电化学催化剂还可以与半导体材料结合构建光敏电极用于光解水产氢最近精细化工国家重点实验室孙立成教授团队的王梅教授在前期对于高效稳定的铜纳米柱电化学产氢催化剂研究工作的基础上利用化学镀方法研制了合金薄膜电极发现改变合金中硼原子的含量可调变合金颗粒的直径从而改变电极的电化学活性面积同时随着硼原子含量的增加合金颗粒表面逐渐由非晶态向部分晶态化转变薄膜电极在酸性中性和碱性水溶液中都具有高的催化产氢活性且催化活性随合金中的硼原子含量的增加而提高原子比为的薄膜电极在酸性水溶液中的电催化产氢活性略低于铂片而在中性及碱性水溶液中的电催化产氢活性明显高于铂片薄膜电极在中性和碱性水溶液中稳定性好产氢法拉第效率接近于相关研究结果发表在责任编辑张平媛复制网址打印每日推荐两学一做坚定理想信念传承红色基因第三届全国颗粒材料计算力学会议在大连理工大学召校长郭东明到基层党支部讲党课中国科学报好故事救活思政课天健网大连理工大学讲好故事激活思政课我校在人类乳腺癌治疗策略的研究中取得新进展基于合金薄膜电极的高效电化学催化产氢取得实践在路上印象辽宁梦想中国心系辽东绿韵连第十一届工业爆炸与安全防护国际学术会议在大连召美国密歇根大学副校长胡仕新教授应邀作专题报告推荐视频钱令希诞辰百年纪录片发布预告年月日大工新闻学校隆重举行庆祝中国共产党成立周年大会为梦连理大连理工大学招生宣传片焦点图片毕业季校园里那抹亮色美女毕业生遇见特色学位服毕业季大学四年最遗憾的那些事毕业季最大工难忘凌工路号那件事大工建筑篇一你不得不知道的那些楼排行榜点击郭东明校长会见大连公交集团董事长孙明一行全国人工环境相关学科博士生导师研讨会在我校美国密歇根大学副校长胡仕新教授应邀作专题报我校再获辽宁省大学生电子设计竞赛最高奖实践在路上访江浙沪企业悟学思礼心得实践在路上深入企业了解发展前沿全面促第十一届工业爆炸与安全防护国际学术会议在大我校在耐酸沸石膜微观结构的设计与调控研究取实践在路上躬身企业行笃志中国梦关于进一步完善中央财政科研项目资金管理等第一页内容缓存全文内容缓存根据设置字体大小并初始化按钮请选择投票选项最多允许选项单页阅读分页阅读单页阅读分页阅读控制内容区域的的图片大小并为过大的图片添加查看原图复制网址复制链接成功被浏览器拒绝请在浏览器地址栏输入并回车然后将设置为复制链接成功改变字号小本文地址电话版权所有大连理工大学新闻中心
-1
