http://news.dlut.edu.cn/article/2016/0427/66135.shtml
9
177
165
165
240
240
352
352
267
267
大工人物校友篇李琳创新务实的科研路综合新闻大工新闻网首页新闻图片视频报纸广播首页新闻综合新闻正文大工人物校友篇李琳创新务实的科研路来源校友工作处时间点击编者按为表彰校友业绩弘扬大工精神增强校友凝聚力激励校友为国家经济社会发展为母校建设发展做出持续更大的贡献学校连续三年启动校友年度人物推选工作近日经多方推荐专家评审人团队荣获校友年度人物荣誉称号即日起新闻网将陆续推出他们的事迹专访期待通过他们奋进的思想突出的事迹引领优秀的大工人不断向前校友档案李琳英国曼彻斯特大学激光加工研究中心主任工程与物理学部副部长美国激光学会主席前国际光子与激光工程学会主席年年级就读于我校自动控制专业曼彻斯特大学激光加工中心的创始人该加工中心现已发展成为英国大学中最大的激光加工研究中心之一在英国以及世界享有很高的声誉已经发表余篇论文获得有关激光先进制造专利项年被授予皇家工程院颁发的弗兰克维特爵士勋章英国工程最高成就奖之一年月日当选为英国皇家工程院院士年获得英国皇家协会沃尔夫森优秀科研奖曼切斯特大学年度人物最佳科研者勋章所在团队于年发明超分辨率白光微球虚像纳米显微镜实现纳米白光分辨率打破显微镜理论衍射分辨率极限纳米该工作发表在期刊上被全球媒体报道随后该技术应用于直接观测无荧光标记生物病毒实现对生物病毒的无干扰实时观测于年发表在子刊上在最近的研究中实现纳米非荧光超高分辨直接光学成像年在发表隔了小时时差一整个亚欧板块李琳师兄的声音从话筒里传来温厚谦和带着明显的东北乡音听他讲在大工的青葱岁月初到英国的窘迫创建研究中心的不易和这些年对科研的追求经年往事裹着乡音的外衣呼啸而至让这一切听起来似乎就在眼前并不遥远目光高远母校的礼物年月中国教育部决定恢复已经停止了年的全国高等院校招生考试以统一考试择优录取的方式选拔人才上大学冬天全国万考生重新走入高考考场最终有万人被录取高中毕业下乡刚半年的李琳顺利通过高考重返校园来到了当时的大连工学院我们是电子工程系班多年之后重提大学李琳仍是记忆犹新作为恢复高考后第一届大学生李琳的同学年龄分布很广从十七八岁到三十一二岁不等岁的李琳在这个集体里显然属于年龄偏小的年长的同学因为生活经历社会阅历丰富在为人处世方面要比我们成熟得多对我们也处处照顾不只是同学他们更像哥哥姐姐在他看来这种年龄跨度大的班级更有家的感觉让他在学习之外的做人做事上收获颇多谈及大学时光如今也为人师的李琳直言大工的老师们给予了他很多榜样的力量曲恩涛老师的授课方法王众托教授的眼界这是我至今都谨记在心始终遵循的曲恩涛老师的电路课是李琳最喜欢的课程之一因为他从不照本宣科地反复解释概念而是将一个个理论融入具体例子让学生在应用中理解理论在实践中掌握知识这让枯燥的理论变得有趣我现在上课也采用这个方法很受学生欢迎王老师对我最大的影响是教会我目光高远在李琳的记忆里王众托老师讲课系统工程做课题从不拘泥于现状他最习惯的思维方式是从五年之后十年之后国家对技术和人才的需求出发来决定当下的选择这样立足国家放眼未来的眼界潜移默化地影响着李琳在他此后的每个人生重大决定中几乎都有迹可循务实从理论走向实际年本科毕业后李琳被分配到沈阳工业学院任教年月李琳考取了大连海运学院的出国研究生继续深造本科毕业做大学老师只在当时当下可行往后想五年十年这个学历在大学根本就待不下去这是李琳考研的初衷据李琳介绍当时的出国研究生大致相当于现在的硕博连读硕士在国内读博士在国外读李琳用了一年半读完了国内的硕士课程甚至还完成了毕业设计因为博士入学在即当时没有完成硕士论文写作年月李琳来到英国伦敦帝国理工大学电子工程系攻读博士学位初到英国的李琳因为生活上的窘迫和文化上的差异着实度过了一段艰难的适应期当时的公费研究生由中英联合培养英国政府出学费中国政府出生活费每月生活费英镑约合人民币元每个月住宿费就要花掉英镑剩下的英镑必须省吃俭用李琳介绍同时期的英国大学生每月平均生活费约在英镑左右除去生活上的窘迫中英两国在文化社会行为甚至生活习惯上的差异也让李琳颇为头疼刚去的时候我甚至跟导师辩论到底是社会主义好还是资本主义好我们各执己见谁也没办法说服对方时过境迁李琳笑着谈起这段往事感慨道离开原生环境到一个全然陌生的环境重新开始这对适应能力是一个极大的挑战李琳坦言他的适应期长达六七年之久在这漫长适应期里所幸李琳的科研之路还算顺利李琳初到英国时的专业是控制理论研究他仅用了个月就完成了博士课题的核心部分通过计算机模拟及理论推导理清了控制理论中的输出变量反馈控制理论并提出了新的定理此时的李琳做了一个被他称为一生转折点的决定从控制理论专业转入材料系及机械系师从激光加工科学创始人高级讲师及后来的医疗机器人开创人之一何贝特讲师开始研究激光溶敷的智能控制激光加工研究在当时的中国还没有开始国内尚没有大功率工业激光器既然出国就应该学一些在国内学不到的东西一想到激光加工会在未来的工业先进制造中发挥巨大作用我就对它充满了激情和期待李琳在新专业一学就是九年每天泡在实验室硬是从半路出家做成了导师的得意门生年老师被利物浦大学聘为教授尚未博士毕业的李琳被聘为助理研究员随其一同前往利物浦协助他创建新的激光加工实验室并在该实验室工作了年在那儿我接触到了各种研究课题包括高速激光焊接过程在线检测激光在核工业的应用等等这为我后来组建自己的实验室做了重要积累创新做别人认为不可能的事情年李琳被曼彻斯特科技大学年该校与维多利亚曼彻斯特大学合并为曼彻斯特大学聘为讲师与此同时他开始组建自己的实验室曼彻斯特大学激光加工研究中心年研究中心正式成立现已成为英国大学中最大的激光加工研究中心之一在英国以及世界享有很高声誉回忆起研究中心的创立李琳说最大的挑战是资金学校只提供实验室实验室里的设备和科研项目都要自己解决李琳来到曼彻斯特科技大学几个月后申请到了第一笔资金对方是英国国家核原料公司研究核设施污染处理技术这笔资金约有万英镑相对于创建一个研究中心所需的上千万英镑实在是微乎其微但这是一个很鼓舞人的开始我用这笔钱买了一台激光器有了设备就可以做实验了李琳在研究中心创立之初就确定了一条最重要的原则创新他提出要做别人认为不可能的事情李琳坦言这并不容易这意味着你必须知道别人在做什么要了解整个行业在全球的发展才有创新的可能年李琳带领其团队在陶瓷加工领域将激光喷涂技术和火焰喷涂技术创新性地结合在一起形成了一项新的工艺弥补了此前两项技术的缺陷提升了陶瓷加工领域的技术水平这只是他在创新路上的一件小事我们所有的项目都着眼创新李琳说同年李琳从讲师被破格提升至教授在英国大学教师分为讲师高级讲师副教授和教授四级教授的评选标准就是在本领域中做到世界领先李琳介绍随后李琳的激光加工研究中心正式成立此后在李琳的领导下激光加工研究中心围绕着创新和务实做了大量研究他们为航空发动机制造行业提供了全新的激光清洗技术有效降低了废品率被世界著名航空发动机制造公司采用在汽车发动机制造行业通过改进汽车喷油嘴制造工艺将柴油发动机油效提升同时实现减排被大多数国际知名汽车公司采用其研发的激光防伪技术也被多个国家应用在钞票防伪中我希望能在有生之年通过科研对社会做出一些实际的推动而不是单纯做理论研究这也是李琳读博期间决定转专业的一个重要原因科研人应该顶天立地顶天就是在科学上有最大的发现立地就是你的科研成果能转化成技术在某种程度上推动社会发展年李琳团队打破光学理论衍射极限纳米实现纳米超分辨率新型微球透镜显微镜这一创举被全球媒体争相报道也被英国国家基金委列为对未来最有影响的新理念之一年李琳凭借其在激光工程领域的创新与成就被皇家工程院授予弗兰克维特爵士勋章英国工程最高成就奖之一该勋章每年只有一枚互联网发明者核磁共振发明者都曾是该奖章的获得者同年月李琳当选为英国皇家工程院院士年获得英国皇家协会沃尔夫森优秀科研奖一路走来李琳认为科研的秘诀不外乎两点始终坚持创新和永远承受失败我在科研中经历的失败远远多于成功如果不能接受失败那就永远没机会成功在李琳豁达的人生观里失败是通往成功的必经之路只要坚持创新不管经历多少失败最后总会迎来成功责任编辑张平媛复制网址打印每日推荐大工人物校友篇李琳创新务实的科研路第四届研究生党章党史知识竞赛落幕世界读书日中国职业旅行第一人与师生阅享青春大连市老教授协会第六届会员代表大会在我校召开建工学部名学生接受入党积极分子培训和谐心态促学术思维健康心理展研途风采知名专家齐聚大工献策力学学科规划大连火狐动漫创始人戴维博士做客软件校区分享创业学而思杯电信学部第五届校园最强音绽放山礼央广网蹇锡高科研要为国家建设服务推荐视频钱令希诞辰百年纪录片发布预告年月日大工新闻学校隆重举行庆祝中国共产党成立周年大会为梦连理大连理工大学招生宣传片焦点图片毕业季校园里那抹亮色美女毕业生遇见特色学位服毕业季大学四年最遗憾的那些事毕业季最大工难忘凌工路号那件事大工建筑篇一你不得不知道的那些楼排行榜点击在你身边模联十年打开通往世界一扇新窗大工两项专利获得日内瓦国际发明展览会金奖陆安慧教授当选长江学者特聘教授大工与大连化物所举行张大煜学院揭牌仪式校园文化节缤纷文化演出季精彩来袭第七届校园文化节将于月日盛装启幕学校举行年纽约模拟联合国大会总结会工业装备结构分析国家重点实验室召开学术委员大工人物蹇锡高科研要为国家建设服务盘锦校区学子在国际大学生数学建模竞赛中斩获第一页内容缓存全文内容缓存根据设置字体大小并初始化按钮请选择投票选项最多允许选项单页阅读分页阅读单页阅读分页阅读控制内容区域的的图片大小并为过大的图片添加查看原图复制网址复制链接成功被浏览器拒绝请在浏览器地址栏输入并回车然后将设置为复制链接成功改变字号小本文地址电话版权所有大连理工大学新闻中心
-1
