http://news.dlut.edu.cn/article/2016/0721/68343.shtml
29
149
158
158
24
167
167
162
162
31
22
164
大连理工大学召开第三十五次学生代表大会学校要闻大工新闻网首页新闻图片视频报纸广播首页新闻学校要闻正文大连理工大学召开第三十五次学生代表大会认真学习贯彻习近平总书记系列重要讲话精神自觉传承大工红色基因切实肩负起时代赋予青年人的神圣使命作者龙海波实习生冯资潭来源宣传部新闻中心时间点击月日下午大连理工大学第三十五次学生代表大会以下简称学代会在伯川图书馆报告厅召开会议全面总结了第三十四次学代会以来学生会各项工作明确了学生会未来工作方向选举产生新一届学生会校党委书记王寒松出席会议向全校青年学生发出号召要认真学习贯彻习近平总书记系列重要讲话精神自觉传承大工红色基因切实肩负起时代赋予的神圣使命在建设特色鲜明的世界一流大学实践中成长成才为实现中华民族伟大复兴的中国梦不懈奋斗大连团市委书记张延松出席会议并致辞校领导李成恩宋丹宁桂玲宋永臣朱泓大连团市委副书记孙晓峰学校相关职能部处负责人各学部学院学生工作负责人团委书记及学代会全体代表参加了会议王寒松书记代表学校党委向大会的召开和即将选举产生的新一届学生会表示热烈祝贺向全体与会代表并通过他们向广大青年学生致以亲切问候王寒松书记表示上次学代会以来学校各级学生会组织在校党委和市学联的领导下在校团委的具体指导下在促进学校改革发展服务学生成长中发挥了重要作用代表学校党委对各级学生会和广大学生干部给予充分肯定王寒松书记表示党的事业离不开青年的奋斗青年的成长更离不开党的引导中国共产党从诞生之日起就同广大青年紧密联系建党年来我们党取得的所有成就都凝聚着青年的热情和奉献我们党始终高度重视青年关怀青年信任青年作为我们党在新中国成立前夕亲手创办的第一所新型正规大学大工与新中国在崇高理想科学精神和价值理念上具有深度融合与共鸣表现为担当兴校强国使命的历史自觉坚定不移跟党走的政治自觉为国为民的行动自觉传承民族精神血脉的文化自觉这是大工特有的红色基因也是一代代大工人砥砺前行的精神根基大工的历史和未来由广大青年学生参与创造大工的价值与地位更是由广大青年学生对社会的贡献参与提升青年学生是大工今天的主体更是大工未来的希望长期以来学校党委和各级党组织高度重视学生工作始终把立德树人作为根本任务特别是党的十八大以来学校党委以习近平总书记系列重要讲话精神为指导贯彻落实党的群团工作会议精神加强对学生会工作的领导实施大学生思想引领工程教育和帮助广大青年学生树立理想锤炼品格求索新知提升能力全面发展王寒松书记代表学校党委向全校青年学生发出号召要认真学习贯彻习近平总书记系列重要讲话精神自觉传承大工红色基因切实肩负起时代赋予的神圣使命在建设特色鲜明的世界一流大学实践中成长成才为实现中华民族伟大复兴的中国梦不懈奋斗王寒松书记强调传承红色基因就要志存高远在坚定不移跟党走的政治自觉中找准人生航向青年要对理想和未来有所思考年来一代代大工人志存高远坚定不移跟党走为国家和民族的事业作出了巨大贡献这就是大工红色基因的生动体现当前我们党正领导全国人民进行具有许多新的历史特点的伟大斗争实现中华民族伟大复兴的中国梦需要一代又一代有志青年坚定不移跟党走在为中国梦的不懈奋进中找准人生航向这是对中国青年运动时代主题的深刻把握也是对大工红色基因的传承与发扬广大青年学生一定要深刻铭记绝不动摇王寒松书记表示传承红色基因就要担当使命在兴校强国的历史自觉中贡献青春力量青年学生所具有的高度政治觉悟体现为一种生逢其时责任重大时不我待的历史使命感从亲手建设主楼到毕业决心书毕业申请书大工学子用行动诠释着担当兴校强国使命的红色基因广大青年学生一定要继续传承这种红色基因紧跟时代肩负使命锐意进取把自身的前途命运同国家和民族的前途命运紧紧联系在一起在兴校强国中贡献青春力量王寒松书记强调传承红色基因就要善于积累在传承民族精神血脉的文化自觉中成长进步梦想从学习开始事业靠本领成就青年学生要不断提高自身素质和能力要坚持牢牢把握坚决贯彻中央要求不断加强政治学习要坚持牢牢把握紧密结合事业发展实际刻苦学习专业知识增强解决实际问题的能力要坚持马克思主义的指导地位自觉成为优秀文化传统的传承者社会主义核心价值观的践行者建校年来大工凝练形成的传统和精神是大工自觉传承民族精神文脉的红色基因是大工不断前行的精神动力广大青年学生要传承这种红色基因长期坚持对知识的渴望坚持对先进文化的追求不断地学习积累精进真正让自己的素质和能力能够跟上时代适应时代领先时代王寒松书记指出传承红色基因就要刻苦锻炼在为国为民的行动自觉中淬炼品格建校年来一代代大工人坚持在办学实践中不断探索教育事业的内在规律为党的教育事业积累了宝贵的理论与实践经验一代代大工人坚持教学科研与经济社会需求相结合在为国为民的实践中培养了一大批治国栋梁学术大师和兴业英才产出了一大批直接转化为生产力的科研成果广大青年学生要传承这种红色基因把对知识的理性认识投入到改革开放和社会主义现代化建设的大熔炉中接受检验用勤劳的双手一流的业绩成就属于自己的人生精彩王寒松书记表示青年工作是党的事业的重要组成部分和重要基础各级学生会组织要自觉把自己置于党的领导之下引导广大青年学生听党话跟党走坚定正确的政治方向激发广大青年学生为实现中国梦接续奋斗的动能要加强自身建设围绕学校中心工作起好桥梁纽带作用团结带领广大青年学生为一流大学建设凝聚青春力量要以服务学生为根本代表广大学生的整体利益和长远利益切实增强在学生中的威信和感召力广大学生干部要强化作风建设要深入到学生中去做学生欢迎的带头人王寒松书记强调学校各级党组织各部门和共青团组织要贯彻落实中央党的群团工作会议精神围绕立德树人这一根本任务高度重视学生会工作各级党组织要切实加强和改进对学生会的领导增强党对青年的凝聚力和青年对党的向心力各部门要把促进学生成长成才作为一切工作的出发点和落脚点加强同学生会的联系主动关注学生需求及时回应学生关切认真倾听学生建议做好各项服务保障形成工作合力共青团组织要加强对学生会的指导积极探索新形势下加强学生会工作的新思路和新举措努力开创学生会工作新局面大连团市委书记张延松表示来自全国各地优秀的青年汇聚大工扎实开展团学工作为大连共青团工作学联工作走在全国前列打下了坚实的基础储备了足够的能量特别是在担任大连市学联主席单位期间大连理工大学学生会为全市学生会组织做出了表率代表团市委市学联向学校党政领导全体老师各级团干部学生干部青年学生表示衷心的感谢张延松指出大工的青年学生不仅是大连团市委大连市学联紧紧依靠的对象也是市委关心的重要群体一个有旺盛前途的国家一定拥有一大批勇于担当的社会精英中国共产党自年月成立以来就义无反顾地把中华民族伟大复兴的历史责任担当起来一代代优秀青年追寻中国共产党走在时代前列成就有价值的人生政治性强是大工人的特点之一大工青年学生要以实际行动将大工的优良传统发扬光大勇担时代赋予的责任和使命希望新一届大工学生会在学校党委的领导下在团委的指导下将学生工作做得更好希望大工学子坚定不移跟党走不忘初心继续前进创造自己国家和民族的光明未来会上校学生会主席徐宝路代表第三十四届学生会作主题为树立先进意识服务广大同学为把我校建设成为特色鲜明的世界一流大学贡献青春力量的工作报告会议审议通过了关于大连理工大学第三十四届学生委员会工作报告的决议大连理工大学第三十五届学生委员会委员选举办法等选举产生了学校第三十五届学生委员会表彰了学年优秀学生会及优秀学生会干部据了解自年月我校第三十四次学生代表大会召开以来第三十四届学生会在校党委市学联的正确领导下在校团委的悉心指导下以树立先进意识服务广大同学为宗旨坚持自我教育自我管理自我服务紧紧围绕学校党委的中心工作和市学联的安排部署结合我校学生会工作实际和学生特点有效把握学生理想信念教育这一根本点切实做好广大同学的思想引领工作有效把握学生综合素质培养这一基本点着力做好广大同学的成长服务工作有效把握学生会自身建设这一关键点全力提升学生会自身工作水平与能力各项工作取得长足进步未来两年校学生会工作的指导思想是在学校党委和上级学联的领导下在学校团委的指导下坚持深入学习贯彻习近平总书记系列重要讲话精神认真贯彻落实党的群团工作会议精神遵照中华全国学生联合会关于加强和改进高校学生会研究生会建设的指导意见紧密围绕学校党委的中心工作服务双一流建设的大局充分发挥自身的组织优势和引领作用自觉传承大工红色基因永葆学生会组织的政治本色先锋本色和服务本色团结带领全校同学在建设特色鲜明的世界一流大学的实践中在实现中华民族伟大复兴中国梦的征程中矢志奋斗链接校党委书记王寒松在大连理工大学第三十五次学代会开幕式上的讲话责任编辑姜雪相关阅读复制网址打印每日推荐校党委书记王寒松在第三十五次学代会开幕式上的讲大连理工大学召开第三十五次学生代表大会大连理工大学获中国高校计算机大赛团队一等奖大工教师获全国水利学科青年教师讲课竞赛特等奖卓越联盟高校聚首大工交流研讨通识教育石墨烯基功能材料的结构和性能调控研究取得新进展中国网大连理工等所在连高校录取分数线出炉大连日报所在连高校公布一本投档线大连晚报九所在连高校一本投档线出炉半岛晨报在连所高校录取分数线出炉推荐视频钱令希诞辰百年纪录片发布预告年月日大工新闻学校隆重举行庆祝中国共产党成立周年大会为梦连理大连理工大学招生宣传片焦点图片毕业季校园里那抹亮色美女毕业生遇见特色学位服毕业季大学四年最遗憾的那些事毕业季最大工难忘凌工路号那件事大工建筑篇一你不得不知道的那些楼排行榜点击机械工程学院新教学楼开工建设钱令希诞辰百年纪录片发布预告中国工程院院士陈政清受聘大连理工大学兼职教钱令希院士诞辰百年春风化雨润物无声钱令希院士诞辰百年宝贵的精神财富永恒群策群力抢抓机遇为大工吸引一流生源机械工程学院完成新一届党委换届及纪委成立选郭东明校长会见长兴岛经济区党工委书记杨广志我校多部影视作品在中国高校电视奖评选中斩获钱令希院士诞辰百年业精于勤奋功成于坚第一页内容缓存全文内容缓存根据设置字体大小并初始化按钮请选择投票选项最多允许选项单页阅读分页阅读单页阅读分页阅读控制内容区域的的图片大小并为过大的图片添加查看原图复制网址复制链接成功被浏览器拒绝请在浏览器地址栏输入并回车然后将设置为复制链接成功改变字号小本文地址电话版权所有大连理工大学新闻中心
