http://news.dlut.edu.cn/article/2016/0731/68516.shtml
17
234
241
325
178
309
165
165
240
240
352
352
267
267
82
371
209
271
郭东明校长会见剑桥大学副校长学校要闻大工新闻网首页新闻图片视频报纸广播首页新闻学校要闻正文郭东明校长会见剑桥大学副校长作者张心妍王增强来源宣传部新闻中心时间点击月日剑桥大学副校长美国明尼苏达大学教授崔天宏访问我校校长郭东明在主楼会议室会见了来访客人副校长宁桂玲国际合作与交流处及电子信息与电气工程学部相关人员陪同会见郭东明校长对两位客人来访我校表示欢迎在简要介绍我校的办学概况学科设置及特色科研成果后郭东明校长表示学校正统筹推进世界一流大学和一流学科建设加强国际合作与交流是学校国际化战略的重要举措希望以此次访问为契机增进了解加深认识为开展国际交流推动合作办学做有益探索为进一步密切关系加强合作奠定良好基础副校长简要介绍了剑桥大学与国际高校的合作发展情况以及未来与我校科研合作的构想他表示通过参观加深了对我校的了解与认识对我校的科研实力及发展前景充满信心欢迎大工的师生来剑桥学习交流希望能与我校开展更加密切的多种形式的校际合作促进两校共同发展会见前剑桥大学副校长美国明尼苏达大学崔天宏教授参观了我校重点实验室令希图书馆月日两位客人分别为我校师生带来精彩讲座责任编辑姜雪复制网址打印每日推荐郭东明校长会见剑桥大学副校长年全国十六所工科重点大学科技工作研讨会召开学校援助保山市第四届体育运动会龙陵代表团工作正两学一做重读先烈诗章探访红色印记做新时心怀报国志东北名企行年新任辅导员军训圆满结束辽宁日报大连理工援梦专列再次启程大工学子在全国智能车比赛东北区赛中再获佳绩两学一做尊崇党章严守党纪不忘初心做合格党软件学院创新师资聘任方式加强学生实践能力培养推荐视频钱令希诞辰百年纪录片发布预告年月日大工新闻学校隆重举行庆祝中国共产党成立周年大会为梦连理大连理工大学招生宣传片焦点图片毕业季校园里那抹亮色美女毕业生遇见特色学位服毕业季大学四年最遗憾的那些事毕业季最大工难忘凌工路号那件事大工建筑篇一你不得不知道的那些楼排行榜点击从首届毕业生毕业决心书中传承红色基因大工附校中考成绩再创历史新高钱令希院士百年诞辰学术思想座谈会召开中国核动力研究设计院黄彦平总工程师受聘大工校党委书记王寒松会见解放军驻瓦房店某部韩向学校召开一级博士学位授权点合格评估校内评审洪晓楠教授被聘为教育部高校思想政治理论课教软件学子挺进大型机世界杯竞赛全球前学校召开学科建设专项座谈会大连理工大学与大连海洋大学签署联合人才培养第一页内容缓存全文内容缓存根据设置字体大小并初始化按钮请选择投票选项最多允许选项单页阅读分页阅读单页阅读分页阅读控制内容区域的的图片大小并为过大的图片添加查看原图复制网址复制链接成功被浏览器拒绝请在浏览器地址栏输入并回车然后将设置为复制链接成功改变字号小本文地址电话版权所有大连理工大学新闻中心
-1
