http://news.dlut.edu.cn/article/meiti/1.shtml
83
33
234
177
341
195
145
242
268
143
56
127
101
67
134
160
145
242
268
143
56
127
101
67
134
160
138
81
71
19
242
47
274
220
315
63
225
158
233
222
105
198
249
51
102
30
153
178
221
186
129
126
256
216
301
337
114
126
84
96
47
274
162
220
73
329
139
315
165
165
240
240
352
352
267
267
329
162
73
96
84
220
274
47
媒体大工大工新闻网每日推荐字体大小设置清除背景颜色效果边框清除栏目内容文字居左设置调整宽度是注意对应左边栏文字居左设置导航目录颜色调整设置宣传部站群海燕网星海夜话手机版新闻线索预约采访会员投稿留言板学校要闻综合新闻菁菁校园新闻聚焦校园视点信息预告媒体大工领导论坛大工人物校友之声学术动态大工往事部院风采合作交流专题新闻校园视点信息预告媒体大工领导论坛大工人物校友之声学术动态大工往事部院风采合作交流专题新闻精彩瞬间光影四季人文艺术校史钩沉第一时间大工新闻在你身边专题报道校园文艺校园拍客今日大工大工讲坛关于团队校史故事品学校园文艺校园拍客今日大工大工讲坛关于团队校史故事品学十七点播报广播台新闻节目综艺节目外文节目专题节目广播剧下载首页新闻媒体大工光明日报大连理工援梦专列启程年月日东北新闻网第十一届工业爆炸与安全防护国际学术会议在大连召开年月日中国教育报将信仰写在思政课堂上记大连理工思政课改革年月日中国科学报好故事救活思政课年月日天健网大连理工大学讲好故事激活思政课年月日央广网第十一届工业爆炸与安全防护国际学术会议在大连召开年月日中国科学报大连理工大学锂离子电池负极材料研究获进展年月日中国科学报编译创新源代码的有趣课堂年月日中国日报网大工思政课让课堂活起来年月日人民网大连理工大学思政课案例教学法让课堂活起来年月日央广网在案例教学中找准坚定理想信念航向年月日东北新闻网大连理工大学耐酸沸石膜微观结构的设计与调控取得新进展年月日中国高校之窗大连理工大学在耐酸沸石膜微观结构的设计与调控研究取得新进展年月日中国科学报大连理工大学耐酸沸石膜微观结构设计获进展年月日人民网大连理工大学名学生到云南龙陵辅导学生年月日央广网大连理工大学结合实际细化暑期工作部署确保两学一做学习教育不断线不落空年月日辽宁日报大连理工援梦专列再次启程年月日凤凰网长路漫漫经磨砺征途遥遥展精神年月日东北新闻网辽宁省社科联召开习近平总书记七一重要讲话精神研讨会年月日中国科学报大连理工大学石墨烯基功能材料研究获新进展年月日上一页下一页每日推荐实践在路上齐风鲁韵共连理望煦寻华报国行第七届国际离散元法会议在大工召开光明日报大连理工援梦专列启程东北新闻网第十一届工业爆炸与安全防护国际学我校马克思主义学院思政课教学改革工作受媒体广泛中国教育报将信仰写在思政课堂上记大连理工深入学习领会中央省委市委精神要求确保学习教育学校召开党委全委会校长郭东明到基层党支部讲党课中国科学报好故事救活思政课推荐视频钱令希诞辰百年纪录片发布预告年月日大工新闻学校隆重举行庆祝中国共产党成立周年大会为梦连理大连理工大学招生宣传片焦点图片毕业季校园里那抹亮色美女毕业生遇见特色学位服毕业季大学四年最遗憾的那些事毕业季最大工难忘凌工路号那件事大工建筑篇一你不得不知道的那些楼排行榜点击学校召开党委全委会我校马克思主义学院思政课教学改革工作受媒体深入学习领会中央省委市委精神要求确保学习第七届国际离散元法会议在大工召开实践在路上齐风鲁韵共连理望煦寻华报国中国教育报将信仰写在思政课堂上记大连东北新闻网第十一届工业爆炸与安全防护国光明日报大连理工援梦专列启程电话版权所有大连理工大学新闻中心
-1
