http://news.dlut.edu.cn/article/2015/1116/64185.shtml
11
195
243
243
165
165
240
240
352
352
267
267
届毕业生招聘会一线见闻新闻聚焦大工新闻网首页新闻图片视频报纸广播首页新闻新闻聚焦正文届毕业生招聘会一线见闻作者记者团陈梦阳王茗阅贾子怡牛敬书来源宣传部新闻中心时间点击月日我校届毕业生冬季大型供需见面会在学校刘长春体育馆举行本届大招依旧延续了往届大规模多岗位高成功率的特点为高校人才与用人单位的顺利对接提供便利虽然就业形势依然略显严峻大招却热度不减近万岗位需求让来自大连甚至整个东北地区的应聘者齐聚大工今年的大招也亮点频现让应聘者拥有了一个不一样的求职季招生就业处创新求职服务信息化平台成主角今年大招实行网络签约在用人单位与学生达成签约意向后通过大工就业网给学生发送学生通登陆大工就业网处理进而完成签约往常的常规签约需要学生手写三方协议过程繁琐耽误时间招生就业处为解决这一问题创新性地推出网上签约平台同时在招生就业处的实体业务办理过程中引入了微信排号系统最大程度上为同学节约时间提高了工作效率为了方便应聘同学更好地了解用人单位信息招生就业处利用大工就业微信平台提前公布用人单位相关需求事项应聘者也可以在大工就业网上根据地域专业薪资情况进行自主筛选在招聘会前应聘者可以利用微信平台提前确认用人单位展区所在地对应场内地图可以根据自身需求制定个性化求职地图大大提高了应聘效率也减少了应聘者在会场内的逗留时间不但节省了应聘者时间也维护了会场的高效运行招生就业处不断优化服务职能不但在面向应聘者提供便利也尽力为用人单位做好各项后勤保障工作保证了用人单位招聘工作的顺利展开用人单位学历成绩能力都重要校友面试官来支招参加本次招聘会的企业有余家国有企业份额最大三资教育单位科设单位事业单位等门类齐全提供近万岗位需求地域涵盖全国个省市自治区为应届毕业生提供了尽可能多样化的选择对于广大毕业生所关心的专业对口性问题科研设计等专业性较强的单位较为强调而其他销售行政教育类岗位则更加注重应聘者的相关个人素质对于求职者能力的考察多数用人单位较看中其在校成绩及奖学金的获取情况内蒙古第一机械有限公司的招聘部经理表示奖学金与学习成绩不起决定性作用但作为重要参考一定程度上反映了学生在校期间的优秀程度在筛选简历时会起到很大程度的积极作用而对于像大连信维科技有限公司等科技类企业则更看中学生在校期间在科技类竞赛中的获奖情况不少用人单位较为关注应聘者在校期间学生工作的参与度并把其作为沟通协调能力界定的一重要标准大连海清水产有限公司的负责人表示近年来招收的学生干部在踏上工作岗位后上手快交际能力强给他们留下了深刻的印象除具备相关专业能力及踏实肯干的品格外外语能力是现今各企业单位优选人才的重要标准大连慧瑞国际贸易有限公司负责人表示如今留学热海归的数量逐渐增多如果应聘者英语能力不过关注定没有竞争力招聘会现场不少用人单位不仅要求持有大学四六级通过证书更是对成绩提出了具体要求而对于学历问题大多企业采取岗位梯度录取的原则部分岗位明确要求具有本科以上或硕士以上学历而针对混招岗位大多招聘负责人也表示在进入公司后的薪资水平或有差别但一切还以求职者个人能力为最终评判标准今年的大招开辟了校友招聘专区招生就业处与校友会联合邀请走上工作岗位的学长学姐回到大工熟悉亲切的面孔打消了求职中的紧张与不安校友不但能根据专业特色与大工学生的特点对应聘者进行深入的考量也能为应聘者进行相应的职业生涯规划指点为应聘者提供了绝佳的交流机会应聘者竞争越大机会越大提前准备很重要早上六点刘长春体育馆门前就已经聚集了不少前来排队的同学简洁笔挺的西装整齐完备的简历对答如流的专业知识无不凸显着大工毕业生的风采就业形势越来越严峻招聘单位对学生的要求越来越高刚刚投完一份简历的的徐双虎来自我校机械工程学部他表示虽然这几年就业形势不好但他对于公司也有自己的要求与期待希望公司能有比较好的培养机制能让员工的锻炼机会多一些也希望能找到离家近的单位大招不仅让求职者与用人单位对接同时也为在校生了解职业信息定向培养个人能力提供了良好的契机下午不少大二大三的同学来感受求职氛围明确未来方向在招聘会现场能感受到危机感这就要求我们必须提前做好准备来自机械工程学院的大二同学白乐山表示招聘会也有不乏有其它省市的大学远道而来的同学就读于吉林化工学院的韩莹为了参加这次见面会要乘坐十几个小时的火车我希望能来到大工寻找更好的机会虽然竞争很激烈但是也能借此寻找一下自己与用人单位需求之间的差距责任编辑龙海波复制网址打印每日推荐新闻聚焦届毕业生招聘会一线见闻届毕业生招聘会一线见闻就业经验谈机械学院广开思路促就业大连广播电视台大连智造助飞国产大飞机运载学部关工委教师与学生共话职业规划善用新媒体传播正能量中国科学网大连理工大学举办毕业生冬季大型供谭国真教授当选中国计算机学会理事组图图说招聘会新商报从发简历到签约点手机就可完成推荐视频钱令希诞辰百年纪录片发布预告年月日大工新闻学校隆重举行庆祝中国共产党成立周年大会为梦连理大连理工大学招生宣传片焦点图片毕业季校园里那抹亮色美女毕业生遇见特色学位服毕业季大学四年最遗憾的那些事毕业季最大工难忘凌工路号那件事大工建筑篇一你不得不知道的那些楼排行榜点击图说招聘会学校召开年科技奖励大会表彰科技工作贡大连理工大学吸引全国余家用人单位来校招喜迎党代会回眸这朵花越开越艳已成动河南省高校协同创新研学团访问大连理工大学海岸和近海工程国家重点实验室学术委员会召开中国电子科技集团代表团访问我校一流学科建设学校召开交叉学科群建设解读十八届五中全会精神树立绿色发展理念魏小鹏书记会见大连市关工委常务副主任谭忠印第一页内容缓存全文内容缓存根据设置字体大小并初始化按钮请选择投票选项最多允许选项单页阅读分页阅读单页阅读分页阅读控制内容区域的的图片大小并为过大的图片添加查看原图复制网址复制链接成功被浏览器拒绝请在浏览器地址栏输入并回车然后将设置为复制链接成功改变字号小本文地址电话版权所有大连理工大学新闻中心
-1
