http://news.dlut.edu.cn/article/kejiao/3.shtml
65
33
234
177
341
195
145
242
268
143
56
127
101
67
134
160
145
242
268
143
56
127
101
67
134
160
138
81
71
19
127
333
127
333
194
118
107
11
194
263
356
300
231
133
283
43
192
192
22
165
165
240
240
352
352
267
267
29
380
302
200
281
91
246
8
141
学术动态大工新闻网每日推荐字体大小设置清除背景颜色效果边框清除栏目内容文字居左设置调整宽度是注意对应左边栏文字居左设置导航目录颜色调整设置宣传部站群海燕网星海夜话手机版新闻线索预约采访会员投稿留言板学校要闻综合新闻菁菁校园新闻聚焦校园视点信息预告媒体大工领导论坛大工人物校友之声学术动态大工往事部院风采合作交流专题新闻校园视点信息预告媒体大工领导论坛大工人物校友之声学术动态大工往事部院风采合作交流专题新闻精彩瞬间光影四季人文艺术校史钩沉第一时间大工新闻在你身边专题报道校园文艺校园拍客今日大工大工讲坛关于团队校史故事品学校园文艺校园拍客今日大工大工讲坛关于团队校史故事品学十七点播报广播台新闻节目综艺节目外文节目专题节目广播剧下载首页新闻学术动态香港科技大学余同希教授做客名师讲坛年月日电子科学与技术学院举办学术研讨会年月日负责任创新的理论与实践探索国际学术研讨会成功召开年月日中国分会执委会第四届第一次会议在大工召开年月日李洪钟院士做客大煜科学讲坛年月日大连化物所杨学明院士作客大煜科学讲坛年月日中山大学陈小明院士作客大煜科学讲坛年月日航天结构强度分析中心举行成立五周年总结交流会年月日年新年论坛解析新经济年月日科技部科技报告培训会在我校成功召开年月日年国际创新与教育会议在大工举办年月日人文学部举办高科技与伦理系列讲座年月日学校开启锦宗论坛南开李正名院士做首场报告年月日辽宁省高校机械专业评价评审工作会议在我校召开年月日著名语言学家马庆株先生应邀讲学年月日第二届化工中青年学者学科发展研讨会在连召开年月日第十二届土木与环境工程国际会议在我校举行年月日复旦大学赵东元院士作客大煜科学讲坛年月日密西根大学倪军教授来校作学术报告年月日第十四届电子封装技术国际会议在我校召开年月日上一页下一页每日推荐人文学部王贤文副教授受邀担任国际英文期刊副主编研招进行时如火如荼开展年研究生招生宣传两学一做把政治纪律和政治规矩内化于心外化于全国近所高校教师学者来校研讨马克思主义发展观材料科学与工程学院选举产生新一届党委并成立纪委大连日报钱令希院士百年诞辰纪念展揭幕辽宁日报大工举行钱令希院士百年诞辰纪念展大工人物校友篇张阿漫胸怀海洋强国梦大工人物校友篇张阿漫胸怀海洋强国梦贯彻落实全面从严治党要求强化政治纪律和政治规推荐视频钱令希诞辰百年纪录片发布预告年月日大工新闻学校隆重举行庆祝中国共产党成立周年大会为梦连理大连理工大学招生宣传片焦点图片毕业季校园里那抹亮色美女毕业生遇见特色学位服毕业季大学四年最遗憾的那些事毕业季最大工难忘凌工路号那件事大工建筑篇一你不得不知道的那些楼排行榜点击机械工程学院新教学楼开工建设钱令希诞辰百年纪录片发布预告钱令希院士诞辰百年春风化雨润物无声中国工程院院士陈政清受聘大连理工大学兼职教钱令希院士诞辰百年宝贵的精神财富永恒群策群力抢抓机遇为大工吸引一流生源机械工程学院完成新一届党委换届及纪委成立选钱令希院士诞辰百年业精于勤奋功成于坚副校长朱泓率团访问白俄罗斯国立大学推进两校我校多部影视作品在中国高校电视奖评选中斩获电话版权所有大连理工大学新闻中心
-1
