http://news.dlut.edu.cn/2016/0716/66959.shtml
21
380
246
199
28
165
165
240
240
352
352
267
267
251
252
65
381
35
370
276
38
2
钱令希院士诞辰百年业精于勤奋功成于坚韧投稿专栏大工新闻网首页新闻图片视频报纸广播首页正文钱令希院士诞辰百年业精于勤奋功成于坚韧作者李刚来源宣传部新闻中心时间点击编者按今天是著名力学家教育家中国科学院资深院士大连工学院第二任院长大连理工大学原顾问钱令希教授诞辰周年纪念日宣传部新闻中心特摘登部分怀念文章以弘扬钱令希院士的科教报国情怀开拓创新精神及严谨治学风范作为国内外享有盛誉的著名力学家与教育家钱令希先生在教书育人和科学研究方面都做出了令人瞩目的成就他爱才若渴为新中国的教育事业呕心沥血培养了胡海昌潘家铮钟万勰程耿东等一批国内外著名的力学与水利工程大师同时他在刚架结构分析悬索桥分析余能理论结构极限分析和板壳理论等方面的研究卓有成效是我国计算力学工程结构优化设计的开拓者我在来大工之前就对钱先生充满了敬仰之情年我考取了大连理工大学工程力学研究所的博士研究生师从程耿东院士程老师让我做建筑结构优化设计方面的研究并注重结合工程实际在程老师的支持和鼓励下我开始与钱先生有了接触当时钱先生已经是将近岁的老人可他对于我们这些青年学生依然满怀热情地悉心教诲他亲自倡导开设博士生读书班强调培养和加强博士生的学术交流讨论的能力并经常亲自参加讨论至今我依然记得满头银发的钱先生坐在我们中间脸上满是幸福的微笑看着我们一群年轻的学生热烈地研讨我的博士论文答辩有幸请到钱先生做答辩委员会主席钱先生对我的博士论文给与了积极评价答辩结束之后钱先生特地把我叫到他的办公室跟我谈了很久鼓励我走与工程结合的科研之路强调工程力学一定要为工程服务从工程中来到工程中去把科研之路定位在以工程为背景从工程中提炼出问题做深入的理论与算法研究然后再应用到工程上去那一次的谈话使我受益终身更加坚定了我今后与工程相结合的学术道路我做博士后期间有幸参与钱先生的科研项目倾听先生的教诲年月作为钱先生的助手我协助他做北良大型国家储备粮库筒仓结构加固工程项目其间深深感受到这位岁高龄老先生那种令人敬畏的工作热情与责任心即使是在赴美探亲期间钱先生仍然放不下北良工程一再指点我查找资料给他传真到美国从美国回来后他不顾旅途劳顿坚持多次亲赴施工现场掌握第一手情况到施工现场一去就是一整天没有午休午饭就是食堂的工作餐为了详细了解筒仓顶部结构的具体构造与施工情况钱先生不满足于图纸的审阅与工程师的介绍亲自攀上临时扶梯到多米高的筒仓顶部仔细察看施工现场那是非常简陋的临时扶梯连我这个多岁的年轻人看到这样的扶梯都心有余悸但钱先生不顾大家的劝阻依然一步步稳健地向上攀升至今先生攀爬扶梯的背影依然定格在我的心中或许这就是激励我们一代又一代大工力学人不断向上攀升的永恒动力考虑到当时筒仓顶盖钢结构部分已高空架设完毕仓面混凝土盖板尚未铺设的具体情况钱先生巧妙地提出了顶部结构加固方案即重新设计屋面钢筋混凝土板并与钢桁架有效地焊接起来使之成为一个整体这样面板既能承载抗弯又能在桁架间起传递剪力的作用使原来单纯的顶部钢桁架受力体系转换为钢筋混凝土圆锥壳钢桁架整体受力体系发挥了混凝土面板的作用而且施工很方便北良工程项目的圆满完成又一次充分展示了钱先生那种抓关键带全局的工程理念以及化腐朽为神奇的杰出的工程思想追忆往事钱先生的对事业的执著追求对学术的认真严谨对晚辈的关爱帮助都为大工力学人树立了值得我们一生去努力追求的标杆先生曾送我一幅字业精于勤奋功成于坚韧我将此作为人生的座右铭作者简介李刚运载工程与力学学部部长责任编辑王增强复制网址打印每日推荐钱令希院士诞辰百年春风化雨润物无声钱令希院士诞辰百年业精于勤奋功成于坚韧钱令希院士诞辰百年钱令希治学育人的三重奏钱令希院士诞辰百年临江仙两学一做建艺学院党委举行专题三集中学习讨论两学一做学先进争做先进两学一做喜看变化畅谈发展大连理工大学中国建筑第八工程局有限公司第三期学校召开实验室安全工作会议落实安全责任机械工程学院举办年全国优秀大学生学术夏令营推荐视频钱令希诞辰百年纪录片发布预告年月日大工新闻学校隆重举行庆祝中国共产党成立周年大会为梦连理大连理工大学招生宣传片焦点图片毕业季校园里那抹亮色美女毕业生遇见特色学位服毕业季大学四年最遗憾的那些事毕业季最大工难忘凌工路号那件事大工建筑篇一你不得不知道的那些楼排行榜点击落实十三五发展规划推动学校发展实现新为母校成就自豪助母校实现腾飞年青少年高校科学营大连理工大学分营开营大连理工大学援梦专列再次启程我校论文被计算机视觉及模式识别领域国际顶尖郭东明校长应邀出席中俄大学校长峰会并作主题切实做好本科招生录取工作为学校选拔优质生大连理工大学附属学校举行届学生毕业典礼王立鼎院士与两岸学子分享科研历程大连理工大学教师获日本水环境学会年度技术奖第一页内容缓存全文内容缓存根据设置字体大小并初始化按钮请选择投票选项最多允许选项单页阅读分页阅读单页阅读分页阅读控制内容区域的的图片大小并为过大的图片添加查看原图复制网址复制链接成功被浏览器拒绝请在浏览器地址栏输入并回车然后将设置为复制链接成功改变字号小本文地址电话版权所有大连理工大学新闻中心
-1
