http://news.dlut.edu.cn/article/meiti/2016/0811/68565.shtml
28
242
297
376
193
36
97
51
102
37
94
165
165
240
240
352
352
267
267
282
188
359
277
12
109
31
111
159
117
东北新闻网大连理工大学耐酸沸石膜微观结构的设计与调控取得新进展大工新闻网首页新闻图片视频报纸广播首页新闻媒体大工正文东北新闻网大连理工大学耐酸沸石膜微观结构的设计与调控取得新进展来源东北新闻网时间东北新闻网讯近日大连理工大学精细化工国家重点实验室副教授杨建华课题组针对沸石分子筛膜的亲水性和耐酸性矛盾的科学问题通过对沸石膜的微观结构的设计构建了一种调控沸石膜的亲水性与耐酸性的新策略在保持体相的亲水性的同时提高了介观尺度的耐酸性首次制备了硅铝元素微观空间分布均匀的沸石膜该膜表现了三高乙酸脱水分离性能在此基础上针对正丙醇异丙醇正丁醇和异丁醇等醇类脱水分离体系的分子物性对沸石膜的厚度和体相硅铝比微观结构进行设计通过铝前驱体矿化剂等关键因素对沸石膜体相的硅铝比膜的厚度进行了精准的调控制备了对醇类有机物水溶液中水表现了专一的高通量沸石膜该膜的分离性能为国际文献报道的最佳值这系列工作突破了第一代沸石膜分子筛膜在工业化应用中酸性环境下性能低劣的技术瓶颈引领第二代沸石膜即耐酸性沸石膜的研制并为其工业化应用奠定了基础据悉膜分离作为高新技术具有节能清洁高效兼容性强等优越性在国家节能减排资源高效转化和环境保护中发挥重要作用沸石分子筛膜为膜科学与技术的前沿和热点领域之一如何构建高通量高选择性和高稳定性分离膜是膜科学与技术的核心任务在上述研究的基础上该课题组对沸石膜骨架异原子的选择性和专一性进行了研究面向水中少量有机物分离的需求设计了沸石分子筛膜将原子同晶掺杂进入沸石骨架结构中利用原子对沸石晶体生长的促进作用调变了膜层中的硅羟基提高了膜材料的疏水性研制了高性能的透醇沸石膜展示了沸石膜在燃料乙醇等生物化学品中的应用愿景张平媛东北新闻网本文链接责任编辑马坤复制网址打印分享到每日推荐东北新闻网大连理工大学耐酸沸石膜微观结构关于进一步完善中央财政科研项目资金管理等政策实践在路上访江浙沪企业悟学思礼心得实践在路上软件师生赴美参加卓越联盟暑期项目实践在路上规划自我践知于行怀志报国实践在路上深入企业了解发展前沿全面促进校中国高校之窗大连理工大学在耐酸沸石膜微观结中国科学报大连理工大学耐酸沸石膜微观结构建设工程学部张鑫旺获学生竞赛团体第一名材料级校友返校暨奖学金签约仪式顺利举行推荐视频钱令希诞辰百年纪录片发布预告年月日大工新闻学校隆重举行庆祝中国共产党成立周年大会为梦连理大连理工大学招生宣传片焦点图片毕业季校园里那抹亮色美女毕业生遇见特色学位服毕业季大学四年最遗憾的那些事毕业季最大工难忘凌工路号那件事大工建筑篇一你不得不知道的那些楼排行榜点击郭东明校长会见大连公交集团董事长孙明一行我校在构建高性能锂离子电池负极材料研究取得学校组织召开科技成果研讨会全国人工环境相关学科博士生导师研讨会在我校大工代表队勇夺全国电子商务三创赛总决赛我校再获辽宁省大学生电子设计竞赛最高奖实践在路上走进企业长才干扬帆起航京津我校在耐酸沸石膜微观结构的设计与调控研究取新兴电子商务的信息与物流管理教育部创新实践在路上躬身企业行笃志中国梦第一页内容缓存全文内容缓存根据设置字体大小并初始化按钮请选择投票选项最多允许选项单页阅读分页阅读单页阅读分页阅读控制内容区域的的图片大小并为过大的图片添加查看原图复制网址复制链接成功被浏览器拒绝请在浏览器地址栏输入并回车然后将设置为复制链接成功改变字号小本文地址电话版权所有大连理工大学新闻中心
-1
