http://news.dlut.edu.cn/article/2015/1016/63504.shtml
9
127
165
165
240
240
352
352
267
267
智慧城市与创造力经济论坛成功举行学术动态大工新闻网首页新闻图片视频报纸广播首页新闻学术动态正文智慧城市与创造力经济论坛成功举行作者钱永胜来源管理与经济学部时间点击月日由大连理工大学香港工程科学院大连智慧城市协同创新联盟大连大学大连现代高技术集团有限公司共同发起举办的智慧城市与创造力经济论坛在中国大连高级经理学院华商厅隆重举行智慧城市与创造力经济论坛旨在深入了解香港在智慧城市建设中所取得的经验紧密配合大连智慧城市试点示范工作大力推进智慧城市建设促进大连创造力产业快速健康有序发展智慧城市与创造力经济论坛邀请到了香港澳门及大连的专家学者为大连智慧城市建设献言献策参加论坛的演讲嘉宾包括学界相关领域的知名学者企业界的知名公司的商业领导者及来自香港特别行政区的高级官员和我市相关局委的领导智慧城市与创造力经济论坛演讲嘉宾主要有澳门大学学术副校长倪明选教授香港科技大学副校长李行伟教授香港科技大学的杨海教授及杨强教授大连大学校长潘成胜教授来自企业界的领导者是大连现代高技术集团有限公司董事长罗宁大连智慧旅游电子商务有限公司总经理江洪波博士来自我市相关局委的领导和专家有大连市科学技术局副局长姜斯进大连市公安局交通警察支队总工程师朱朝晖警官及大连市中山区总工会主席高侃才论坛还邀请到了香港特别行政区政府前发展局常任秘书长工务韦志成工程师做了题为启动九龙东香港发展智慧城市的试点的演讲我校系统工程研究所的王众托院士夏昊翔教授也做了主题发言参加智慧城市与创造力经济论坛的还有大连理工大学管理与经济学部系统工程研究所吴江宁教授王明征教授等相关领域的专家学者论坛还组织了部分专家学者到大连光洋科技集团有限公司大连市出租车管理处大连大学附属中山医院等处进行了实地考察及调研活动与会嘉宾从智慧医疗智能交通智慧社区与社区治理及大数据人工智能与智慧城市以及创造力经济等智慧城市相关的各个层面做了精彩的主旨发言来自我校及大连大学等兄弟院校的相关领域研究者教师硕士及博士研究生参加了论坛责任编辑张平媛复制网址打印每日推荐学校党委就两学一做学习教育工作作出安排人民网具有模拟生理功能的类器官微流控芯片在中国高校之窗大连理工大学研发具有模拟生理功学校召开党委学习中心组扩大学习会议两学一做化环生学部四个注重力求学习教育大工学子在大连市高校船海文化节斩获佳绩弘扬体育精神展示大工风采两学一做能动学院开展两学一做学习教育核心价值观大工青年携手红三连共谱青春篇大连理工大学哲学社会科学研究成果获教育部采纳推荐视频钱令希诞辰百年纪录片发布预告年月日大工新闻学校隆重举行庆祝中国共产党成立周年大会为梦连理大连理工大学招生宣传片焦点图片毕业季校园里那抹亮色美女毕业生遇见特色学位服毕业季大学四年最遗憾的那些事毕业季最大工难忘凌工路号那件事大工建筑篇一你不得不知道的那些楼排行榜点击面孔学术之星我校承担的中国工程院咨询研究重点项目启动会我校赴无锡参加纪念钱令希诞辰周年活动大连理工大学在全国专业学位研究生教育中获表校友总会第六届理事会第二次会议召开大连理工大学哲学社会科学研究成果获教育部采大连理工大学研发具有模拟生理功能的类器官微两学一做全校名学生预备党员参加培训研究生学术科技节聆听名师讲堂畅饮学术甘两学一做学校二级党组织陆续开展两学一第一页内容缓存全文内容缓存根据设置字体大小并初始化按钮请选择投票选项最多允许选项单页阅读分页阅读单页阅读分页阅读控制内容区域的的图片大小并为过大的图片添加查看原图复制网址复制链接成功被浏览器拒绝请在浏览器地址栏输入并回车然后将设置为复制链接成功改变字号小本文地址电话版权所有大连理工大学新闻中心
-1
