http://news.dlut.edu.cn/article/2016/0711/67848.shtml
26
234
22
281
16
347
141
91
0
260
165
165
240
240
352
352
267
267
252
65
276
29
35
380
302
2
200
落实十三五发展规划推动学校发展实现新跨越学校要闻大工新闻网首页新闻图片视频报纸广播首页新闻学校要闻正文落实十三五发展规划推动学校发展实现新跨越学校党委全委扩大会审议通过大连理工大学十三五发展规划作者龙海波来源宣传部新闻中心时间点击核心提示月日下午学校在主楼中心会议室召开党委全委扩大会审议通过大连理工大学十三五发展规划校党委书记王寒松主持会议对落实十三五规划加强党委全委会纪委全委会建设提出要求党委常委校长郭东明对做好十三五时期学校各项工作提出要求学校党委委员出席会议纪委委员列席会议月日下午学校在主楼中心会议室召开党委全委扩大会审议通过大连理工大学十三五发展规划校党委书记王寒松主持会议对落实十三五规划加强党委全委会纪委全委会建设提出要求党委常委校长郭东明对做好十三五时期学校各项工作提出要求学校党委委员出席会议纪委委员列席会议会上校党委常务副书记姜德学对大连理工大学十三五发展规划进行了说明王寒松书记在会上就落实十三五规划提出要求一是要坚定信心目前国家统筹推进世界一流大学和一流学科建设东北老工业基地振兴战略辽宁老工业基地新一轮全面振兴战略正实施推进学校对面临的机遇和区域环境要坚定信心学校十三五发展规划提出的战略任务是根据建设一流大学的目标反推提出来的是经过认真调研论证提出来的对此要坚定信心二是要攻坚克难要有攻坚克难的勇气拿出攻坚克难的办法抓住机遇积极主动争取方方面面的支持争取最有利的条件努力把十三五目标变为现实三是要统筹协调学校事业是一盘棋要树立大局观念领导班子要具备统筹协调推动学校各项事业发展的能力四是要落实责任学校要尽快做出十三五规划任务分解各级领导班子和党员领导干部是实施十三五规划的主要责任人要一步一个脚印把规划任务抓在手上把责任扛在肩上确保完成各项任务会上王寒松书记就加强党委全委会纪委全委会建设提出要求一是两委委员要掌握好党委会的工作原则与方法带头遵守法治纪律和法治规矩要认真学习党委会的工作方法带头贯彻落实中央要求带头加强学习带头提高本领带头遵守纪律和规矩二是两委委员要在把方向谋大局方面起好带头作用要带头坚持两个牢牢把握牢牢把握坚决贯彻中央要求着眼于国家战略部署和党的教育方针切实增强政治意识大局意识核心意识看齐意识切实增强思想自觉和行动自觉牢牢把握紧密结合学校实际把落实中央要求见效于学校工作和本职工作将十三五各项任务落实好完成好要勤学善思增强能力在不断学习中提高能力和素质更要到实践中接受考验和锻炼要统筹兼顾通盘考虑要讲大局站在全局和长远的角度看问题做事情三是两委委员要在全面从严治党方面起好带头作用进一步增强对全面从严治党意义和要求的认识要落实好中央有关全面从严治党的要求强化政治纪律组织纪律廉洁纪律群众纪律工作纪律生活纪律做从严治党的模范要严格约束下属严格履行一岗双责四是两委委员要在做一个好干部方面起好带头作用要带头做信念坚定的好干部带头做为民服务的好干部带头做勤政务实的好干部带头做敢于担当的好干部带头做清正廉洁的好干部当好信念坚定为民服务勤政务实敢于担当清正廉洁的表率郭东明校长就做好十三五时期学校工作提出要求要抓住机遇推进一流大学建设十三五时期是建设特色鲜明的世界一流大学的重要起步阶段双一流建设是十三五时期学校工作的主要抓手一流大学一流学科一流人才要统筹考虑一流大学是目标一流学科是龙头一流人才是根本学校要在对外争取支持赢得竞争主动承担重大任务上努力对内则要在优化学科战略布局深化综合改革强化办学特色上努力十三五是国家经济发展的重要转型期也是东北振兴的新一轮发力期学校更大的发展机遇更重要的创新源泉要到十三五国家战略中去寻找要到东北辽宁以及大连的重大需求中去开拓郭东明校长强调要深化综合改革增强办学活力要抓好学校综合改革方案的落实一是要加大改革创新力度要在学校总体规划总体方案的基础上就重点工作重点环节的改革形成细化的可操作的方案二是要进一步突出改革重点要高度重视能够撬动全局的重点领域关键环节改革加强调研加快试点三是要着力增强改革执行力把推进改革作为重要的发展议程经常研究经常督促努力营造促进改革推动发展的良好氛围郭东明校长指出要强化战略管理推进规划执行规划能否发挥行动纲领和发展指南的作用关键看执行十三五规划的执行要加强年度执行情况的监测和评估要注重和年度工作的衔接各专项规划要由分管的校领导负责全程加强监管学部学院要对照学校总体规划进一步完善一图一表提交学校备案要辩证地制定和执行规划要通过规划更加清晰地看清发展路径更加坚定地抓住战略机遇更加自觉地应对各种挑战以发展的自觉促进自觉地发展十三五时期是大连理工大学创建特色鲜明的世界一流大学至关重要的五年为了推进发展实现新跨越学校根据中共中央关于制定国民经济和社会发展第十三个五年规划的建议国家中长期教育改革和发展规划纲要统筹推进世界一流大学和一流学科建设总体方案等文件要求贯彻大连理工大学第十三次党代会精神制定了大连理工大学十三五发展规划规划共分发展基础发展思路战略任务战略保障和战略管理五个部分责任编辑姜雪相关阅读复制网址打印每日推荐贯彻落实全面从严治党要求强化政治纪律和政治规群策群力抢抓机遇为大工吸引一流生源两学一做践行党的宗旨争当时代先锋两学一做材料学院师生党员认真学习习总书记我校多部影视作品在中国高校电视奖评选中斩获佳绩机械工程学院完成新一届党委换届及纪委成立选举工大连理工大学首个国际学生文化实践基地揭牌郭东明校长会见长兴岛经济区党工委书记杨广志光明网钱令希院士献身科教效春蚕岂容华发东北新闻网钱令希传略推荐视频钱令希诞辰百年纪录片发布预告年月日大工新闻学校隆重举行庆祝中国共产党成立周年大会为梦连理大连理工大学招生宣传片焦点图片毕业季校园里那抹亮色美女毕业生遇见特色学位服毕业季大学四年最遗憾的那些事毕业季最大工难忘凌工路号那件事大工建筑篇一你不得不知道的那些楼排行榜点击为母校成就自豪助母校实现腾飞年青少年高校科学营大连理工大学分营开营切实做好本科招生录取工作为学校选拔优质生钱令希诞辰百年纪录片发布预告机械工程学院新教学楼开工建设我校论文被计算机视觉及模式识别领域国际顶尖钱令希院士诞辰百年春风化雨润物无声中国工程院院士陈政清受聘大连理工大学兼职教王立鼎院士与两岸学子分享科研历程钱令希院士诞辰百年宝贵的精神财富永恒第一页内容缓存全文内容缓存根据设置字体大小并初始化按钮请选择投票选项最多允许选项单页阅读分页阅读单页阅读分页阅读控制内容区域的的图片大小并为过大的图片添加查看原图复制网址复制链接成功被浏览器拒绝请在浏览器地址栏输入并回车然后将设置为复制链接成功改变字号小本文地址电话版权所有大连理工大学新闻中心
-1
