http://news.dlut.edu.cn/photo/2016/0701/67561.shtml
12
138
254
82
82
190
190
254
254
320
320
287
287
面孔优秀共产党员党务工作者掠影大工新闻网首页新闻图片视频报纸广播首页图片精彩瞬间组图面孔优秀共产党员党务工作者掠影点击来源宣传部新闻中心为庆祝中国共产党成立周年深入推进学校两学一做学习教育进一步加强学校党建工作学校评选出了名优秀党员名优秀党务工作者个先进基层党组织个最佳党日优秀项目他们是学校基层党组织详细为庆祝中国共产党成立周年深入推进学校两学一做学习教育进一步加强学校党建工作学校评选出了名优秀党员名优秀党务工作者个先进基层党组织个最佳党日优秀项目他们是学校基层党组织和广大共产党员党务工作者的优秀代表本组图片选取代表进行风采展示号召全体党员以他们为榜样坚定信念锐意进取爱岗奉献争做四讲四有合格党员收起分享到全部图片查看原图大连理工大学优秀共产党员物理与光电工程学院银冰下一张上一张图片全部列出幻灯片精选从首届毕业生毕业决心书中传承红色基因组图心声师生热议习总书记建党周年讲话面孔优秀共产党员党务工作者掠影大工欢迎你你的大工你定义毕业晚会散场离歌时却难说再见我们毕业了已经是第一张了电话版权所有大连理工大学新闻中心
-1
