http://news.dlut.edu.cn/article/2016/0805/68570.shtml
29
234
167
222
105
198
249
297
376
193
36
97
165
165
240
240
352
352
267
267
282
359
277
109
111
376
167
117
297
328
大工与中船工业集团签署全面合作协议学校要闻大工新闻网首页新闻图片视频报纸广播首页新闻学校要闻正文大工与中船工业集团签署全面合作协议作者王增强来源科研院宣传部新闻中心时间点击为进一步推进学校双一流建设携手行业龙头企业聚焦海洋工程装备相关学科发展解决国家海洋工程装备领域重大问题月日下午我校与中国船舶工业集团签署全面合作协议建立全面合作关系中国船舶工业集团公司董事长党组书记董强我校校长郭东明院士副校长宋永臣出席签约仪式中国船舶工业集团各部门负责人我校科学技术研究院运载工程与力学学部建设工程学部机械工程学院及相关学科负责人参加签约仪式会上郭东明校长对中船工业长期以来给予学校的支持表示感谢他表示中船工业是我校长期合作的战略伙伴双方建立了坚实的合作基础此次建立全面合作关系对双发整合优势科技资源发挥新兴学科优势聚焦蓝海经济发展和企业科技创新需求具有重要意义希望双方今后围绕国家重大战略需求开展联合攻关实现双方合作新跨越为我国船舶行业发展作出新的贡献董强董事长表示中船工业与大工建立全面合作关系是双方通过长期合作共同努力的成果为今后双方互通有无优势互补提供了可靠平台此前对大工已有深入了解大工在海洋船舶装备制造等相关学科实力雄厚尤其是在智慧海洋智能船舶重大装备等领域双方合作空间广阔希望双方能够以此次签约为契机继续深度融合深入合作在基础研究产品优化升级人才交流机制与人才培养以及依靠双创平台开展新兴领域合作科研成果产业化等方面推进全面合作为我国高技术船舶与先进海洋工程装备的发展贡献力量会上我校副校长宋永臣与中船工业集团副总经理党组成员孙伟签署全面合作协议双方合作将以技术创新项目攻关为主要载体以人才培养平台共建为纽带建立长期的战略合作关系第二天上午我校与中船工业集团下属的研究院所举行专场科技交流会运载工程与力学学部建设工程学院管理与经济学部机械工程学院材料科学与工程学院等单位的专家参加了会议校企双方就智慧海洋高技术船舶和先进海洋工程装备等领域展开深入交流并达成合作意向此次签约将推动我校与中船工业集团的合作为我校深入参与国家海洋领域重大工程和重大装备的开发建设涉海科研基地奠定了坚实的基础复制网址打印每日推荐美国密歇根大学副校长胡仕新教授应邀作专题报告中国日报网大工思政课让课堂活起来人民网大连理工大学思政课案例教学法让课堂央广网在案例教学中找准坚定理想信念航向东北新闻网大连理工大学耐酸沸石膜微观结构关于进一步完善中央财政科研项目资金管理等政策实践在路上访江浙沪企业悟学思礼心得实践在路上软件师生赴美参加卓越联盟暑期项目实践在路上规划自我践知于行怀志报国实践在路上深入企业了解发展前沿全面促进校推荐视频钱令希诞辰百年纪录片发布预告年月日大工新闻学校隆重举行庆祝中国共产党成立周年大会为梦连理大连理工大学招生宣传片焦点图片毕业季校园里那抹亮色美女毕业生遇见特色学位服毕业季大学四年最遗憾的那些事毕业季最大工难忘凌工路号那件事大工建筑篇一你不得不知道的那些楼排行榜点击郭东明校长会见大连公交集团董事长孙明一行学校组织召开科技成果研讨会全国人工环境相关学科博士生导师研讨会在我校我校再获辽宁省大学生电子设计竞赛最高奖我校在耐酸沸石膜微观结构的设计与调控研究取实践在路上访江浙沪企业悟学思礼心得美国密歇根大学副校长胡仕新教授应邀作专题报实践在路上躬身企业行笃志中国梦关于进一步完善中央财政科研项目资金管理等实践在路上怀报国之志行实践之路做合第一页内容缓存全文内容缓存根据设置字体大小并初始化按钮请选择投票选项最多允许选项单页阅读分页阅读单页阅读分页阅读控制内容区域的的图片大小并为过大的图片添加查看原图复制网址复制链接成功被浏览器拒绝请在浏览器地址栏输入并回车然后将设置为复制链接成功改变字号小本文地址电话版权所有大连理工大学新闻中心
-1
