http://news.dlut.edu.cn/article/meiti/3.shtml
64
33
234
177
341
195
145
242
268
143
56
127
101
67
134
160
145
242
268
143
56
127
101
67
134
160
138
81
71
19
242
126
242
126
216
301
337
114
216
84
96
47
274
162
220
73
329
139
315
165
165
240
240
352
352
267
267
329
162
73
96
84
220
274
47
媒体大工大工新闻网每日推荐字体大小设置清除背景颜色效果边框清除栏目内容文字居左设置调整宽度是注意对应左边栏文字居左设置导航目录颜色调整设置宣传部站群海燕网星海夜话手机版新闻线索预约采访会员投稿留言板学校要闻综合新闻菁菁校园新闻聚焦校园视点信息预告媒体大工领导论坛大工人物校友之声学术动态大工往事部院风采合作交流专题新闻校园视点信息预告媒体大工领导论坛大工人物校友之声学术动态大工往事部院风采合作交流专题新闻精彩瞬间光影四季人文艺术校史钩沉第一时间大工新闻在你身边专题报道校园文艺校园拍客今日大工大工讲坛关于团队校史故事品学校园文艺校园拍客今日大工大工讲坛关于团队校史故事品学十七点播报广播台新闻节目综艺节目外文节目专题节目广播剧下载首页新闻媒体大工光明网宝贵的精神财富永恒的前行动力年月日光明网钱令希院士献身科教效春蚕岂容华发待流年年月日东北新闻网钱令希传略年月日东北新闻网宝贵的精神财富永恒的前行动力年月日人民网钱令希院士百年诞辰纪念展揭幕仪式举行年月日新商报钱令希院士百年诞辰纪念展在大工举行年月日央广网钱令希精神鼓舞大连理工大学师生继续前进年月日央广网宝贵的精神财富永恒的前行动力年月日大连日报大连理工大学导师带我学理论年月日大连日报坚定四个自信开创辉煌未来年月日中国科学报钙钛矿太阳能电池研究获新进展年月日半岛晨报全国管理案例精英赛东北晋级赛在大工举行年月日新商报张久文一座城市伸向他的八方援手助力一个自主知识产权的品牌扎根年月日大连日报我有一颗戍边卫国的心年月日大连晚报年青少年高校科学营大连理工大学分营开营年月日大连日报全国管理案例精英赛东北晋级赛在连举行年月日大连日报理工大学师生团队重走长征路纪念长征胜利周年年月日大连日报科学的种子在这里悄然发芽年月日大连晚报大工教授又获奖年月日半岛晨报大连是有文化魅力的城市年月日上一页下一页每日推荐实践在路上齐风鲁韵共连理望煦寻华报国行第七届国际离散元法会议在大工召开光明日报大连理工援梦专列启程东北新闻网第十一届工业爆炸与安全防护国际学我校马克思主义学院思政课教学改革工作受媒体广泛中国教育报将信仰写在思政课堂上记大连理工深入学习领会中央省委市委精神要求确保学习教育学校召开党委全委会校长郭东明到基层党支部讲党课中国科学报好故事救活思政课推荐视频钱令希诞辰百年纪录片发布预告年月日大工新闻学校隆重举行庆祝中国共产党成立周年大会为梦连理大连理工大学招生宣传片焦点图片毕业季校园里那抹亮色美女毕业生遇见特色学位服毕业季大学四年最遗憾的那些事毕业季最大工难忘凌工路号那件事大工建筑篇一你不得不知道的那些楼排行榜点击学校召开党委全委会我校马克思主义学院思政课教学改革工作受媒体深入学习领会中央省委市委精神要求确保学习第七届国际离散元法会议在大工召开实践在路上齐风鲁韵共连理望煦寻华报国中国教育报将信仰写在思政课堂上记大连东北新闻网第十一届工业爆炸与安全防护国光明日报大连理工援梦专列启程电话版权所有大连理工大学新闻中心
-1
