http://news.dlut.edu.cn/article/2014/0303/52951.shtml
10
165
165
240
240
352
352
267
267
363
26
传统家访挑战新媒体时代大工新闻网首页新闻图片视频报纸广播首页新闻校园视点正文传统家访挑战新媒体时代作者范苏月来源化工与环境生命学部时间点击随着电子科技日新月异的发展电话电子邮件成为人们越来越普遍的交流方式微信微博也使得越来越多的人成为了低头族与此同时我校越来越重视一年一度的辅导员班主任家访活动仅年寒假全校近百名辅导员及班主任老师走访了余个家庭以化工与环境生命学部为例名辅导员共走访个学生家庭足迹遍布辽宁黑龙江北京天津河北河南山东江苏等个省直辖市的近余个市县受访学生及家长达余人巨大的反差或许会使很多人不理解能打一个电话说的话为什么要跑到几百公里到家里去说呢在很多人概念中只是局限于中小学生的家访为何却在当今的大学里如此盛行带着这样的疑问记者进行了调查在采访的过程中在几位辅导员老师的话让记者感触颇深化工学部的张老师说寒假难忘的走访过程对自己是一次历练对心灵是一次净化对于工作是一次思考对于学生是一份深情对于家庭是一份责任对于未来是新的希望家访增进了辅导员和学生以及学生家庭的感情当路途不再遥远心也就更近了化工班班主任王老师说家访对我触动很大贫穷是如此真实地在我眼前让人感到窒息我认为家访对孩子精神上的鼓励要远远大于金钱的作用看到学生得知我去家访的惊喜和家长的热情我觉得这次的辛苦家访是值得的家访让学生感受到老师的关注和重视这对学生是一种激励对家长是一个触动我想这也就是家访的意义吧大学生承载着一个家庭的希望更是一个国家未来发展的核心力量当低头族手指族慢慢成为后大学生的代名词的时候当新媒体使大学生变得越来越冷漠的时候传统的家访活动则成为了加强大学生思想教育的一种最实际的载体不仅增进辅导员与学生的情感沟通加强了与家长的沟通更拉近了人与人之间的心理距离希望这样的传统家访未来可以成为常态也希望大连理工大学的辅导员们可以把家访活动扎扎实实的深入持久的开展下去责任编辑张平媛相关阅读复制网址打印分享到每日推荐我校处级干部参观市反腐倡廉警示教育基地标兵故事蔡晗不忘初心方得始终标兵故事蔡晗不忘初心方得始终大连日报化工与环境生命学部评选最美团支书打造软件人才创新创业的摇篮新闻聚焦打造软件人才创新创业的摇篮大工学子在全国大学生金融创意设计大赛中喜获佳绩大工记者团和广播台获辽宁省十佳校媒称号数学科学学院党委积极开展与王家村党委共建活动机械工程学院人参加入党积极分子培训推荐视频钱令希诞辰百年纪录片发布预告年月日大工新闻学校隆重举行庆祝中国共产党成立周年大会为梦连理大连理工大学招生宣传片焦点图片毕业季校园里那抹亮色美女毕业生遇见特色学位服毕业季大学四年最遗憾的那些事毕业季最大工难忘凌工路号那件事大工建筑篇一你不得不知道的那些楼排行榜点击标兵故事李思远千淘万漉虽辛苦吹尽狂标兵故事李轶瑶执一而专心致志行微而校领导就推进学校改革发展征求意见校园交通安全再聚焦明星教师张旭泉大工财务网上报账系统已正式启用大工学报社科版荣膺全国高校百强社科期刊走进校友校友年度人物耿洪臣忘字何解怎样落笔都不对运载学子在全国船舶与海洋工程设计大赛中斩获第一页内容缓存全文内容缓存根据设置字体大小并初始化按钮请选择投票选项最多允许选项单页阅读分页阅读单页阅读分页阅读控制内容区域的的图片大小并为过大的图片添加查看原图复制网址复制链接成功被浏览器拒绝请在浏览器地址栏输入并回车然后将设置为复制链接成功改变字号小本文地址电话版权所有大连理工大学新闻中心
-1
