http://news.dlut.edu.cn/article/2016/0706/67702.shtml
29
151
26
123
123
128
167
167
162
162
111
142
110
空间智能硬件团队用青春坚守的创业情怀新闻聚焦大工新闻网首页新闻图片视频报纸广播首页新闻新闻聚焦正文空间智能硬件团队用青春坚守的创业情怀作者刘禹彤来源创新创业学院时间点击在日前结束的辽宁省第三届大学生创新创业年会上我校空间智能硬件团队的三项参赛作品分别获得两项创业推介项目和一项最佳创意项目可穿戴定位手环一个都不能少与大连龙田科技有限公司签署了万元的投资意向协议智能硬件团队是创新创业学院空间的创新创业团队之一这个拥有名学生成员的团队自成立以来陆续研制出了跟踪随动异形轮式仿生机器人腕带式手指动作识别系统光固化打印机等余项创新创业作品成立了智能寝室等个学生创业团队并成功孵化了派空间科技有限公司大连卓智科技有限公司等多家创新企业对于这个平均年龄只有岁的团队来说创新是一种历久弥新的学习态度创业则是一份值得用青春坚守的情怀惊天动地的青春使命创业项目一个都不能少的创作灵感源于一份网络数据在中国每年有万儿童走失被找回的不足在美国被找回的儿童比例则高达智能硬件团队成员创新实践班班长高大量被这则消息深深触动年轻的他从未想过电影一个都不能少的剧情竟真实存在于周围的生活中当高大量把这个消息分享给团队的其他成员后一个惊天动地的想法便在他们心中埋下了种子如果有一天我们能设计出一款公益产品通过实现家长对孩子的定位功能降低儿童的走失概率就能让更多的家庭不再承担失孤之痛带着这份关于责任的追寻几个小伙子在智能硬件实验室开始了夜以继日的研究通过努力他们将定位系统与可穿戴设备相结合通过一个简单的手环就实现了家长对孩子的定位这套设备的户外定位非常精准可以形成直径米的保护范围这样的精度为遗失孩子的家长提供了更长的反应时间这套设备也可以放置在孩子的鞋里贴身的衣服上在自然的状态下形成对孩子的保护谈到融资后的发展意向高大量充满了期待希望能进一步提升产品的功能尽快投入量产让这项公益事业发挥它应有的价值改变世界的青春梦想月日教育部科技发展中心举办的下一代互联网技术创新大赛官方微信推出了一篇题为大连理工创新团队智能穿戴急需找到下一个突破点的文章报道了全国赛一等奖作品我校空间智能硬件团队的创业项目基于的腕带式手势识别系统这个集众多奖项于一身的产品从设计到生产全部由智能硬件团队的成员亲手完成其核心技术在于手势的识别技术在创新创业学院副院长吴振宇的指导下这项设备实现了通过的光反射传感器阵列获取皮肤到腕带间距的复杂功能可以精准地计算出手腕的轮廓信息其应用领域也逐步从手势识别扩大到控制智能家居未来还将代替虚拟现实套件中的手柄带给玩家更自由的使用体验从全国首届互联网大赛银奖到下一代互联网创新大赛一等奖再到省大创年会的创业推介项目每一次的比赛对项目组成员来说都是收获和成长他们一次又一次改进产品市场细分不断探索着更优化的产品方案为改变世界的青春梦想不断拼搏项目负责人吴冀平在一次比赛结束后接受新华社记者采访时表示小微创业项目也应该承担起一定的社会责任把更多的科技创新体验带向世界的不同角落敢闯会创的青春宣言在空间智能硬件团队有一句众人皆知的创业宣言挑战常规改写世界这里的每一位成员都养成了批判性的思维方式墨守成规的意见在这里几乎很难得到认可每周我们都固定开展两次火药堂活动激烈的思维碰撞让我们感到非常有趣团队成员蔡天驰在这里先后参与完成了四项创新项目其中两项已经成功转化为创业企业并已逐步实现盈利敢闯会创四个字在他看来是青年创客的必备素质保持激昂的斗志和过硬的技术是创业擂台上的致胜关键为了培养学生的创新意识和创业技能空间陆续开展了以七色迷彩营为主题的培训交流活动学生在红火药塔中以头脑风暴的形式激发创造灵感在橙兵法说中学习创业导师传授的创业秘笈黄补给站通过学科交叉扩充学生知识容量绿演习堂通过路演实战完善团队建设一年一度的青司令馆让创业领袖在创业大赛中得到历练蓝星计划让双创氛围得以繁荣紫军功章则以表彰的形式弘扬创业榜样的力量通过在空间七色迷彩营中的训练学生逐步完成由入门新手到双创精英的成长与蜕变创业对他们来说不只是一项倾注了心血的事业更是一份值得用青春坚守的情怀目前空间智能硬件团队正在为即将到来的第二届中国互联网大学生创新创业大赛进行紧张筹备创新创业学院院长智能硬件团队指导教师冯林表示希望更多大学生加入创新创业的阵营到空间做一名敢闯会创的青年创客责任编辑张平媛复制网址打印每日推荐空间智能硬件团队用青春坚守的创业情怀大工人物校友篇陈松执着担当的理工男大工人物校友篇陈松执着担当的理工男我校学子杨帆当选夏季达沃斯论坛代表王新浩校友出任浦发银行副行长原管理学院经济系届本科校友毕业十周年重聚母建艺研究生志愿者返爱社会放飞梦想两学一做全燮教授在环境研究生中开展导师带两学一做化环生学部党委委员张淑芬教授到基层两学一做遵崇党章遵守党规做合格党员推荐视频钱令希诞辰百年纪录片发布预告年月日大工新闻学校隆重举行庆祝中国共产党成立周年大会为梦连理大连理工大学招生宣传片焦点图片毕业季校园里那抹亮色美女毕业生遇见特色学位服毕业季大学四年最遗憾的那些事毕业季最大工难忘凌工路号那件事大工建筑篇一你不得不知道的那些楼排行榜点击面孔优秀共产党员党务工作者掠影辽宁省委书记李希视察大连理工大学组图心声师生热议习总书记建党周年校长郭东明会见荆楚理工学院校长谭晓明中组部两学一做学习教育督导组到大工实地评论党旗猎猎别样红誓言铮铮壮征程辽宁省社科联主席孙成杰一行来我校调研大连理工大学在辽宁省大学生创新创业年会中再我校首次通过实验发现低气压等离子体中的辉光加强党性锤炼做忠诚干净担当的好干部第一页内容缓存全文内容缓存根据设置字体大小并初始化按钮请选择投票选项最多允许选项单页阅读分页阅读单页阅读分页阅读控制内容区域的的图片大小并为过大的图片添加查看原图复制网址复制链接成功被浏览器拒绝请在浏览器地址栏输入并回车然后将设置为复制链接成功改变字号小本文地址电话版权所有大连理工大学新闻中心
