http://news.dlut.edu.cn/article/2016/0420/66029.shtml
11
143
261
165
165
240
240
352
352
267
267
140
时兴隆国防生标兵和他的强军梦大工人物大工新闻网首页新闻图片视频报纸广播首页新闻大工人物正文时兴隆国防生标兵和他的强军梦作者记者团胡天昊张可欣来源宣传部新闻中心时间点击编者按一年一度的大学生征兵工作已经启动大学生征兵集结号再次吹响身在大工的你是否也有一个军营梦携笔从戎立壮志精文尚武塑军魂在大工的校园里有这样一群身着迷彩的国防生们在铸剑阁和训练场奋斗着属于他们的别样青春大工人物优秀国防生标兵系列访谈走进国防生标兵们不一样的奋斗故事与他们的强军梦想四月的大工校园里玉兰花开春意盎然每天清晨六点随着铸剑阁里一声哨响时兴隆都会早早醒来叠豆腐块穿衣洗漱铸剑阁下集合这一串熟悉的动作一重复就是近四年的时间预备跑一列列整齐的国防生早操队伍沿着西山的坡道向中心体育场的方向跑去这是时兴隆熟悉的每一天的开端也是他大学四年所剩不多的日常携笔从戎立壮志精文尚武塑军魂和很多国防生的弟兄们一样四年里时兴隆也因训练流过血滴过汗但回望这段即将结束的国防生生涯时兴隆却不言辛苦更多地则是感慨和不舍也就是一眨眼的功夫我也是毕业生了很快就将要离开大工可说句真心话在走进铸剑阁之前我从未拥有过如此充实的生活这四年特别值奋斗之旅铸就坚韧品格我和室友刚见面的时候大家都还留着长头发时兴隆笑着说大一刚入学时兴隆作为建设工程学部的级国防生走进大工来到铸剑阁周遭熙熙攘攘的人群抬头便可见宿舍楼上的铸剑阁三个大字时兴隆突然意识到国防生这个词不再遥远他已经成为了其中的一员就是走进铸剑阁的那一刻吧我觉得自己的大学生活注定不太一样我期待这是一场奋斗之旅回忆起刚入学时的感受时兴隆似乎从来没有忘记过自己最初的那份梦想与地方生不同国防生的军训更为严格高中时期体质一般的时兴隆在第一天军训时就懵了站军姿迈正步完完全全是部队的作风和要求一整天下来脚都是软的时兴隆说军训时期的一次午休期间时兴隆躺在床上思考着自己能否坚持下去此时不知道是哪个室友开了腔大家就聊起了心中的想法当时我才发现大家都是在熬我们聊着聊着就觉得只要继续熬下去一切都能够克服这是时兴隆的第一次蜕变参加体能尖刀排是时兴隆的又一次改变特别痛苦时兴隆这样描述训练的感受前滚翻后滚翻冲膝这些在军旅题材电视剧上常见的动作并没有看起来那么简单当时我们都是第一次进行这些动作练习开始看学长演示的时候自我感觉还没那么难可到自己上阵了才发现要做到规范标准根本没有那么轻松为了在最后的演练中有完美的表现每个人都得刻苦训练把各类动作重复一遍又一遍身体在坚硬的地面上翻滚自然免不了受伤前滚翻时左肩总是最先着地磕到石头上就会破皮但是我们没有一个人打退堂鼓时兴隆讲最后的三角阵追求的是一个集体效果少了谁都不行每次训练结束后时兴隆和室友们就把自己锁在寝室里咬住牙往伤口上贴药要强的时兴隆和室友不想让自己的兄弟们看到苦心人天不负体能尖刀排的表演大获成功当时真的是每一个人都热泪盈眶时兴隆笑着说战术训练军区体能大比武集训威风锣鼓队表演这一次次的历练锻炼着时兴隆坚韧的品质也更加坚定了他扎根军营献身国防的信心投身国防不忘学业大三这年是时兴隆第三次获得优秀国防生标兵的称号我是国防生但同时也是一名大工的学生学习自然不能够落下时兴隆一直对自己的专业学习十分重视作为国防生日常的训练会占用大量的时间时间越紧越要懂得珍惜大一时时兴隆通过选拔成为峰岚杯文艺大赛建设工程学部的参赛成员从前没有学习过舞蹈的他每晚都得跟着学长们一点一点地练习基础舞步开肩压腿踩点每样都得从头开始练饶是如此练习的间隙他总会掏出一本高数或是线代看上一会大一的期中考试我三门的成绩很不理想所以那之后我开始学会把握住一切能利用的时间用心钻研课本从此时兴隆每天都要抽出一两个小时来进行他那雷打不动的自习直到今天学年时兴隆以必修加权平均成绩在级队人中排第名在国防生实习营土木专业中排名第一并在之后连续三年保持排名第一他还在优秀学生奖学金评比中获得一次学习优秀奖学金二等与两次精神文明奖学金在优秀国防生奖学金中获得了三次学习科研奖学金一等三次作风养成奖学金一次文体活动奖学金两次实践锻炼奖学金在专项奖学金中获得了建工中国路桥奖学金校三好学生连续三年优秀国防生标兵作风建设标兵优秀教官这一长串的荣誉背后是时兴隆的对自己的严格要求和辛苦付出国防生标兵竞选的答辩上时兴隆被问了这样一个问题你是怎样维持好自己的学习成绩并如何帮助其他同学的时兴隆回答道首先自己得努力上课认真听课后还得保证一定的时间去复习回顾务必保证自己的学习不落后当然也非常感谢老师们的帮助为我答疑解惑帮助其他同学主要是会把老师划的重点难点和同学们分享大家一起共同进步最值得的事情是当连队指导员我还记得新生入校时他们每个人拿着大大小小的行李箱在父母的陪同下走进了铸剑阁看着他们青雉的面庞很学生气的发型我好像看见了从前的自己时兴隆回忆道时兴隆已经担任了两年的连队指导员他觉得对他而言这是大学生活中最难忘的一件事四连的这些孩子们我是看着他们一点一点成长起来的他说为了提高四连全体同学的成绩每天晚上时兴隆都会组织这些大二的孩子们学上一两个小时我就在他们旁边督促他们这样的话自习效率也会高一点有时他也会为连队的同学们买来水果替他们加油打气当连队有人过生日时他会把大家组织起来唱生日歌对于连队中少有的女生时兴隆也有他细腻温柔的一面我经常和连队的男孩子们说每个人都是水和泥做的可能男生泥多一点女生水多一点我希望你们能够多拿出自己温柔的一面去关照我们的连花不要让她们觉得身在国防生中感到孤单对连队的孩子们还需要付出更多的耐心和感情时兴隆说不管怎样他们在我心中始终是最棒的谈起连队的学弟学妹刚训练完原本满脸疲惫的时兴隆开心的笑了四年的国防生生活时兴隆渐渐褪去当初的那份青涩成长为一名铁骨铮铮的准军人在努力成为一名真正军人的道路上即便流血流汗他依然昂首朝前迷彩青春志铸军魂作为一名国防生一名即将真正走进投身部队的毕业生时兴隆无时无刻不铭记着他的强军梦想奋斗不止献身国防责任编辑张平媛复制网址打印每日推荐时兴隆国防生标兵和他的强军梦大连晚报大工新版学位证书亮相本月将正式启大连日报理工大学摘得世界华语辩论锦标赛冠军大连天健网大工新版学位证书出炉搜狐网从今天起大工的学位证书是这样的东北新闻网大工新版学位证书亮相本月将正式大工辩论队问鼎世界华语辩论锦标赛冠军高新区教育局到大工附校开展调研第四届欧波同杯大学生金相技能大赛闭幕聚焦社会企业在创业中体味担当与责任推荐视频钱令希诞辰百年纪录片发布预告年月日大工新闻学校隆重举行庆祝中国共产党成立周年大会为梦连理大连理工大学招生宣传片焦点图片毕业季校园里那抹亮色美女毕业生遇见特色学位服毕业季大学四年最遗憾的那些事毕业季最大工难忘凌工路号那件事大工建筑篇一你不得不知道的那些楼排行榜点击大工连理恋你历史对比照穿越时空的爱恋肆意舞大工大连的倾城之恋共赴软件校区春天之约建校周年周年校庆纪念版大工名片限量大工新版学位证书亮相本月将正式启用郭东明校长与师生共庆建校周年建校周年万名校友更换连理头像为大优秀研究生标兵牛方勇选择远方风雨兼程建校周年不变的爱恋致母校第一页内容缓存全文内容缓存根据设置字体大小并初始化按钮请选择投票选项最多允许选项单页阅读分页阅读单页阅读分页阅读控制内容区域的的图片大小并为过大的图片添加查看原图复制网址复制链接成功被浏览器拒绝请在浏览器地址栏输入并回车然后将设置为复制链接成功改变字号小本文地址电话版权所有大连理工大学新闻中心
-1
