http://news.dlut.edu.cn/article/2014/0527/55186.shtml
10
165
165
240
240
352
352
267
267
363
26
大工微访谈央视新闻中心主任编辑王阳走进大工大工新闻网首页新闻图片视频报纸广播首页新闻信息预告讲座正文大工微访谈央视新闻中心主任编辑王阳走进大工来源宣传部新闻中心时间点击大工微访谈第六期你也可以成为央视人为培养学生的理想主义精神和实干能力提高大学生的就业素质为热爱传媒的学生搭建一个和社会直接沟通的平台校党委宣传部新闻中心学生记者团举办的第六期大工微访谈邀请到央视主编王阳为大家讲述一名资深央视人的心路历程欢迎大家踊跃参加主题你也可以成为央视人主讲人中央电视台新闻中心主任编辑王阳时间月日周二晚六点地点八角楼王阳现任中央电视台新闻中心主任编辑本周栏目的制片人及主编中国传媒大学南昌大学客座教授年进入央视曾是新闻联播实现直播的主力编导从香港回归到神舟五号载人飞船发射成功他参与了中国近十几年来所有重大历史性事件的直播报道工作其新闻作品先后获得中国新闻奖中国广播电视新闻奖五一新闻奖等奖项相关阅读复制网址打印分享到每日推荐我校处级干部参观市反腐倡廉警示教育基地标兵故事蔡晗不忘初心方得始终标兵故事蔡晗不忘初心方得始终大连日报化工与环境生命学部评选最美团支书打造软件人才创新创业的摇篮新闻聚焦打造软件人才创新创业的摇篮大工学子在全国大学生金融创意设计大赛中喜获佳绩大工记者团和广播台获辽宁省十佳校媒称号数学科学学院党委积极开展与王家村党委共建活动机械工程学院人参加入党积极分子培训推荐视频钱令希诞辰百年纪录片发布预告年月日大工新闻学校隆重举行庆祝中国共产党成立周年大会为梦连理大连理工大学招生宣传片焦点图片毕业季校园里那抹亮色美女毕业生遇见特色学位服毕业季大学四年最遗憾的那些事毕业季最大工难忘凌工路号那件事大工建筑篇一你不得不知道的那些楼排行榜点击标兵故事李思远千淘万漉虽辛苦吹尽狂标兵故事李轶瑶执一而专心致志行微而校领导就推进学校改革发展征求意见校园交通安全再聚焦明星教师张旭泉大工财务网上报账系统已正式启用大工学报社科版荣膺全国高校百强社科期刊走进校友校友年度人物耿洪臣忘字何解怎样落笔都不对运载学子在全国船舶与海洋工程设计大赛中斩获第一页内容缓存全文内容缓存根据设置字体大小并初始化按钮请选择投票选项最多允许选项单页阅读分页阅读单页阅读分页阅读控制内容区域的的图片大小并为过大的图片添加查看原图复制网址复制链接成功被浏览器拒绝请在浏览器地址栏输入并回车然后将设置为复制链接成功改变字号小本文地址电话版权所有大连理工大学新闻中心
-1
