http://news.dlut.edu.cn/article/2016/0623/67450.shtml
13
177
264
287
165
165
240
240
352
352
267
267
287
330
我校与中科院联合培养的首届华罗庚班学子顺利毕业综合新闻大工新闻网首页新闻图片视频报纸广播首页新闻综合新闻正文我校与中科院联合培养的首届华罗庚班学子顺利毕业届华罗庚班毕业生全部攻读研究生作者隋晓妍来源数学科学学院时间点击月日上午大连理工大学中国科学院数学与系统科学研究院届华罗庚班毕业仪式在我校国际会议中心第二会议室举行大连理工大学党委副书记副校长宋丹中国科学院数学与系统科学研究院副院长巩馥洲中科院大学校友会理事长华罗庚先生之子华光中科院数学与系统科学研究院研究生部主任邵欣我校教务处学生工作处负责人数学科学学院党政班子成员出席毕业仪式学院各年级华罗庚班学生均参加仪式欢送届毕业生仪式由数学科学学院党委书记刘西民主持在毕业仪式上数学科学学院院长卢玉峰宣读届华罗庚班毕业学生名单及毕业去向届华罗庚班毕业生全部攻读研究生在数学及相关领域继续深造他们也是我校与中科院联合培养的首届华罗庚班毕业生卢院长表达了对毕业生们的祝福和期望宋丹巩馥洲华光三位领导分别代表大连理工大学中科院数学与系统科学研究院和华罗庚先生家属共同为学生颁发毕业证书毕业生代表马晨阳同学发言他代表届华罗庚班毕业生对母校及中科院老师们的精心培养和辛苦付出表达感恩之情学生代表向华光教授和中国科学院敬送首届毕业生们自制的礼物中国科学院数学与系统科学研究院副院长巩馥洲在致辞中表示首届华罗庚班从成立到圆满毕业在两校的共同努力和不断探索中取得了成效祝福毕业生们在未来获得更多精彩也期待中科院与大工之间的合作进一步深化华光教授回忆了父亲华罗庚先生求学的过程和对数学的执着并表达了华老对中国数学和中国年轻人的期待华光教授鼓励毕业生们发扬华罗庚精神刻苦学习为中国的数学发展贡献力量我校党委副书记副校长宋丹在致辞中对中科院一行来校表示欢迎对中科院和我校老师给予学生的关怀和帮助表示感谢并对我校首届华罗庚班学生顺利毕业表示祝贺他指出一个国家的富有取决于国民的素养寄语毕业生们要有批判精神独立的思考和思辨的能力希望他们不忘初心全面发展在未来科学研究的道路上取得新的硕果并鼓励在场低年级华罗庚班同学希望他们以首届华罗庚班学生为榜样不断探索成为真正对国家社会有贡献的人毕业仪式结束后双方领导与首届华罗庚班全体毕业生亲切合影华光教授和巩馥洲教授分别为同学们带来了题为我所知道的父亲华罗庚和中国数学的发展态势及挑战两场精彩讲座责任编辑张平媛复制网址打印每日推荐两学一做盘锦校区党工委开展专题一集中学习研学校召开关于全国第四轮学科评估第五次工作会议毕业不说再见物理学院特色活动培育思源爱校情怀我校与中科院联合培养的首届华罗庚班学子顺利毕业建党周年实干与创新并重融合和延伸并举两学一做讲政治实现中国梦讲规矩做合格党组图毕业晚会散场离歌时却难说再见辽宁日报本周末有两场高招咨询会新商报所高校周六在大工召开招生咨询会大连日报所工程高校本周六在理工大推荐视频钱令希诞辰百年纪录片发布预告年月日大工新闻学校隆重举行庆祝中国共产党成立周年大会为梦连理大连理工大学招生宣传片焦点图片毕业季校园里那抹亮色美女毕业生遇见特色学位服毕业季大学四年最遗憾的那些事毕业季最大工难忘凌工路号那件事大工建筑篇一你不得不知道的那些楼排行榜点击我们毕业了毕业晚会散场离歌时却难说再见大连理工大学届毕业典礼暨学位授予仪式隆中国科学院院士赵东元教授受聘我校兼职教授物理与光电工程学院学霸寝让优秀成为一名优秀研究生学子获英特尔奖学金我校四个专业接受全国工程教育专业认证现场考郭东明校长会见国家留学基金委秘书长刘京辉紧抓机遇直面挑战统筹推进学校双一流郑州航空工业管理学院校长李勇一行访问我校第一页内容缓存全文内容缓存根据设置字体大小并初始化按钮请选择投票选项最多允许选项单页阅读分页阅读单页阅读分页阅读控制内容区域的的图片大小并为过大的图片添加查看原图复制网址复制链接成功被浏览器拒绝请在浏览器地址栏输入并回车然后将设置为复制链接成功改变字号小本文地址电话版权所有大连理工大学新闻中心
-1
