http://news.dlut.edu.cn/article/2016/0706/67558.shtml
13
341
70
165
165
240
240
352
352
267
267
254
20
190
建艺研究生志愿者返爱社会放飞梦想菁菁校园大工新闻网首页新闻图片视频报纸广播首页新闻菁菁校园正文建艺研究生志愿者返爱社会放飞梦想建筑与艺术学院研究生志愿者长期义务支教西岗区滨海小学作者李雨晴庞锐来源研究生院时间点击奉献友爱互助进步是志愿服务的核心精神是社会主义核心价值观的重要要求为积极弘扬社会主义核心价值观从实际出发做当代大学生青年力所能及的事大连理工大学建筑与艺术学院研究生会以返爱社会放飞梦想为主题长期赴大连市西岗区滨海小学开展义务支教志愿服务活动自年月日起共开展义务支教场对滨海小学小学生进行艺术启蒙课程的义务指导秉承无私奉献和志愿服务的精神用大爱续写感动每周二志愿者们都会前往滨海小学和孩子们一起绘画制作工艺品课堂中每当遇到问题他们都会举起肉嘟嘟的小手呼唤老师过来帮忙志愿者们会耐心的回答孩子的每一个问题给他们做示范当他们难以操作时志愿者便握着他们的小手大手握着小手一起操做在教授的过程中志愿者们发现每一个孩子都足够聪明只要你肯付出耐心就会收获一份意想不到的惊喜当他们将做好的工艺品和绘画作品双手捧到志愿者面前说老师辛苦了的那一刻内心满满的都是感动每位志愿者在上课之前都会阅读大量关于儿童教育心理的相关书籍以此了解孩子们心中的所思所想因此志愿者们在课上从不吝啬对孩子们的表扬即便他们没有做到完美志愿者们也会表达出由衷的赞美与欣赏这样孩子们会更加积极地去尝试去学习去交流他们的创作想法去讲诉作品背后的故事这时你会惊奇的发现孩子们描述的场景瞬间将你带入充满童趣的美好世界当中和孩子们相处的时光美好而短暂每个志愿者和孩子们从陌生到熟悉每一瞬间都凝结成了深厚的感情通过此次活动让孩子用双手和幼小心灵去发现美鉴赏美体验美表现美使孩子的艺术欣赏能力得到了提高同时志愿服务精神所带来的感动充溢每个志愿者心中每名志愿者均希望以此能引起社会对留守儿童的广泛关注将志愿服务精神传递到社会的每个角落脚踏实地持之以恒以爱心为支点以奉献为能量建筑与艺术学院研究生志愿者将认真践行社会主义核心价值观将爱心传递将奉献延续号召更多的研究生同学参与到义务支教服务之中参与到志愿服务之中责任编辑张平媛复制网址打印每日推荐建艺研究生志愿者返爱社会放飞梦想研究生心理活动月系列活动举办两学一做全燮教授在环境研究生中开展导师带两学一做化环生学部党委委员张淑芬教授到基层两学一做遵崇党章遵守党规做合格党员两学一做数学科学学院师生党员集中学习党章党钱令希院士诞辰百年系列纪念活动将掀高潮两学一做以丰富的党日活动庆祝党的岁华诞首期软件工程青才论坛在开发区校区举行建党周年机关党委举办系列党课活动推荐视频钱令希诞辰百年纪录片发布预告年月日大工新闻学校隆重举行庆祝中国共产党成立周年大会为梦连理大连理工大学招生宣传片焦点图片毕业季校园里那抹亮色美女毕业生遇见特色学位服毕业季大学四年最遗憾的那些事毕业季最大工难忘凌工路号那件事大工建筑篇一你不得不知道的那些楼排行榜点击面孔优秀共产党员党务工作者掠影辽宁省委书记李希视察大连理工大学组图心声师生热议习总书记建党周年校长郭东明会见荆楚理工学院校长谭晓明中组部两学一做学习教育督导组到大工实地钱令希院士诞辰百年胡文瑞院士做客大工评论党旗猎猎别样红誓言铮铮壮征程辽宁省社科联主席孙成杰一行来我校调研大连理工大学在辽宁省大学生创新创业年会中再我校首次通过实验发现低气压等离子体中的辉光第一页内容缓存全文内容缓存根据设置字体大小并初始化按钮请选择投票选项最多允许选项单页阅读分页阅读单页阅读分页阅读控制内容区域的的图片大小并为过大的图片添加查看原图复制网址复制链接成功被浏览器拒绝请在浏览器地址栏输入并回车然后将设置为复制链接成功改变字号小本文地址电话版权所有大连理工大学新闻中心
-1
