http://news.dlut.edu.cn/article/2016/0707/67628.shtml
15
177
269
165
165
240
240
352
352
267
267
254
20
190
70
60
王凤海校友出任大商所党委副书记总经理综合新闻大工新闻网首页新闻图片视频报纸广播首页新闻综合新闻正文王凤海校友出任大商所党委副书记总经理作者校友工作处来源校友工作处时间点击日前中国证监会党委决定我校化工级校友王凤海任大连商品交易所党委副书记总经理王凤海年年在我校化工学院学习先后获得学士学位和硕士学位年通过公开考试进入大连商品交易所工作作为成立初期十几名员工中的一员他从基层做起历任大连商品交易所综合部部长高级总监总经理助理党委委员副总经理党委副书记总经理大连商品交易所成立于年月日是经国务院批准并由中国证监会监督管理的四家期货交易所之一也是中国东北地区唯一一家期货交易所经中国证监会批准目前上市交易的期货品种共计个根据美国期货业协会公布的全球主要衍生品交易所成交量排名年大商所在全球排名第位期货成交量达亿手成交额万亿元人民币新形势下大商所正努力从单一封闭的期货市场向多元开放综合性衍生品市场转变将交易所建成国际一流的期货市场为相关产业和实体经济发展以及东北地区振兴做出更大的贡献责任编辑张平媛复制网址打印每日推荐王凤海校友出任大商所党委副书记总经理大连日报井冈山精神专家谈大连日报重温入党誓词牢记宗旨信念大连晚报大连理工大学成立创业新媒体中心青岛日报大连理工新能源材料研究院入驻蓝色硅青岛网络电视台蓝色硅谷再添生力军大连理工凤凰网大连理工青岛新能源材料技术研究院新商报充分发挥大连在辽宁全面振兴中的排头兵大连晚报听他的现场观众都成最强大脑新生案例分析实践课商学院的学生如何预测未推荐视频钱令希诞辰百年纪录片发布预告年月日大工新闻学校隆重举行庆祝中国共产党成立周年大会为梦连理大连理工大学招生宣传片焦点图片毕业季校园里那抹亮色美女毕业生遇见特色学位服毕业季大学四年最遗憾的那些事毕业季最大工难忘凌工路号那件事大工建筑篇一你不得不知道的那些楼排行榜点击面孔优秀共产党员党务工作者掠影辽宁省委书记李希视察大连理工大学组图心声师生热议习总书记建党周年校长郭东明会见荆楚理工学院校长谭晓明中组部两学一做学习教育督导组到大工实地辽宁省社科联主席孙成杰一行来我校调研评论党旗猎猎别样红誓言铮铮壮征程钱令希院士诞辰百年系列纪念活动将掀高潮加强党性锤炼做忠诚干净担当的好干部中组部人才工作局领导来校看望千人计划第一页内容缓存全文内容缓存根据设置字体大小并初始化按钮请选择投票选项最多允许选项单页阅读分页阅读单页阅读分页阅读控制内容区域的的图片大小并为过大的图片添加查看原图复制网址复制链接成功被浏览器拒绝请在浏览器地址栏输入并回车然后将设置为复制链接成功改变字号小本文地址电话版权所有大连理工大学新闻中心
-1
