http://news.dlut.edu.cn/article/jianghua/1.shtml
80
33
234
177
341
195
145
242
268
143
56
127
101
67
134
160
145
242
268
143
56
127
101
67
134
160
138
81
71
19
268
182
280
346
316
24
64
205
17
120
304
349
152
207
342
3
232
62
229
144
9
136
136
365
148
289
189
131
239
313
42
368
46
165
165
240
240
352
352
267
267
320
287
330
322
313
279
295
264
334
228
领导论坛大工新闻网每日推荐字体大小设置清除背景颜色效果边框清除栏目内容文字居左设置调整宽度是注意对应左边栏文字居左设置导航目录颜色调整设置宣传部站群海燕网星海夜话手机版新闻线索预约采访会员投稿留言板学校要闻综合新闻菁菁校园新闻聚焦校园视点信息预告媒体大工领导论坛大工人物校友之声学术动态大工往事部院风采合作交流专题新闻校园视点信息预告媒体大工领导论坛大工人物校友之声学术动态大工往事部院风采合作交流专题新闻精彩瞬间光影四季人文艺术校史钩沉第一时间大工新闻在你身边专题报道校园文艺校园拍客今日大工大工讲坛关于团队校史故事品学校园文艺校园拍客今日大工大工讲坛关于团队校史故事品学十七点播报广播台新闻节目综艺节目外文节目专题节目广播剧下载首页新闻领导论坛申长雨校长在年秋季开学干部大会上的讲话年月日申长雨校长在庆祝第个教师节暨教书育人表彰大会上的讲话年月日申长雨校长在大连理工大学级新生开学典礼上的讲话年月日张德祥书记在庆七一创先争优总结暨表彰会上的讲话年月日校长在届研究生毕业典礼上的讲话年月日校长在届毕业典礼上的讲话年月日张德祥书记在中国教育报上关于协同创新的署名文章年月日校长参加两会期间接受媒体采访年月日校长十届一次教代会工作报告年月日建立企业为主体的技术创新体系年月日张德祥书记在双代会闭幕式上的讲话年月日张德祥认清大学的双重文化使命光明日报年月日张德祥书记在中心组扩大学习会上的讲话年月日校长在教师节表彰大会上的讲话年月日校长在年秋季开学干部大会上的讲话摘要年月日张德祥书记在庆祝中国共产党成立周年暨全校两优两先表彰大会上的讲话年月日校长在届毕业典礼上的讲话年月日校长针对加强就业研究工作发表重要讲话年月日校长在年秋季开学干部大会上的讲话年月日校长在庆祝教师节暨教育教学表彰大会上的讲话年月日上一页下一页每日推荐两学一做向原著学向传统学向老党员学建设工程学部召开本科生培养方案论证会人文学部举行届毕业生学位授予仪式暨毕业典礼建党周年把心交给学生的良师严守政治纪律和政治规矩围绕学部发展履职尽责建党周年以党建品牌为引领建设学习型服务组图在现场图说庆祝中国共产党成立周年大毕业季属于机械学子的独家机忆真心传递母校情真爱融注毕业季新版学位证书背后的故事推荐视频钱令希诞辰百年纪录片发布预告年月日大工新闻学校隆重举行庆祝中国共产党成立周年大会为梦连理大连理工大学招生宣传片焦点图片毕业季校园里那抹亮色美女毕业生遇见特色学位服毕业季大学四年最遗憾的那些事毕业季最大工难忘凌工路号那件事大工建筑篇一你不得不知道的那些楼排行榜点击大工欢迎你你的大工你定义毕业晚会散场离歌时却难说再见大连理工大学届毕业典礼暨学位授予仪式隆坚持党的领导加强党的建设为全面推进特色在现场图说庆祝中国共产党成立周年大会学校领导与毕业生共进午餐情浓意切送祝福毕业文化衫连理同心专属研究生的温暖记我校与中科院联合培养的首届华罗庚班学子顺利届毕业晚会华美落幕做有价值的人创造无愧于时代的人生电话版权所有大连理工大学新闻中心
-1
