http://news.dlut.edu.cn/article/2016/0706/67666.shtml
14
341
32
60
165
165
240
240
352
352
267
267
254
20
190
新生案例分析实践课商学院的学生如何预测未来菁菁校园大工新闻网首页新闻图片视频报纸广播首页新闻菁菁校园正文新生案例分析实践课商学院的学生如何预测未来作者教育中心来源管理与经济学部时间点击月日上午在丁永健副教授精彩的专题讲座下我们开启了级新生案例分析实践课程此次课程在大连沈阳上海深圳同时举行参与师生人数达到余人新生案例分析实践课程自年开始我校创新性地面向新生启动该课程已被纳入教学计划中实践教学的必修环节案例教学已成为我校的核心竞争力之一覆盖教学的全过程此课程主要强化我们综合运用知识解决分析实际问题的能力通过案例分析运用相关理论解决问题每年都在师生中得到强烈的反响让学生受益良多此次专题讲座我们有请到的是丁永健副教授丁老师有着丰富的指导经验其指导的我校历届企业诊断咨询实践课程和企业案例分析实践课程的团队均有入围总决赛奖项丁永健老师诙谐幽默的向新生们介绍了案例分析实践课程方法与技巧让大家在笑声中了解此课程并充满期待丁老师援引美国商学院教授讲授的一个故事说他有一个朋友特别会钓鱼他咨询他朋友钓鱼的第一大诀窍他朋友回答说就是到有鱼的地方去钓鱼接着丁老师问在座的学生商学院的学生如何预测未来不容大家思考与回答丁老师就给出了底气十足的答案你自己去创造它最后丁老师给大家三个忠告一是这一个月你们要有思想准备会超乎寻常的累商学院的学生累是正常的逼着你做更好时间管理逼着你提升自我成为更卓越的管理者二是不要自我放逐要积极参与要学会倾听与表达要充分展示自我不要放弃锻炼自我提升自我的机会三是乐趣超乎您的想象收获超出你的意料结束时丁老师说实践课程暨大赛不同于大学生辩论赛只有上场队员得到锻炼我们的目标是每个学生都能够得到极佳的锻炼在课程过程中每个学生的表达能力分析问题的能力解决问题的能力得到全面的提升专题讲座后是上一届获奖团队代表经验分享环节首先是来自级班李贺同学他曾是年企业案例分析实践课程大赛和年企业案例分析实践课程大赛总冠军双料冠军队的主力队员他结合自身经历从各个方面讲述了自己从新生的迷茫到走进了解并喜欢上实践课程的心路历程其中不乏他个人独到的见解和深刻的体会让在场的同学又有了更为深刻的认识第二位是级班朱颖同学她就职于英特尔半导体大连有限公司担任亚洲区人力资源法务高级经理十五年外企人力资源专业从业经验让她的介绍更像是一场精彩的大课堂此次圆满结束的讲座摁启了新生案例分析实践课程的按钮本课程将历时一个月相信后续精彩更加值得期待责任编辑张平媛复制网址打印每日推荐新生案例分析实践课商学院的学生如何预测未两学一做运载机关第二党支部以考试检验学习效两学一做电信学部电工电子实验教学中心党支部建工学部举行庆祝建党周年先进事迹展两学一做学习毛丰美模范尽责践行重在实干两学一做建工学部岩土岩石师生党员开展讲规严守党的政治纪律和政治规矩做政治上的明白人学习贯彻习近平七一重要讲话精神推动学校事七一前夕学校领导走访慰问老领导老党员和生活中组部人才工作局领导来校看望千人计划万人推荐视频钱令希诞辰百年纪录片发布预告年月日大工新闻学校隆重举行庆祝中国共产党成立周年大会为梦连理大连理工大学招生宣传片焦点图片毕业季校园里那抹亮色美女毕业生遇见特色学位服毕业季大学四年最遗憾的那些事毕业季最大工难忘凌工路号那件事大工建筑篇一你不得不知道的那些楼排行榜点击面孔优秀共产党员党务工作者掠影辽宁省委书记李希视察大连理工大学组图心声师生热议习总书记建党周年校长郭东明会见荆楚理工学院校长谭晓明中组部两学一做学习教育督导组到大工实地辽宁省社科联主席孙成杰一行来我校调研评论党旗猎猎别样红誓言铮铮壮征程大连理工大学在辽宁省大学生创新创业年会中再我校首次通过实验发现低气压等离子体中的辉光加强党性锤炼做忠诚干净担当的好干部第一页内容缓存全文内容缓存根据设置字体大小并初始化按钮请选择投票选项最多允许选项单页阅读分页阅读单页阅读分页阅读控制内容区域的的图片大小并为过大的图片添加查看原图复制网址复制链接成功被浏览器拒绝请在浏览器地址栏输入并回车然后将设置为复制链接成功改变字号小本文地址电话版权所有大连理工大学新闻中心
-1
