http://news.dlut.edu.cn/article/2016/0728/68501.shtml
13
234
209
271
165
165
240
240
352
352
267
267
82
371
校党委书记王寒松会见解放军驻瓦房店某部韩向春大校学校要闻大工新闻网首页新闻图片视频报纸广播首页新闻学校要闻正文校党委书记王寒松会见解放军驻瓦房店某部韩向春大校作者金玲张若天来源学生处武装部时间点击八一建军节前夕解放军驻瓦房店某部韩向春大校率部队常委来访我校就军地合作和国防生驻训事项进行交流校党委书记王寒松在主楼会议室会见韩向春大校一行双方就加强军地合作及我校国防生培养等事宜进行了深入交流校党委副书记副校长宋丹中国人民解放军驻我校选培办学工部武装部国防教育学院相关负责人陪同会见王寒松书记对韩向春大校一行的来访表示欢迎并对部队长期以来为我校国防生培养工作所作的贡献表示感谢王寒松书记指出党的十八大以来以习近平同志为总书记的党中央高度重视弘扬我党我军优良传统多次强调军民融合发展的重要战略思想大连理工大学是我们党在新中国成立前夕亲手创办的新型正规大学大工办学的红色基因与该部光辉的建军历史有诸多共同特点希望双方加强联系拓宽合作领域共同为国防人才培养国防科技进步贡献力量韩向春大校简要介绍了部队基本情况及军队改革实施的相关情况对我校为军队建设所作的贡献表示感谢希望双方能够进一步拓展合作领域借助我校强大的人才资源和科研实力加强部队信息化建设希望以军地双平台促进双方的文化交流韩向春表示将保障落实好国防生暑期驻训的各项工作为国防生适应部队建功部队打下良好基础会见后校党委副书记副校长宋丹在主楼会议室与韩向春大校一行就年国防生暑期集训及基地建设等进行了详细磋商双方一致认为多年来的人才培养合作卓有成效希望共同加强国防生见习锻炼基地的建设加强保障形成机制为我校国防生培养提供全方位支持将基地打造为国防生军政素质提升的优质平台据了解解放军驻瓦房店某部于年开始正式承担我校国防生暑期见习锻炼任务已先后培养国防生余名月日我校新一批余名国防生将奔赴驻训营地开始为期三周的实地军政训练责任编辑龙海波相关阅读复制网址打印每日推荐钱令希院士百年诞辰学术思想座谈会召开校党委书记王寒松会见解放军驻瓦房店某部韩向春大中国核动力研究设计院黄彦平总工程师受聘大工兼职学校成立防台防汛领导小组动员部署防台防汛工作两学一做学校两学一做学习教育领导小组办学校召开新一届本科生奖学金评审委员会第一次会议软件学子挺进大型机世界杯竞赛全球前十第期辽宁省高校辅导员专题培训班在我校举行统筹规划全面布局因势利导抢抓优秀生源洪晓楠教授被聘为教育部高校思想政治理论课教指委推荐视频钱令希诞辰百年纪录片发布预告年月日大工新闻学校隆重举行庆祝中国共产党成立周年大会为梦连理大连理工大学招生宣传片焦点图片毕业季校园里那抹亮色美女毕业生遇见特色学位服毕业季大学四年最遗憾的那些事毕业季最大工难忘凌工路号那件事大工建筑篇一你不得不知道的那些楼排行榜点击从首届毕业生毕业决心书中传承红色基因大工附校中考成绩再创历史新高中国地震局工程力学研究所所长孙柏涛受聘我校学校召开一级博士学位授权点合格评估校内评审大连理工大学应邀赴美参加微软研究院高峰论洪晓楠教授被聘为教育部高校思想政治理论课教中国核动力研究设计院黄彦平总工程师受聘大工学校召开学科建设专项座谈会软件学子挺进大型机世界杯竞赛全球前大连理工大学与大连海洋大学签署联合人才培养第一页内容缓存全文内容缓存根据设置字体大小并初始化按钮请选择投票选项最多允许选项单页阅读分页阅读单页阅读分页阅读控制内容区域的的图片大小并为过大的图片添加查看原图复制网址复制链接成功被浏览器拒绝请在浏览器地址栏输入并回车然后将设置为复制链接成功改变字号小本文地址电话版权所有大连理工大学新闻中心
-1
