http://news.dlut.edu.cn/article/2016/0330/65625.shtml
9
127
165
165
240
240
352
352
267
267
中国大百科全书管理科学与工程卷分支编委会会议召开学术动态大工新闻网首页新闻图片视频报纸广播首页新闻学术动态正文中国大百科全书管理科学与工程卷分支编委会会议召开作者翟羽佳来源管理与经济学部时间点击月日下午中国大百科全书第三版管理科学与工程卷以下简称大百科全书管工卷大数据与知识管理学科分支第一次编委会会议在我校管理与经济学部召开会议成立了大数据与知识管理学科分支编委会我校系统工程研究所党延忠教授担任学科分支编委会主编郭崇慧教授和吴江宁教授担任学科分支副主编张震讲师担任学科分支编委会秘书编委会成员包括名来自全国各高校和中国科学院的本领域知名专家学者党延忠教授在会上介绍了大数据与知识管理学科分支编委的职责和条目设计的体系结构与会编委就本学科分支条目设计的体系结构和工作分配进行了热烈的讨论中国工程院院士大百科全书管工卷主编杨善林和大百科全书管工卷编委会秘书长合肥工业大学刘业政教授出席会议并做了发言据悉中国大百科全书第三版经国务院办公厅批复国办函号于年月正式立项中宣部中宣办发函号教育部教社科厅函号先后发文要求各高校科研机构科技协会等积极参与支持中国大百科全书第三版出版工作本次编纂工作首次将管理科学与工程学科独立成卷共设大数据与知识管理等个学科分支其出版将对管理科学与工程学科的发展具有里程碑的意义责任编辑张平媛复制网址打印每日推荐学校党委就两学一做学习教育工作作出安排人民网具有模拟生理功能的类器官微流控芯片在中国高校之窗大连理工大学研发具有模拟生理功学校召开党委学习中心组扩大学习会议两学一做化环生学部四个注重力求学习教育大工学子在大连市高校船海文化节斩获佳绩弘扬体育精神展示大工风采两学一做能动学院开展两学一做学习教育核心价值观大工青年携手红三连共谱青春篇大连理工大学哲学社会科学研究成果获教育部采纳推荐视频钱令希诞辰百年纪录片发布预告年月日大工新闻学校隆重举行庆祝中国共产党成立周年大会为梦连理大连理工大学招生宣传片焦点图片毕业季校园里那抹亮色美女毕业生遇见特色学位服毕业季大学四年最遗憾的那些事毕业季最大工难忘凌工路号那件事大工建筑篇一你不得不知道的那些楼排行榜点击面孔学术之星我校承担的中国工程院咨询研究重点项目启动会我校赴无锡参加纪念钱令希诞辰周年活动大连理工大学在全国专业学位研究生教育中获表校友总会第六届理事会第二次会议召开大连理工大学哲学社会科学研究成果获教育部采大连理工大学研发具有模拟生理功能的类器官微两学一做全校名学生预备党员参加培训研究生学术科技节聆听名师讲堂畅饮学术甘两学一做学校二级党组织陆续开展两学一第一页内容缓存全文内容缓存根据设置字体大小并初始化按钮请选择投票选项最多允许选项单页阅读分页阅读单页阅读分页阅读控制内容区域的的图片大小并为过大的图片添加查看原图复制网址复制链接成功被浏览器拒绝请在浏览器地址栏输入并回车然后将设置为复制链接成功改变字号小本文地址电话版权所有大连理工大学新闻中心
-1
