http://news.dlut.edu.cn/article/renwu/6.shtml
67
33
234
177
341
195
145
242
268
143
56
127
101
67
134
160
145
242
268
143
56
127
101
67
134
160
138
81
71
19
143
372
143
4
77
45
372
161
314
219
161
192
192
22
281
16
347
141
91
0
260
165
165
240
240
352
352
267
267
29
35
380
302
200
2
281
246
8
大工人物大工新闻网每日推荐字体大小设置清除背景颜色效果边框清除栏目内容文字居左设置调整宽度是注意对应左边栏文字居左设置导航目录颜色调整设置宣传部站群海燕网星海夜话手机版新闻线索预约采访会员投稿留言板学校要闻综合新闻菁菁校园新闻聚焦校园视点信息预告媒体大工领导论坛大工人物校友之声学术动态大工往事部院风采合作交流专题新闻校园视点信息预告媒体大工领导论坛大工人物校友之声学术动态大工往事部院风采合作交流专题新闻精彩瞬间光影四季人文艺术校史钩沉第一时间大工新闻在你身边专题报道校园文艺校园拍客今日大工大工讲坛关于团队校史故事品学校园文艺校园拍客今日大工大工讲坛关于团队校史故事品学十七点播报广播台新闻节目综艺节目外文节目专题节目广播剧下载首页新闻大工人物大工学子红色宣讲员年月日大工学子通过马震走进马震年月日大工学子让生命在传递中延续年月日大工学子认真执着地做自己喜欢的事年月日大工人物有自己想干的事业就是幸福的年月日走进一线王正汹追赶人造太阳的岁年轻教授年月日走进一线有学识真性情的讲课达人年月日走进一线秦艳华余名退休老人的贴心守护者年月日一位教育工作者身上的党性光辉年月日学术是生命也是一种生活方式记光荣退休教授刘则渊年月日室静兰香记光荣退休教授王仁宏年月日谦谦学者默默奉献记我校光荣退休教授杨德礼年月日严以治学诚以待人记光荣退休教授纪卓尚年月日能与光纤之父比肩的人年月日倾心打造学生就业竞争力全力促进学生成长成才年月日莫道桑榆晚为霞尚满天年月日生命不止求索不息记光荣退休教授李锡夔年月日创先争优让卓越变得一点点现实起来年月日走进一线专访人文与社会科学学部杨姗姗老师年月日走进一线勤恳的师者用心的舞者年月日上一页下一页每日推荐大工人物校友篇张阿漫胸怀海洋强国梦大工人物校友篇张阿漫胸怀海洋强国梦贯彻落实全面从严治党要求强化政治纪律和政治规群策群力抢抓机遇为大工吸引一流生源两学一做践行党的宗旨争当时代先锋两学一做材料学院师生党员认真学习习总书记我校多部影视作品在中国高校电视奖评选中斩获佳绩机械工程学院完成新一届党委换届及纪委成立选举工大连理工大学首个国际学生文化实践基地揭牌郭东明校长会见长兴岛经济区党工委书记杨广志推荐视频钱令希诞辰百年纪录片发布预告年月日大工新闻学校隆重举行庆祝中国共产党成立周年大会为梦连理大连理工大学招生宣传片焦点图片毕业季校园里那抹亮色美女毕业生遇见特色学位服毕业季大学四年最遗憾的那些事毕业季最大工难忘凌工路号那件事大工建筑篇一你不得不知道的那些楼排行榜点击机械工程学院新教学楼开工建设钱令希诞辰百年纪录片发布预告我校论文被计算机视觉及模式识别领域国际顶尖钱令希院士诞辰百年春风化雨润物无声中国工程院院士陈政清受聘大连理工大学兼职教钱令希院士诞辰百年宝贵的精神财富永恒王立鼎院士与两岸学子分享科研历程群策群力抢抓机遇为大工吸引一流生源钱令希院士诞辰百年业精于勤奋功成于坚副校长朱泓率团访问白俄罗斯国立大学推进两校电话版权所有大连理工大学新闻中心
-1
