http://news.dlut.edu.cn/article/2016/0713/67881.shtml
23
234
276
155
223
154
165
165
240
240
352
352
267
267
185
61
44
251
32
266
60
370
135
175
切实做好本科招生录取工作为学校选拔优质生源学校要闻大工新闻网首页新闻图片视频报纸广播首页新闻学校要闻正文切实做好本科招生录取工作为学校选拔优质生源校党委书记王寒松党委常委校长郭东明视察本科招生录取工作作者龙海波来源宣传部新闻中心时间点击月日下午校党委书记王寒松党委常委校长郭东明在党委常委副校长朱泓招生就业处纪委监察处等部门相关人员的陪同下视察本科招生录取现场亲切慰问工作人员深入了解本科招生录取工作安排要求工作人员切实做好本科招生录取工作为学校选拔优质生源王寒松书记郭东明校长详细询问了年本科招生录取的整体安排目前的录取进度和今年的生源质量当了解到招生就业处建立了本科招生呼叫中心满足考生家长的咨询需求建立本科招生录取大厅不断优化本科招生工作流程确保招生录取工作科学规范创新招生宣传方式出台激励政策实现录取高分段学生新突破积极与邮政部门沟通打造大工专属的录取通知书快递封等情况时王寒松书记郭东明校长给予了工作上的肯定并希望招生就业处针对年的招生工作早启动早策划早部署打造靓丽名片积极宣传独属于大工的优势和特色增强学校吸引力提升学校美誉度在高校生源竞争日益激烈的情况下采取切实有效手段进一步提高生源质量王寒松书记郭东明校长走进本科招生录取大厅慰问正在进行招生录取工作的工作人员向他们付出的辛勤劳动表示感谢王寒松书记郭东明校长与现场工作人员亲切交流细致询问和了解正在录取省份的生源情况整体生源结构等在电脑前了解录取操作流程表示本科招生录取工作意义重大希望工作人员严格执行教育部和学校招生录取工作有关规定本着对考生对学校对社会高度负责的态度规范工作流程坚持高标准严要求确保招生录取工作安全稳定有序进行高质量地完成年本科招生录取工作据了解大连理工大学年本科招生录取工作自月日正式开始首先进行艺术类国防生贫困地区国家专项计划等录取自月日起陆续进行各省第一批次普通类的招生录取责任编辑姜雪相关阅读复制网址打印每日推荐切实做好本科招生录取工作为学校选拔优质生源大连电视台政策利好大连科技成果转化喜人大工人物校友篇大工合伙人李欣张生言第八届浪漫之旅海峡两岸文化研习营顺利开营大连理工大学教师获日本水环境学会年度技术奖数学学院举办年全国优秀大学生数学学术夏令营建设工程学部校友田熹东来校作创新创业报告人民网大连理工大学后国防毕业生主动申请到天健网大连理工后国防毕业生主动申请去大连晚报大工后优秀国防毕业生毕业选择推荐视频钱令希诞辰百年纪录片发布预告年月日大工新闻学校隆重举行庆祝中国共产党成立周年大会为梦连理大连理工大学招生宣传片焦点图片毕业季校园里那抹亮色美女毕业生遇见特色学位服毕业季大学四年最遗憾的那些事毕业季最大工难忘凌工路号那件事大工建筑篇一你不得不知道的那些楼排行榜点击校友许宪平调任通用技术集团董事长基建进行时学校基本建设正在加紧推进中大连理工大学校友会新增国际化成员落实十三五发展规划推动学校发展实现新严守党的政治纪律和政治规矩做政治上的明白王凤海校友出任大商所党委副书记总经理中组部人才工作局领导来校看望千人计划郭东明校长应邀出席中俄大学校长峰会并作主题加强马克思主义学院建设培养信仰坚定的优秀大连理工大学举办第二届中外博士研究生学术论第一页内容缓存全文内容缓存根据设置字体大小并初始化按钮请选择投票选项最多允许选项单页阅读分页阅读单页阅读分页阅读控制内容区域的的图片大小并为过大的图片添加查看原图复制网址复制链接成功被浏览器拒绝请在浏览器地址栏输入并回车然后将设置为复制链接成功改变字号小本文地址电话版权所有大连理工大学新闻中心
-1
