http://news.dlut.edu.cn/article/2016/0809/68552.shtml
29
177
37
94
323
109
117
277
328
111
282
125
165
165
240
240
352
352
267
267
125
130
184
282
188
359
12
15
31
159
全国人工环境相关学科博士生导师研讨会在我校召开综合新闻大工新闻网首页新闻图片视频报纸广播首页新闻综合新闻正文全国人工环境相关学科博士生导师研讨会在我校召开作者建筑能源研究所来源建设工程学部时间点击近日第届全国人工环境相关学科博士生导师研讨会在我校召开中国工程院院士清华大学江亿教授全国建筑环境与能源应用工程专业学科指导委员会主任委员清华大学朱颖心教授全国高等学校建筑环境与能源应用工程专业评估委员会主任委员中国建筑设计研究院副总工程师潘云钢教授级高工以及来自高校科研院所及相关企业的全国人工环境相关学科的博导教师和部分博士生余人参加了本届博导会我校党委副书记纪委书记李成恩教授出席会议并致辞研究生院常务副院长胡祥培教授及建设工程学部和土木工程学院领导参加开幕式李成恩代表学校致辞介绍了我校发展状况及我校在研究生培养质量保障和双一流建设等方面的工作成效和我校暖通空调学科在人才培养科学研究师资队伍建设平台建设国际交流与合作学术成果等方面工作成就感谢全国建筑环境与设备工程专业学科指导委员会及各高校对我校暖通空调学科的支持朱颖心代表全国建筑环境与能源应用工程专业学科指导委员会致辞回顾了全国人工环境相关学科博导会创办宗旨及历届博导会情况对本届博导会的主题和会议内容进行了说明对大工为承办本届博导会所做的工作及各高校和科研院所的支持表示感谢本届博导会围绕行业和学科发展与博士生培养博士生培养质量保障国家重点研究计划与博士生选题百科全书建筑设备词条标准等个主题江亿院士作了国家重点研发计划与学科发展若干问题思考潘云钢高工作了暖通空调行业的工程思维清华大学杨旭东教授作了关于建环博士生培养质量的一些思考的主题报告并进行了分组讨论会议还讨论了百科全书建设设备词条标准及编写要求会后与会专家参观了我校暖通空调学科实验室江亿院士作大会主题报告博导会分组讨论现场为提高全国人工环境相关学科博士生培养质量促进导师联谊夯实学科基础发挥高校在国家科技创新与人才培养中的作用促进本行业长远发展由清华大学江亿院士倡导首届全国人工环境相关学科博士生导师研讨会于年在清华大学举行随后博导会先后在湖南大学同济大学和哈尔滨工业大学等高校举办目前博导会已成为全国人工环境相关学科的博士生导师专家学者和博士生开展学术与研究生培养交流的年度性盛会在全国和香港等地高校轮流举办对促进全国人工环境相关学科特别是暖通空调和建筑技术科学等学科发展提高研究生培养质量发挥了重要作用责任编辑张平媛复制网址打印每日推荐建设工程学部张鑫旺获学生竞赛团体第一名材料级校友返校暨奖学金签约仪式顺利举行海洋能源利用与节能教育部重点实验室召开学委会会我校再获辽宁省大学生电子设计竞赛最高奖杯实践在路上躬身企业行笃志中国梦全国人工环境相关学科博士生导师研讨会在我校召开实践在路上怀报国之志行实践之路做合格党我校在耐酸沸石膜微观结构的设计与调控研究取得新郭东明校长会见大连公交集团董事长孙明一行罗均炎同志逝世推荐视频钱令希诞辰百年纪录片发布预告年月日大工新闻学校隆重举行庆祝中国共产党成立周年大会为梦连理大连理工大学招生宣传片焦点图片毕业季校园里那抹亮色美女毕业生遇见特色学位服毕业季大学四年最遗憾的那些事毕业季最大工难忘凌工路号那件事大工建筑篇一你不得不知道的那些楼排行榜点击罗均炎同志逝世给科研人员松绑加油中办国办印发关于进一步完善中央财政科研郭东明校长会见大连公交集团董事长孙明一行我校在构建高性能锂离子电池负极材料研究取得学校组织召开科技成果研讨会大工代表队勇夺全国电子商务三创赛总决赛实践在路上赴渝见证传统制造业老树发新实践在路上走进企业长才干扬帆起航京津新兴电子商务的信息与物流管理教育部创新第一页内容缓存全文内容缓存根据设置字体大小并初始化按钮请选择投票选项最多允许选项单页阅读分页阅读单页阅读分页阅读控制内容区域的的图片大小并为过大的图片添加查看原图复制网址复制链接成功被浏览器拒绝请在浏览器地址栏输入并回车然后将设置为复制链接成功改变字号小本文地址电话版权所有大连理工大学新闻中心
-1
