http://news.dlut.edu.cn/article/2016/0323/65547.shtml
11
195
278
278
165
165
240
240
352
352
267
267
大工附校托起孩子们的足球梦新闻聚焦大工新闻网首页新闻图片视频报纸广播首页新闻新闻聚焦正文大工附校托起孩子们的足球梦作者张平媛来源宣传部新闻中心时间点击通过场比赛决出各年级的冠军再以本年级冠军队为班底组成年级明星队挑战其他年级的明星队进行表演赛这是大连理工大学附属学校日前举行的首届校长杯足球赛赛制开幕赛上校长周杰开球后绿茵场上满眼奔跑跳跃的矫健身影一片蓬勃景象多年来该校以实施情知教育培养自主发展的人为办学理念培养自主养德自主学习自主尚艺自主健体自主创新的人广受学生喜欢的校园足球成为学校开展健体工作的重要一环一份特殊的寒假足球礼物今年寒假大连理工大学附属学校二年级小学生柳懿宸过得格外开心他每天期盼着早上点钟的足球集中训练这得益于寒假期间学校为足球队开设的免费冬训月日新的学年开始了校园足球的脚步仍未停歇托起孩子们的足球梦是这所大连市足球特色学校奋力前行的不竭动力月至日月至日大工附校为学生们开设了免费的足球冬训在训练前日本教练大岩根真制订了详细的训练计划要让孩子们在快乐中学在学中得到足球的快乐每一天孩子们早早地来到训练馆练习前一天学到的技术在训练过程中孩子们掌握了运球踩球脚内侧左右触球左右脚侧身拉球等技术并通过运球结合以上技术绕过标志桶加强练习一天练习个人技术一天练习团队配合技术孩子们每天都感到很新鲜在练习技术之后就是孩子们喜爱的对抗射门练习一对一的二对二的三对三的过人射门传切配合射门孩子们脸上总是洋溢着快乐的笑容这样的练习总能吸引家长的围观时不时传来热烈的掌声田一男同学是大工附校三年一班的学生也是足球队的一名队员对于儿子参加训练这件事田一男的爸爸表示支持足球课很受欢迎它带给我儿子很多快乐也锻炼了身体和意志学习与训练劳逸结合这对孩子来说很有意义每天训练的最后一个环节是教学比赛这是孩子们最最喜欢练的项目大家求战欲望强烈兴趣高涨我上我上抢着要提前上场每一天的比赛总能有惊人的射门杰作每一天每人都享受着这样的快乐过程每一天训练结束久久不愿离开期盼明天的快快到来一项明确的足球教育理念大工附校的足球理念是把足球办成教育通过足球运动既锻炼了学生的身体又能开发学生的大脑提高学生智力水平增强了学生的意志力提升了团队的凝聚力和民族的自豪感以此理念为指导大工附校将校园足球工作作为重点工作列入学校发展规划和年度工作计划健全校园足球组织机构校级干部主抓分工明确责权清晰校长先后两次亲自组织召开足球家长会解决训练场地经费训练中的疑难问题等学校选择优秀足球体育教师去参加学习提高训练和裁判水平建立和健全各项工作制度严格按制度狠抓落实在全校师生的共同努力与积极参与下各项活动开展的如火如荼全校学生参与兴趣非常浓厚学校在筹备初期就对所需要的资金投入进行了全面详细的论证研究对开展活动所需的设备器材进行布置落实把原先的米场地扩建成米场地各种型号足球多个其中号球多个除此之外还为校队购买了多套球服防护用具等充分保障全校学生的足球技术练习即学校足球队的正常训练同时学生参加市区级联赛学校免费接送学生年月日校足球队及好旺角房屋足球教育基金成立好旺角房屋向学校捐赠了万足球教育基金此外家长自发的组队训练也让我们看到了足球发展的群众基础体育组组长黄德健表示家长们的支持不仅给了孩子们训练的动力也为工作的开展提供了很多帮助一套专业的足球课程培训优化课程专业培训课程是学生学习知识的重要途径为了让学生系统的学习掌握基本的足球知识和技能附校设置了足球课程一方面是丰富国家课程另一方面是开设校本课程将足球教学纳入教学计划保证每周用一节体育课进行足球教学校足球队定期开展训练每周集中训练不少于课时体育组组长带领全体体育老师共同研究课题聘请国内外专业教练进行任教专门聘请的外国教练为足球训练开辟了新的思路我们请到的日本教练在少儿教育这方面很有研究能激发孩子们的积极性使我们的训练科学又有乐趣黄德健介绍道多彩活动营造氛围学校将足球纳入体育艺术项目学生参与率不低于组建足球社团或足球兴趣小组利用大课间课外活动等时间有计划有组织地开展形式多样的校园足球活动学生参与面广活动频率高经常性地开展班级间联赛每年定期组织校级足球赛事每年组队参加区级市级校园足球赛事加大业余训练的力度通过冬令营夏令营定期比赛等形式集中优势培养队伍充分利用校本课程开发出新的足球课程内容普及足球知识通过体育课体活课充分利用课外活动时间开展足球训练以及与足球相关的系列活动更好地巩固足球知识了解足球文化充分利用图书馆阅览室读书角和各种媒体广播电视网络等使学生不断获得新的足球知识和足球娱乐方法营造良好的校园足球环境和氛围拓宽渠道完善梯队为了更好的普及足球运动提高学校足球水平附校成立了一二年级低年级足球队伍三到九年级高年级足球队伍打造低年级足球队高年级足球队啦啦操队足球宝贝队裁判队球童队球迷队六支队伍并依照各个年级的训练成绩学生的兴趣表现不断从各个年级选拔苗子队员充实校队同时做好向上级训练部门输送优秀运动员的工作目前附校已经形成了不同年龄的梯次队伍足球队每天坚持规范训练一种踏实的校园足球文化中场传球快下底传中漂亮进了一个个专业不失水准但还稚嫩的踢球动作一声声随着足球飘逸而跌宕起伏的呐喊一个个完全被赛场厮杀所感染并揪着心的孩子家长如此精彩的一幕并非发生在大连的体育场一方的主场上而是上演在三年一班足球队训练的小组对抗中三年一班足球活动是在班主任闫丽老师的支持下由家委会具体操作创办起初有些家长在足球活动开展的初期还是有些顾虑的在学校学生的首要任务是学习那么参与足球活动会不会影响学生们的学习成绩呢经过一段时间家长们的疑虑消失了田一男同学的父亲感叹通过一段时间的训练事实证明没有影响孩子的学习反而有促进作用一次次配合射门的经历让孩子们体验了成功的喜悦一次次跌倒了自己爬起来的瞬间让我们家长感动不已体质弱的孩子变得结识了性格弱的孩子变得坚强了这些都是源于足球的魅力勇于拼搏敢于竞争团结合作强身健体历练品质这些都在踢球过程中得以体现大工附校校长周杰表示一切为了学生的发展为一切学生创设个性发展的空间为一切学生创造健康成长的有利条件让每一个学生都成为社会有用之人大工附校实施情知教育培养自主发展的人自主发展着眼于一个人未来发展终身发展对于校园足球我们的态度是淡化功利我们当然希望我校的学神中能涌现球神但是高水平的专业运动员可遇而不可求我们只希望通过校园足球来建设一种文化一种真正的务实的文化我们希望通过五支队伍的建设能够影响更多的人能够影响更长久我们更看重的是三年带来的三十年大连市政府教育督导室于洋副主任说任何学校的发展都要以理念为先大工附校把足球上升到足球教育这个理念是先进的大工附校以校园足球为契机推动了体育教学改革进而带动了学校方方面面进步发展这个经验值得推广责任编辑侯庆敏复制网址打印每日推荐学校召开小金库专项治理工作布置会新闻聚焦大工附校托起孩子们的足球梦大工附校托起孩子们的足球梦大工附校举办首届校长杯足球赛绿茵场上激情中国搜索世界大学学科排名大连理工学科天健网大工项学科入选大学学科排名前强半岛晨报大工项学科入选排名大连晚报大工个学科入选大学学科排名强温暖大工的平凡身影传递友善正能量管理与经济学部召开新学期教职工大会推荐视频钱令希诞辰百年纪录片发布预告年月日大工新闻学校隆重举行庆祝中国共产党成立周年大会为梦连理大连理工大学招生宣传片焦点图片毕业季校园里那抹亮色美女毕业生遇见特色学位服毕业季大学四年最遗憾的那些事毕业季最大工难忘凌工路号那件事大工建筑篇一你不得不知道的那些楼排行榜点击仰望你那高贵而纯粹的品格我校个学科领域进入全球强伊廷华教授荣获第十五届霍英东青年教师奖工业装备结构分析国重实验室连续两年参加南极人文学部师生深情缅怀西宝教授盘锦校区领导与转校区学生恳切座谈洪晓楠教授入选全国文化名家暨四个一批人大连理工大学成立航空发动机综合控制研究中心学校召开年度校领导班子和领导干部述职大大工附校学子考取西安交大少年班辽宁省仅人第一页内容缓存全文内容缓存根据设置字体大小并初始化按钮请选择投票选项最多允许选项单页阅读分页阅读单页阅读分页阅读控制内容区域的的图片大小并为过大的图片添加查看原图复制网址复制链接成功被浏览器拒绝请在浏览器地址栏输入并回车然后将设置为复制链接成功改变字号小本文地址电话版权所有大连理工大学新闻中心
-1
