http://news.dlut.edu.cn/article/2016/0624/67463.shtml
12
234
279
165
165
240
240
352
352
267
267
287
330
学校领导与毕业生共进午餐情浓意切送祝福学校要闻大工新闻网首页新闻图片视频报纸广播首页新闻学校要闻正文学校领导与毕业生共进午餐情浓意切送祝福作者王增强来源宣传部新闻中心时间点击转眼间又是一年毕业季又有一批大工学子将要离开他们挚爱的母校走向社会走向更广阔的天地月日学校延续往年传统在中心食堂二楼及三楼第七食堂提供免费丰盛的午餐向毕业生献上最真挚的祝福校领导王寒松郭东明宋丹朱泓以及学校办公室学生工作处后勤处等相关部门负责人来到中心食堂与全校毕业生共进午餐共话未来简单的餐品温暖的话语午餐会上校领导与毕业生们温情交流真情畅谈王寒松书记在中心食堂二楼与毕业生共进午餐分享交流从日常学习谈到课余生活从回忆青春聊到未来憧憬希望同学们在毕业之后常回母校关心母校继续支持母校发展同时希望他们在新的人生征程中不忘初心不负青春秉承大工精神胸怀远大理想以拼搏的精神维护大工的荣耀以辉煌的成就报效祖国人民让大工的声音响彻世界郭东明校长在中心食堂三楼与毕业生共进午餐与毕业生畅谈在大工的学习生活希望毕业生把握国家改革发展潮流下的大好形势努力拼搏造就精彩人生希望毕业生在离校之前为学校提出真诚的建议和意见帮助学校更好更快地发展郭东明校长表示各位毕业生即将成为大工校友以后无论身处何方母校都是你最坚实的后盾也希望毕业生在未来心系母校关注母校发展秉承大工精神成就非凡人生毕业生们与校领导畅谈在大工的感悟与体验锻炼与成长喜悦与不舍溢于言表他们表示和校领导一起用餐刚开始不免有些紧张但校领导们的亲切随和很快让气氛变得温暖融洽他们对同学们的生活和学习非常关心让人感动简短的午餐欢乐不失优雅不经意间透着关怀各位校领导与毕业生们亲切握手合影留念并为他们亲笔签名材料科学与工程学院的任亭钰说毕业在即能与校领导共进午餐轻松交流是学校给我的最好的毕业礼物以后不管走到哪里都不会忘记大工是我永远的家今年的午餐会后勤处增加了投入为毕业生们准备了丰富的午餐贴心的服务更加深了他们对母校的眷恋与不舍复制网址打印每日推荐半岛晨报选择大连理工大学十大理由大连晚报选择大连理工大学十大理由学校领导与毕业生共进午餐情浓意切送祝福半岛晨报高校咨询会本周六在大工举行大连晚报大连理工大学明日举办年招生咨询建工学部召开庆七一表彰暨新党员宣誓大会国际学生中文才艺表演精彩纷呈发展学术社团摩擦智慧火花学校召开关于全国第四轮学科评估第五次工作会议两学一做盘锦校区党工委开展专题一集中学习研推荐视频钱令希诞辰百年纪录片发布预告年月日大工新闻学校隆重举行庆祝中国共产党成立周年大会为梦连理大连理工大学招生宣传片焦点图片毕业季校园里那抹亮色美女毕业生遇见特色学位服毕业季大学四年最遗憾的那些事毕业季最大工难忘凌工路号那件事大工建筑篇一你不得不知道的那些楼排行榜点击我们毕业了毕业晚会散场离歌时却难说再见大连理工大学届毕业典礼暨学位授予仪式隆中国科学院院士赵东元教授受聘我校兼职教授名优秀研究生学子获英特尔奖学金物理与光电工程学院学霸寝让优秀成为一我校四个专业接受全国工程教育专业认证现场考郭东明校长会见国家留学基金委秘书长刘京辉毕业生深情讲述伴青春怀梦想感谢一陆有你我校研发新方法实现未扰动原状极陡沟坡观测重第一页内容缓存全文内容缓存根据设置字体大小并初始化按钮请选择投票选项最多允许选项单页阅读分页阅读单页阅读分页阅读控制内容区域的的图片大小并为过大的图片添加查看原图复制网址复制链接成功被浏览器拒绝请在浏览器地址栏输入并回车然后将设置为复制链接成功改变字号小本文地址电话版权所有大连理工大学新闻中心
-1
