http://news.dlut.edu.cn/article/2015/0910/62890.shtml
26
155
28
28
167
167
162
162
教师节老师最需什么礼校园视点大工新闻网首页新闻图片视频报纸广播首页新闻校园视点正文教师节老师最需什么礼作者王茗阅来源宣传部新闻中心时间点击捱过两个月的酷暑时节同学们乘着凉爽的秋意开始了新的学年而每每提及九月紧邻开学季的教师节总是备受瞩目华夏大地素来以礼仪之邦著称早在春秋就有投我以木桃报之以琼瑶的诗句流传于世承担传道授业解惑责任的教师予以学子的知识自是无价之宝让人无以为报遂何以报师恩便成了历代学子的共同难题困顿遗留至今古时的弟子事师敬同于父的绝对等级关系显然已不再适用当在百度上检索教师节时出现在下拉菜单中的很多关于教师节送礼的讨论淘宝搜索教师节各类礼物月销量多可破万微博热评中更有人提议要取消教师节以正社会风气忆及年时教师节成立的初衷不禁为其抱冤首先究其原因撇开礼仪之邦的传统由来不说教师节实为极佳的交流师生感情的契机月日处于新学期开端老师同学皆未从暑假的放松状态中完全恢复过来有些甚至会有些许倦怠而此时的教师节无异于一剂强心针于老师看到体贴理解自己的同学定倍感欣慰于学生受节日气氛感染也自然会忆起老师曾为自己付出的种种并学会理解而礼物在这场相互理解的化学反应中充当催化剂不参与反应却可加剧其成效外国语学院翻译系的苗宇晨回忆年的教师节每节课课前在老师还在埋首准备导入课件的时候由班长带头起立齐喊祝老师节日快乐老师们大多先是猝不及防后又喜笑开颜以至于后来整节课老师的热情都非常高涨同学们也都分外的配合可谓当之无愧的大学第一课其次至于礼物本身似乎是这场辩驳中用来添油加醋的关键辅料礼有贵贱之分而尊师情谊却诚若赤金社会舆论哗然的重要原因之一便是礼物背后体现的金钱价值超乎了多数人心中对于教师节礼物的限定然而不止一位老师表示很怕在教师节收到贵重礼物将自己和学生都陷入两难的境地比起华丽的礼品他们更喜欢贺卡短信等源自内心的祝福质朴却真诚建设工程学部的李葆尼同学更是分享了老师为退回礼品打车家访的事迹而南昌某小学为杜绝家长为老师准备大礼在教师节前两天便组织学生一同为老师绘制贺卡以在教师节当天将这份独一无二的礼物送给自己想要感谢的老师由此可见礼字内涵甚广范围极大也绝不可武断将其归为贬义中华礼文化传承千年精华糟粕的取舍全在施礼者的动机若是不带利益私心的只为表达尊重爱意量力而为礼出有章礼轻情意重在我们习惯于含蓄情感表达的文化传统中不失为人与人交流沟通感情的桥梁教师节旨在尊师重教提高人们对教师为教育事业所做贡献的认识和评价不必置辛苦了一年的老师于风口浪尖让教师节沦为教师劫责任编辑张平媛复制网址打印每日推荐教师节老师最需什么礼校园视点教师节老师最需什么礼老师祝您教师节快乐纪念抗战胜利周年系列讲座二教师党员贺高红大工迎新号迎欣新生老生隔空问答正式开机拥抱新生活凌轩评抓特色强内涵在争创一流的征途上学校召开全校干部大会部署新学期工作大工代表队获中国大学生物理学术竞赛二等奖推荐视频钱令希诞辰百年纪录片发布预告年月日大工新闻学校隆重举行庆祝中国共产党成立周年大会为梦连理大连理工大学招生宣传片焦点图片毕业季校园里那抹亮色美女毕业生遇见特色学位服毕业季大学四年最遗憾的那些事毕业季最大工难忘凌工路号那件事大工建筑篇一你不得不知道的那些楼排行榜点击迎新大数据在这里读懂迎新今天的一切只为更好地迎接你私人订制大工专属词典我与阅兵合张影发表我校教授联名评论文章大工迎新号迎心玖见大工我和大工校领导班子研讨学校各项事业发展大工迎新号迎心初遇大工学校领导视察年迎新工作教师党员贺高红第一页内容缓存全文内容缓存根据设置字体大小并初始化按钮请选择投票选项最多允许选项单页阅读分页阅读单页阅读分页阅读控制内容区域的的图片大小并为过大的图片添加查看原图复制网址复制链接成功被浏览器拒绝请在浏览器地址栏输入并回车然后将设置为复制链接成功改变字号小本文地址电话版权所有大连理工大学新闻中心
