http://news.dlut.edu.cn/article/2012/0911/44325.shtml
10
165
165
240
240
352
352
267
267
363
26
申长雨校长在庆祝第个教师节暨教书育人表彰大会上的讲话大工新闻网首页新闻图片视频报纸广播首页新闻领导论坛正文申长雨校长在庆祝第个教师节暨教书育人表彰大会上的讲话来源宣传部新闻中心时间点击在庆祝第个教师节暨教书育人表彰大会上的讲话校长申长雨院士年月日各位老师同志们今天我们在这里欢聚一堂隆重召开教师节庆祝表彰大会共同庆祝我们的第个教师节表彰一年来在学校教书育人中涌现出来的先进集体和优秀个人在这里我首先代表学校代表张德祥书记和党政班子全体成员向全校教职员工致以节日的祝福并向受到表彰的先进集体和优秀个人表示热烈的祝贺向广大离退休老教师老同志致以崇高的敬意在过去的一年里全校教职员工紧紧围绕建设国际知名的高水平研究型大学的目标凝心聚力真抓实干改革创新加快发展学校在人才培养科学研究学科建设师资队伍建设校园建设对外交流与合作党的建设与思想政治工作等各个方面都取得了新的成绩学校的办学水平综合实力和社会影响力得到了新的提升全校教职员工作为学校事业发展的推动者和参与者都付出了辛勤的劳动在这里我代表学校向大家表示衷心的感谢当前我国高等教育已经步入了以提高质量为核心的内涵式发展阶段我们大工也正处在创建国际知名的高水平研究型大学的关键时期面临着难得的发展机遇和繁重的发展任务上周五学校刚刚召开了新学期全校干部大会对上学期工作做了回顾和总结对新学期工作做了全面部署初步明确了今后一个时期学校工作的总体思路和新学期的重点工作希望大家根据这次干部大会的精神和工作部署立足于持续立足于内涵立足于创新真抓实干狠抓落实以扎实的工作业绩推动学校进一步上水平上台阶借这个机会我提几点希望与大家共勉一是不辱使命教书育人大学的根本使命是培养人才教师的天职是教书育人国家培养一个大学生不容易家庭供养一个大学生不容易我们的学生通过刻苦学习以优异的成绩考入大工来读书也不容易在同学们身上寄托着个人的理想家庭的希望国家的未来把他们培养成才是我们这些做教师的义不容辞的责任和义务师者所以传道授业解惑也教师作为学生思想进步长知识增才干的人生导师是学生成长成才的引路人因此身为教师我们应该不辱使命履职尽责为人师表教书育人在教给学生以知识的同时还要教会他们做人做事努力把他们培养成为具有高尚道德品格强烈社会责任感和过硬本领的国家栋梁社会中坚做到对学生负责对家长负责对国家负责不辜负我们大家所肩负的责任和使命二是崇尚学术勇于创新作为研究型大学的教师既肩负着传播知识的使命也承担着创新知识的重任教师学术水平的高低不仅体现了学校的办学水平而且直接影响着学校的人才培养质量作为教师我们大家要努力做到崇尚学术潜心钻研勇于创新积极去解决国家经济社会发展中遇到的关键性难题努力使学校成为国家创新体系的重要节点同时在教学过程中也要注意及时更新我们的教育观念改进我们的教学方法和手段将大家各自的最新研究成果和学术前沿知识及时充实到教学内容中去努力提高各自的教书育人本领培养造就大批具有创新精神和创新能力的精英人才三是淡泊名利宁静致远非淡泊无以明志非宁静无以致远大学是追求真理探究真知的地方教师是甘为人梯无私奉献的职业当下大学与社会的联系越来越密切大学受社会的影响也越来越大在社会浮躁之风日甚的当下大学很难独善其身但是作为社会的良心大学需要保持一份淡泊和宁静做理想道德的坚守者和社会进步的引领者只有保持了大学的宁静才能保持大学的清醒与理性明确自身的使命和追求不断激励师生追求真理探究真知的兴趣和热情作为大学教师我们大家要保有远大的理想和高远的境界做到追求真理探究真知甘为人梯无私奉献同时也要能够耐得住寂寞守得住清贫抵得住诱惑做到淡泊明志宁静致远努力成为学生爱戴人民满意的教育工作者各位老师同志们大学之大在大师之大学校将继续秉承办学以人才为本以教师为主体的理念把师资队伍建设作为一项长远战略去实施着力建设一支高水平的教师队伍集聚一批具有重要影响乐于教书育人的学术大师教育大家和拔尖创新人才为学校创建国际知名的高水平研究型大学奠定坚实的人才基础同时学校也会进一步搭建好有利于教师干事创业的平台完善好有利于优秀人才脱颖而出的制度营造好有利于教师安心教学潜心学术的氛围努力提高教职工待遇让大家能够安下心来搞教学潜下心来做学问取得更多的教学和科研成果为国家和区域经济社会发展做出新的更大的贡献最后再次祝全校教职员工节日快乐工作顺利身体健康谢谢相关阅读国家知识产权局局长申长雨回母校访问申长雨校长致社会各界的一封信申长雨出席第八届中日大学校长论坛申长雨主持召开建立综合改革试验区座谈会申长雨主持召开建立综合改革试验区座谈会申长雨一行到软件学院调研申长雨出席第八届中日大学校长论坛校长申长雨到各学部调研中共中央国务院任命申长雨为我校校长申长雨校长着力提升高校科技创新能力复制网址打印分享到每日推荐我校处级干部参观市反腐倡廉警示教育基地标兵故事蔡晗不忘初心方得始终标兵故事蔡晗不忘初心方得始终大连日报化工与环境生命学部评选最美团支书打造软件人才创新创业的摇篮新闻聚焦打造软件人才创新创业的摇篮大工学子在全国大学生金融创意设计大赛中喜获佳绩大工记者团和广播台获辽宁省十佳校媒称号数学科学学院党委积极开展与王家村党委共建活动机械工程学院人参加入党积极分子培训推荐视频钱令希诞辰百年纪录片发布预告年月日大工新闻学校隆重举行庆祝中国共产党成立周年大会为梦连理大连理工大学招生宣传片焦点图片毕业季校园里那抹亮色美女毕业生遇见特色学位服毕业季大学四年最遗憾的那些事毕业季最大工难忘凌工路号那件事大工建筑篇一你不得不知道的那些楼排行榜点击标兵故事李思远千淘万漉虽辛苦吹尽狂标兵故事李轶瑶执一而专心致志行微而校领导就推进学校改革发展征求意见校园交通安全再聚焦明星教师张旭泉大工财务网上报账系统已正式启用大工学报社科版荣膺全国高校百强社科期刊走进校友校友年度人物耿洪臣忘字何解怎样落笔都不对运载学子在全国船舶与海洋工程设计大赛中斩获第一页内容缓存全文内容缓存根据设置字体大小并初始化按钮请选择投票选项最多允许选项单页阅读分页阅读单页阅读分页阅读控制内容区域的的图片大小并为过大的图片添加查看原图复制网址复制链接成功被浏览器拒绝请在浏览器地址栏输入并回车然后将设置为复制链接成功改变字号小本文地址电话版权所有大连理工大学新闻中心
-1
