http://news.dlut.edu.cn/article/2016/0719/67542.shtml
25
177
281
16
347
141
91
0
260
165
165
240
240
352
352
267
267
252
65
276
35
29
380
302
2
200
群策群力抢抓机遇为大工吸引一流生源综合新闻大工新闻网首页新闻图片视频报纸广播首页新闻综合新闻正文群策群力抢抓机遇为大工吸引一流生源建设工程学部年本科生招生宣传工作纪实作者丁英俊来源建设工程学部时间点击一年一度的高考已经结束本科第一批次的志愿填报也已渐渐落下帷幕优秀的生源是大学持续发展的重要基础条件是对学校双一流建设的稳稳护航加强区域招生宣传进一步扩大我校影响力为大工吸引一流生源是建设工程学部招生宣传工作一如既往的目标与方向如今高考招生制度改革试点已拉开序幕在此改革背景下对招生宣传工作带来了新变化新要求新标准与新方向建设工程学部常年负责河北省与辽宁省营口市的招生宣传工作河北省是我校除辽宁省外的第二大生源省份今年我校在河北省招生计划共人含盘锦校区河北省地域辽阔下辖个地级市常年高考竞争压力巨大今年参加高考考生总数为人理科本科一批分数线为分文科为分为保证优质生源数量吸引高分段考生报考我校建设工程学部上下齐心群策群力多措并举从细节入手巩固宣传质量搭建多维平台争上主流媒体扩大影响范围为大工吸引一流生源而不遗余力凝心聚力全员参与打造多元化专业队伍建设工程学部历来重视学校的招生宣传工作部长书记通过学部大会等机会动员专业课教师积极参与到招生宣传工作中强化专业教师招生工作责任感与使命感学部下属各学院研究所实验室的领导老师积极参与大力协调为招生宣传工作竭尽心力年学部与盘锦校区紧密合作同时充分运用校友等优势资源打造了一支拥有教授人副教授人讲师人辅导员人机关工作人员人校友人硕士研究生人共人的多元化专业化的招生宣传队伍其中赴河北省招生宣传组专业教师参与率达在赴辛集中学的招生宣传过程中更有大工级两位同学的家长中途热心加入大工招生宣传队伍以大工学子家长的独特视角为考生与家长介绍大工各方面情况现场反响热烈取得了意想不到的招生宣传效果校友是招生宣传工作中重要的资源建设工程学部在多年招生宣传工作中与河北省校友会建立了长期密切的联系今年更有河北省校友会会长孙芳先生副秘书长裴宗未先生以及李玉增牟连营高现凯程启国王兴国田熹东陈泽伟张承谦梁耀峰郭龙军贾建国等多位校友直接间接地参与到了今年河北地区的招生宣传工作中为整体招生宣传工作保驾护航科学分析精抓细节做足充分准备学部在今年招生宣传工作前期科学分析历年招生数据以区域高中为单位筛选出考入我校学生人数多生源质量高的地区与高中进行重点走访全面覆盖今年学部赴河北省招生宣传工作组共派出条宣传线路覆盖了河北省石家庄保定邢台邯郸衡水沧州廊坊张家口承德唐山秦皇岛等所有个地级市石家庄二中河北衡水中学河北正定中学张家口一中邯郸一中唐山一中石家庄一中河北冀州中学河北辛集中学保定一中衡水武邑中学高碑店一中等所有所优秀生源基地校路线覆盖的地级市与高中年考入我校学生数占总招生人数的在营口市招生宣传中同样做到优秀生源基地校的全覆盖使招生宣传工作不留空白在招生宣传组出发前学部组织内部招生宣传工作培训会与经验交流会综合全面分析历年来河北省高考数据与大工在河北省历年来的招生情况就今年的高考形势宣传策略宣传中应注意的问题等多个角度为新招募的工作组成员进行全面细致的培训同时充分发挥新老传帮带效果由工作组中经验丰富的老师分享自己的工作心得与感悟并通过一带一模式让新加入的老师在工作组中迅速成长为招生宣传工作的专家同时学部为每名宣传组老师提前分享招生宣传策略并实时更新通过内部交流群微信群实时分享讨论招生信息政策文件宣传资料注重招生宣传细节不放过任何一个政策解读死角提高招生宣传时效性第一时间将学校政策信息传达给每一名招生宣传老师肩负责任不辱使命高标准完成悉数工作学部赴河北省与营口市招生宣传工作组高标准高质量地完成了今年的招生宣传任务共参加高招会场次走访中学所累计接受咨询考生余人回收考生信息登记表份累计登记考生人其中河北省排名名以内分以上高分考生人名以内分以上考生人名以内分以上考生人均为近年来数量之最河北招生宣传工作组足迹覆盖河北省全境总行程达多公里在石家庄二中衡水中学邢台一中张家口一中唐山一中辛集中学等高中的高招会现场气氛十分热烈平均接受考生家长咨询达余人次无疑成为了全场高招会的宠儿除河北与营口外宣传组老师们积极投入到湖南河南内蒙古江苏广东陕西吉林天津江西湖北等其他省市地区的招生宣传咨询中综合运用身边各种资源为考生与家长的志愿填报献计献策搭建平台拓宽渠道借主流媒体发声为了增强宣传的时效性与辐射度学部积极配合学校招生工作办公室建立现场宣传专线手机群新浪微博微信平台微信群等多维度多层次的宣传平台第一时间准确全面地解答考生与家长的疑问与困惑在招生宣传过程中积极联系当地媒体结合今年招生特点与最新政策全面介绍我校综合实力及专业设置情况借主流媒体发声让更多考生与家长深入了解大工增强大工吸引力与影响力扩大辐射效应月日在石家庄二中的高招会现场我校被石家庄电视台新闻综合频道报道月日日我校建设工程学部赴河北省招生宣传的丁英俊老师受邀分别成为石家庄电视台新闻综合频道高招大论坛都市频道高考招生面对面的直播嘉宾为现场及电视机前的考生与家长们答疑解惑今年学部还积极利用优秀生源基地校挂牌与续签仪式大工讲堂大工学子母校行大学校园行等活动与平台大力扩大大工在河北营口地区高中的影响力与知名度不断彰显大工师生的优良风貌今后建设工程学部将迎着学校双一流建设的东风努力将我校在河北省的录取考生位次提升一个新的高度着力吸引一流生源为学校一流人才培养护航责任编辑张平媛复制网址打印每日推荐群策群力抢抓机遇为大工吸引一流生源两学一做践行党的宗旨争当时代先锋两学一做材料学院师生党员认真学习习总书记我校多部影视作品在中国高校电视奖评选中斩获佳绩机械工程学院完成新一届党委换届及纪委成立选举工大连理工大学首个国际学生文化实践基地揭牌郭东明校长会见长兴岛经济区党工委书记杨广志光明网钱令希院士献身科教效春蚕岂容华发东北新闻网钱令希传略东北新闻网宝贵的精神财富永恒的前行动力推荐视频钱令希诞辰百年纪录片发布预告年月日大工新闻学校隆重举行庆祝中国共产党成立周年大会为梦连理大连理工大学招生宣传片焦点图片毕业季校园里那抹亮色美女毕业生遇见特色学位服毕业季大学四年最遗憾的那些事毕业季最大工难忘凌工路号那件事大工建筑篇一你不得不知道的那些楼排行榜点击为母校成就自豪助母校实现腾飞年青少年高校科学营大连理工大学分营开营切实做好本科招生录取工作为学校选拔优质生钱令希诞辰百年纪录片发布预告我校论文被计算机视觉及模式识别领域国际顶尖机械工程学院新教学楼开工建设钱令希院士诞辰百年春风化雨润物无声中国工程院院士陈政清受聘大连理工大学兼职教王立鼎院士与两岸学子分享科研历程钱令希院士诞辰百年宝贵的精神财富永恒第一页内容缓存全文内容缓存根据设置字体大小并初始化按钮请选择投票选项最多允许选项单页阅读分页阅读单页阅读分页阅读控制内容区域的的图片大小并为过大的图片添加查看原图复制网址复制链接成功被浏览器拒绝请在浏览器地址栏输入并回车然后将设置为复制链接成功改变字号小本文地址电话版权所有大连理工大学新闻中心
-1
