http://news.dlut.edu.cn/article/2016/0808/68545.shtml
29
234
282
125
359
31
188
12
159
30
130
184
165
165
240
240
352
352
267
267
130
125
184
188
15
12
359
31
159
282
郭东明校长会见大连公交集团董事长孙明一行学校要闻大工新闻网首页新闻图片视频报纸广播首页新闻学校要闻正文郭东明校长会见大连公交集团董事长孙明一行作者孙浩来源发展联络办公室时间点击月日下午校长郭东明在主楼会议室会见到我校参加路公交车回车场启用仪式的大连公交集团董事长孙明总经理孙成涛一行双方就促进校企合作推动学校周边公交建设及公务用车服务社会等事宜进行商讨学校办公室发展联络办公室基建处等相关负责人陪同会见郭东明校长欢迎孙明董事长一行的到来表示学校将发挥科研优势更好地服务社会为推动大连市公交智能化信息化环保化建设作出贡献希望双方在公务用车社会化校内公交运营以及继续完善校园周边公交线路等方面进一步加强合作孙明董事长孙成涛总经理对学校一直关心和支持大连市公交建设表示感谢并介绍了大连公交建设在全国的示范性地位希望校企双方能够在网络信息化建设公交新能源开发利用企业管理等方面加强合作使大连公交继续成为全国公交领域的排头兵会见后公交集团总经理孙成涛我校发展联络办公室主任翟钢军共同出席路公交车回车场启用仪式路公交回车场主要用于满足我校北山广大师生及周边居民出行需求公交集团将路公交车终点站更名为理工大学站将学校北门附近站点更名为理工北门站今后学校将加强与公交集团继续合作引入更多公交线路责任编辑吕东光复制网址打印每日推荐郭东明校长会见大连公交集团董事长孙明一行罗均炎同志逝世学校组织召开科技成果研讨会实践在路上走进企业长才干扬帆起航京津冀我校在构建高性能锂离子电池负极材料研究取得新进大工代表队勇夺全国电子商务三创赛总决赛特等新兴电子商务的信息与物流管理教育部创新团队人民网大连理工大学名学生到云南龙陵辅导学给科研人员松绑加油中办国办印发关于进一步完善中央财政科研项目推荐视频钱令希诞辰百年纪录片发布预告年月日大工新闻学校隆重举行庆祝中国共产党成立周年大会为梦连理大连理工大学招生宣传片焦点图片毕业季校园里那抹亮色美女毕业生遇见特色学位服毕业季大学四年最遗憾的那些事毕业季最大工难忘凌工路号那件事大工建筑篇一你不得不知道的那些楼排行榜点击给科研人员松绑加油罗均炎同志逝世中办国办印发关于进一步完善中央财政科研我校在构建高性能锂离子电池负极材料研究取得实践在路上赴渝见证传统制造业老树发新大工代表队勇夺全国电子商务三创赛总决赛学校组织召开科技成果研讨会实践在路上走进企业长才干扬帆起航京津新兴电子商务的信息与物流管理教育部创新郭东明校长会见大连公交集团董事长孙明一行第一页内容缓存全文内容缓存根据设置字体大小并初始化按钮请选择投票选项最多允许选项单页阅读分页阅读单页阅读分页阅读控制内容区域的的图片大小并为过大的图片添加查看原图复制网址复制链接成功被浏览器拒绝请在浏览器地址栏输入并回车然后将设置为复制链接成功改变字号小本文地址电话版权所有大连理工大学新闻中心
-1
