http://news.dlut.edu.cn/article/meiti/2016/0720/68313.shtml
27
242
43
192
192
22
281
16
347
141
91
165
165
240
240
352
352
267
267
29
35
380
302
200
2
281
246
8
大连日报钱令希院士百年诞辰纪念展揭幕大工新闻网首页新闻图片视频报纸广播首页新闻媒体大工正文大连日报钱令希院士百年诞辰纪念展揭幕来源大连日报时间本报讯吕东光记者谢小芳日前钱令希院士百年诞辰纪念展揭幕仪式在大连理工大学令希图书馆隆重举行钱令希院士百年诞辰纪念展共展出图片余幅分早期经历学术科研教书育人快乐人生和所获荣誉五部分在钱令希先生生前秘书武金瑛老师的讲解下与会领导师生再次回顾了钱令希先生光辉奋斗的一生更加感怀钱令希先生在理工大学铸就的丰功伟业和为我国科教事业作出的卓越贡献为弘扬钱令希精神大连理工大学于今年月启动了纪念钱令希先生诞辰周年系列活动包括拍摄纪录片钱令希举办多场系列学术报告以及覆盖全校的钱令希精神大讨论等大连日报第版本文链接责任编辑马坤复制网址打印分享到每日推荐辽宁日报大工举行钱令希院士百年诞辰纪念展大连日报钱令希院士百年诞辰纪念展揭幕大工人物校友篇张阿漫胸怀海洋强国梦大工人物校友篇张阿漫胸怀海洋强国梦贯彻落实全面从严治党要求强化政治纪律和政治规群策群力抢抓机遇为大工吸引一流生源两学一做践行党的宗旨争当时代先锋两学一做材料学院师生党员认真学习习总书记我校多部影视作品在中国高校电视奖评选中斩获佳绩机械工程学院完成新一届党委换届及纪委成立选举工推荐视频钱令希诞辰百年纪录片发布预告年月日大工新闻学校隆重举行庆祝中国共产党成立周年大会为梦连理大连理工大学招生宣传片焦点图片毕业季校园里那抹亮色美女毕业生遇见特色学位服毕业季大学四年最遗憾的那些事毕业季最大工难忘凌工路号那件事大工建筑篇一你不得不知道的那些楼排行榜点击机械工程学院新教学楼开工建设钱令希诞辰百年纪录片发布预告我校论文被计算机视觉及模式识别领域国际顶尖钱令希院士诞辰百年春风化雨润物无声中国工程院院士陈政清受聘大连理工大学兼职教钱令希院士诞辰百年宝贵的精神财富永恒王立鼎院士与两岸学子分享科研历程群策群力抢抓机遇为大工吸引一流生源钱令希院士诞辰百年业精于勤奋功成于坚副校长朱泓率团访问白俄罗斯国立大学推进两校第一页内容缓存全文内容缓存根据设置字体大小并初始化按钮请选择投票选项最多允许选项单页阅读分页阅读单页阅读分页阅读控制内容区域的的图片大小并为过大的图片添加查看原图复制网址复制链接成功被浏览器拒绝请在浏览器地址栏输入并回车然后将设置为复制链接成功改变字号小本文地址电话版权所有大连理工大学新闻中心
-1
