http://news.dlut.edu.cn/article/2016/0711/67851.shtml
23
177
276
155
223
154
165
165
240
240
352
352
267
267
185
61
44
251
32
266
60
370
135
175
两学一做导师带我学理论让师生爱党情怀流淌在心里综合新闻大工新闻网首页新闻图片视频报纸广播首页新闻综合新闻正文两学一做导师带我学理论让师生爱党情怀流淌在心里作者张平媛来源宣传部新闻中心时间点击什么才是合格的优秀人才研究生党员应该发挥什么样的作用教室中央一位学者不徐不疾娓娓道来名青年学子围坐在旁听得聚精会神并不时展开讨论这是大连理工大学电气工程学院教授邹积岩为电子信息与电气工程学部硕士党支部成员做诚实做学问的汇报广大党员同志们也从邹老师身上看到了一名优秀共产党员的品格和坚持为加强对基层党组织两学一做学习教育工作的指导及时总结推广学校基层党组织的好做法和好经验进一步推动两学一做学习教育和学校事业更好发展根据研究生党建工作实际及研究生教育培养特点大连理工大学党委研究生工作部在全校研究生党员中开展导师带我学理论活动实现党员导师与研究生党员共同学习交流互动相互促进共同提高真抓书记讲授党课把率先垂范做在先什么是两学一做学习教育两学一做有什么样的深刻内涵和时代背景作为一名基层党员我们该如何紧跟党中央的各项工作部署该如何自足自身岗位响应党中央的号召践行党员标准在运载工程与力学学部船舶工程学院结构研究所的硕士学位论文答辩会上答辩评审组组长学部党委书记黄一教授在正式答辩开始之前为准毕业生讲授了一堂生动党课结构研究所名同学名教师参加了此次答辩会这其中以上的师生都是党员为积极响应大连理工大学党委研究生工作部关于在两学一做学习教育中开展导师带我学理论专题活动的号召各学部学院纷纷结合日常教学科研工作因地制宜随时随地开展生动活泼的党建活动化工与环境生命学部党委书记全燮教授带领环境化学专业全体研究生党员召开两学一做学习研讨会并结合专业开展建设美丽中国迈向生态文明新时代专题党课电信学部积极树立学部党委书记对研究生基层党组织的表率作用学部研究生党总支组织开展了期书记给我讲党课活动主讲人为学部党委书记张晓华教授通过公开示范课新闻发布会等形式分别面向基层党支部书记以及普通党员开展交流讨论活动为了提高党员的意识进一步加深党员对党的认识月日数学科学学院在研教楼开展了关于学习中国共产党廉洁自律准则和中国国共产党纪律处分条例的党课学院党委书记刘西民作为主讲人为各位党员同学上了一堂具有深刻意义的课管理与经济学部部长苏敬勤教授以一名老党员和博士生导师的身份同所指导的学生一起对中国共产党章程习近平关于科技创新论述摘编等进行了理论学习和讨论学部党委书记朱方伟教授带领学生党员就社会主义核心价值观的内涵进行了深刻解读结合博士和硕士研究生的自身发展阐述了如何做到爱国敬业诚信友善将个人命运与祖国命运联系起来积极营造良好的工作氛围和社会大环境实现个人的长足发展实干导师深入学生将立德树人落到实研究生导师作为研究生培养的第一责任人对研究生思想政治教育负有不可替代的重要责任肩负学术科研指导与思想政治教育的双重责任学校充分发挥研究生导师教书育人的作用通过言传身教和人格魅力引导和帮助研究生在成长成才的道路上坚持正确的政治方向建立爱党爱国爱社会主义的理想信仰培育严谨治学的优良学风创新务实的科学精神和集体主义精神党员导师带领研究生党员共同学习党章党规和习近平总书记系列讲话各学部学院根据各研究生党支部特点以及党员导师分布特点建立导师与学生一对一一对多多对多的对接组合形成全覆盖对接生态规划与发展研究所里武春友教授回忆起当初入党画面向研究生们讲述他内心的骄傲和使命感武教授讲到对于加入中国共产党的每一位同志来说入党是一种激励更是一件十分严肃的事这种仪式感始终让我保持高度的责任感必须要在自己的领域做出东西才对得起党的信任同时武教授指导学生要时刻做到保持政治头脑清醒要讲党性原则牢记党旗下的誓言绝不越过党纪红线并鼓励大家将来在工作上要立足岗位认真履行岗位职责将本职工作做好的前提下再做提升才是对党最大的忠诚在马克思主义学院马克思主义理论一级博士点负责人魏晓文教授带领学生重温党史细学理论师生们围绕习近平系列讲话和近期党中央的时事热点问题进行讨论每名学生都进行了总结发言总结和反思当前理论学习的收获和存在的不足并对接下来的理论学习做了规划如火如荼的研讨持续了近六个小时导师魏晓文耐心指导大家在理论学习方面不仅要广泛阅读专业书籍打牢扎实的理论功底还要有正确的思维方式和坚定的马克思主义政治立场在系统工程研究所博管工学生党支部邀请到郭崇慧教授张震老师开展学习习近平系列讲话专题座谈郭崇慧教授一字一句解释坚持和发展中国特色社会主义必须高度重视哲学社会科学坚持马克思主义在我国哲学社会科学领域的指导地位加快构建中国特色哲学社会科学加强和改善党对哲学社会科学工作的领导的重要性同时结合自身经历讲述自己的见解希望广大博士生硕士生奋发图强为中国特设社会主义做出自己的贡献经济研究所里原毅军教授以一位老党员的身份根据自己的亲身经历为学生讲述自己党员生涯的优秀事迹殷切教导每一位党员如何成为一名合格党员如何坚定共产主义的信仰如何从自身做起为党和国家做出自己应有的贡献笃行师生教学相长让两学一做见实效做一名教师是我的终生夙愿也是我付出余载光阴与心血的无悔选择我始终执着于自己钟爱的事业立德树人鞭策自己润泽学生在带领学生研习原著经典时魏晓文教授如此说在导师带着学生学的过程中导师也从中感受到更多的责任教学相长让师生情怀流淌在心里让两学一做学习教育真正见实效围绕讲规矩有纪律主题建工学部暖通教工党支部书记舒海文老师从苏联解体的历史教训入手解释了自律准则的重要性王树刚老师对四个必须和八条规范进行了深入解读号召各位党员在生活中不传谣言不妄议中央并结合学术上的抄袭乱署名的现象要求各位学生党员要做到学术上的守纪律赵天怡老师从教师的职责传道授业解惑的角度出发解释了他对讲规矩有纪律的认识围绕讲政治有信念主题管经学部研究生黄菁菁认为信念不是一种物质是属于精神层面的范畴不是虚无是受到外界影响下的思维与力量信念大多数人都会有有了信仰信念才有了方向作为一名合格的党员要把这种思想建设放在首位于长宏围绕做合格党员这一主题发表看法认为我们通过学习党章党规十八大系列会议精神和习近平总书记系列讲话不仅将文件读透精神领悟透更要紧密联系思想实际牢固树立正确的世界观人生观和价值观把个人的努力融入到为社会主义现代化建设而奋斗的伟大实践之中坚定理想信念必须立足现实从现在做起努力搞好科研工作脚踏实地不断进步不断前进电信学部根据研究生党建工作实际及研究生教育培养特点在学部范围内全面动员制定导师带我学理论方针积极开展导师带我学理论活动方针具体体现在两个中心两种形式两个阵地即学习活动中以理论学习和科研交流为中心变换活动形式分别采用一对一一个教工党支部对一个学生党支部和一对多一位导师对多位学生党员的形式开展学习活动充分发挥两个学习阵地作用通过线上微信群向全体党员推送相关学习资料组织开展讨论交流学习心得有效提升党员干部的思想认识通过线下的三会一课开展学习教育活动在化工与环境生命学部书记全燮教授带领全体研究生学习的研讨会上每位党员争先发言叶菲作为课题组的班长从自身的角度出发指出党员要以奉献为首位不能心想利益一个合格的党员必须首先考虑人民的需求积极尽可能地为人民服务并且服务他人的同时自己的素质还得不断提高这样才能满足现代大学生党员的需求魏高亮表示从两手抓两手都要硬到三个文明协调发展再到经济政治文化社会建设四位一体党在中国发展的特别阶段又增加了生态文明建设构成五位一体是明智之举环境学科的学生是新一代的环保人必须在自己的科研工作中融入对祖国未来的考虑要为建设美丽中国提供技术支撑做顶天立地的科研工作切实付出行动自月底始导师带我学理论在各学部学院如火如荼开展通过建立研究生党员与导师或导师组共同学习理论知识的新模式把学生培养辅助教学思想汇报有机结合寓教于学以学促教不仅增强党员学习自主性有效地提升研究生的教学育人环境更为学校中心工作开展提供支撑责任编辑龙海波复制网址打印每日推荐辽宁日报大工后毕业生梁宇主动申请进藏工切实做好本科招生录取工作为学校选拔优质生源大工人物校友篇大工合伙人李欣张生言第八届浪漫之旅海峡两岸文化研习营顺利开营大连理工大学教师获日本水环境学会年度技术奖数学学院举办年全国优秀大学生数学学术夏令营建设工程学部校友田熹东来校作创新创业报告人民网大连理工大学后国防毕业生主动申请到天健网大连理工后国防毕业生主动申请去大连晚报大工后优秀国防毕业生毕业选择推荐视频钱令希诞辰百年纪录片发布预告年月日大工新闻学校隆重举行庆祝中国共产党成立周年大会为梦连理大连理工大学招生宣传片焦点图片毕业季校园里那抹亮色美女毕业生遇见特色学位服毕业季大学四年最遗憾的那些事毕业季最大工难忘凌工路号那件事大工建筑篇一你不得不知道的那些楼排行榜点击校友许宪平调任通用技术集团董事长基建进行时学校基本建设正在加紧推进中大连理工大学校友会新增国际化成员落实十三五发展规划推动学校发展实现新严守党的政治纪律和政治规矩做政治上的明白王凤海校友出任大商所党委副书记总经理中组部人才工作局领导来校看望千人计划郭东明校长应邀出席中俄大学校长峰会并作主题加强马克思主义学院建设培养信仰坚定的优秀大连理工大学举办第二届中外博士研究生学术论第一页内容缓存全文内容缓存根据设置字体大小并初始化按钮请选择投票选项最多允许选项单页阅读分页阅读单页阅读分页阅读控制内容区域的的图片大小并为过大的图片添加查看原图复制网址复制链接成功被浏览器拒绝请在浏览器地址栏输入并回车然后将设置为复制链接成功改变字号小本文地址电话版权所有大连理工大学新闻中心
-1
