http://news.dlut.edu.cn/article/2016/0713/67896.shtml
24
341
8
321
2
35
65
165
165
240
240
352
352
267
267
251
185
61
44
135
370
252
38
381
65
打造多元化精英咨询团队开拓招生宣传工作新局面菁菁校园大工新闻网首页新闻图片视频报纸广播首页新闻菁菁校园正文打造多元化精英咨询团队开拓招生宣传工作新局面电信学部年招生宣传工作圆满落幕作者韩明宸来源电子信息与电气工程学部时间点击月中下旬电子信息与电气工程学部招生宣传工作组在招生就业处的指导下顺利完成山东省山西省和沈阳市的招生宣传工作学部以提升学校在招生责任区域知名度吸引优秀生源为出发点倾力打造专业课教师数量更庞大宣传队伍人员类型更丰富宣传队伍结构更可持续发展的多元化招生宣传工作团队本次招生宣传工作学部共派出名工作人员其中专业课教师人机关工作人员人本硕博生源地学生人专兼职辅导员人团队共走访省市所高中参加大型高考招生咨询会场中型学校专场招生咨询会场为众多学生和家长解答报考相关问题在责任区域招生宣传的过程中学部邀请校友会校友家长委员会成员加入当地招宣工作当中从学生在校培养校友毕业发展家长认可程度等方面为咨询的考生家长答疑专业教师将踏实严谨的科研作风带入招宣工作中在本次招宣工作的队伍中副高以上职称的专业教师共有人人有过参与招生宣传工作的经历以老带新的专业教师招生队伍既有着丰富的经验又有着人员的传承与发展专业教师在招宣工作中持续发扬着科研时踏实严谨的作风在前往招生责任区域前根据各省市的地域特点详细的制定了招生宣传计划并进行组内培训做到所回答的每一个问题都有理有据这种认真仔细的宣传态度也得到了考生家长的高度认可毕业校友能继续宣传母校是一种光荣与传承沈阳校友会连续两年参与到沈阳市招生宣传工作当中在今年山东校友也加入到现场咨询的队伍中来一方面他们在生活中向自己的亲友积极宣传母校鼓励更多亲友家的孩子能够报考大工另一方面他们亲自参与到招生咨询会当中从本科生的在校培养经历与感受毕业生未来的就业发展情况与考生家长进行交流从不同角度宣传母校助力招生工作沈阳校友会副秘书长孙仁锋说平时校友会仅仅局限于为有经济困难的校友和在校生捐钱捐物我们希望能为母校做的更多这样的活动我们特别愿意参与能继续宣传母校是一种光荣与传承在校生家长让孩子去大工很放心老师你们什么时候过来招生我是当地人比较熟也想过来帮帮忙感谢学校让我们家孩子成长了许多看到了校招办发布的招宣工作行程安排后电信学部家长委员会中来自沈阳济南和莱芜的家长们立即与学部取得了联系并积极参与到当地的宣传工作当中他们将自己孩子来到大工后的成长转变以及学生家长对于学校评价与考生家长进行交流他们说家长群里讨论最多的就是孩子忙不怎么和家里联系课程多活动也多但是看到孩子们的成长心里就觉得很踏实很欣慰把孩子交给大工培养很放心我校热情周到的招生宣传工作得到了广大家长和考生的认可并有枣庄三中北镇中学淄博七中等所高中与我校讨论申请生源基地校的相关事宜进一步提升了我校在山东山西和沈阳地区的知名度为招收更加优秀的生源奠定了坚实的基础责任编辑张平媛复制网址打印每日推荐副校长朱泓率团访问白俄罗斯国立大学推进两校合作建党周年王立鼎院士与两岸学子分享科研历程我校论文被计算机视觉及模式识别领域国际顶尖期刊两学一做盘锦校区党工委召开专题二学习研讨会东北新闻网年青少年高校科学营大连理工大打造多元化精英咨询团队开拓招生宣传工作新局面央广网大连理工大学位院士指导名少年工程人民网年青少年高校科学营大连理工大学分年青少年高校科学营大连理工大学分营开营推荐视频钱令希诞辰百年纪录片发布预告年月日大工新闻学校隆重举行庆祝中国共产党成立周年大会为梦连理大连理工大学招生宣传片焦点图片毕业季校园里那抹亮色美女毕业生遇见特色学位服毕业季大学四年最遗憾的那些事毕业季最大工难忘凌工路号那件事大工建筑篇一你不得不知道的那些楼排行榜点击落实十三五发展规划推动学校发展实现新校友许宪平调任通用技术集团董事长基建进行时学校基本建设正在加紧推进中大连理工大学校友会新增国际化成员加强马克思主义学院建设培养信仰坚定的优秀郭东明校长应邀出席中俄大学校长峰会并作主题为母校成就自豪助母校实现腾飞大连理工大学附属学校举行届学生毕业典礼大连理工大学援梦专列再次启程年青少年高校科学营大连理工大学分营开营第一页内容缓存全文内容缓存根据设置字体大小并初始化按钮请选择投票选项最多允许选项单页阅读分页阅读单页阅读分页阅读控制内容区域的的图片大小并为过大的图片添加查看原图复制网址复制链接成功被浏览器拒绝请在浏览器地址栏输入并回车然后将设置为复制链接成功改变字号小本文地址电话版权所有大连理工大学新闻中心
-1
