http://news.dlut.edu.cn/article/2016/0509/66376.shtml
9
127
165
165
240
240
352
352
267
267
低维拓扑国际研讨会在我校成功举行学术动态大工新闻网首页新闻图片视频报纸广播首页新闻学术动态正文低维拓扑国际研讨会在我校成功举行作者数学学院来源数学科学学院时间点击月日由我校数学科学学院承办的低维拓扑国际研讨会在大连理工大学国际会议中心隆重开幕来自日本韩国新加坡俄罗斯中国的余名著名数学家青年学者和研究生出席与会人员围绕当前低维拓扑学相关领域的前沿课题和最新成果等进行了报告并以此为契机展开了深入的交流大连理工大学数学科学学院党委书记刘西民教授日本大阪市立大学特聘教授大阪市立大学名誉教授和大阪市立大学数学研究所名誉主任教授韩国高等研究院教授俄罗斯科学院院士新西伯利亚国立大学教授俄罗斯科学院数学研究所应用分析实验室主任教授等出席了开幕式开幕式由大连理工大学数学科学学院副院长雷逢春教授主持三位教授分别致辞雷逢春教授对各位专家的到来表示热烈欢迎他表示在过去的几年里大连理工大学低维拓扑方向无论是从人才培养还是科研成果方面都有了长足的发展希望通过此次低维拓扑国际研讨会能促进低维拓扑领域里的国际交流合作同时进一步推动大连理工大学数学学科的国际化发展日本教授和韩国教授以及俄罗斯的教授分别向研讨会的召开表示热烈的祝贺表示非常高兴来我校进行学术交流希望通过这次活动进一步探寻未来可能的合作研究此次研讨会将低维拓扑领域的国际知名学者和国内活跃在低维拓扑各方向专家学者汇聚一堂对各个专题进行系统综述报告最新研究成果对共同感兴趣的问题深入交换看法同时给相关年轻学者和博士生一个了解当前低维拓扑各领域现代前沿和最新发展的机会会议由场专家邀请报告和场小报告组成此次研讨会的成功举办对于促进低维拓扑领域里的国际间学术交流提升大连理工大学乃至国家在低维拓扑研究领域的国际影响将发挥积极推动作用责任编辑张平媛复制网址打印每日推荐学校党委就两学一做学习教育工作作出安排人民网具有模拟生理功能的类器官微流控芯片在中国高校之窗大连理工大学研发具有模拟生理功学校召开党委学习中心组扩大学习会议两学一做化环生学部四个注重力求学习教育大工学子在大连市高校船海文化节斩获佳绩弘扬体育精神展示大工风采两学一做能动学院开展两学一做学习教育核心价值观大工青年携手红三连共谱青春篇大连理工大学哲学社会科学研究成果获教育部采纳推荐视频钱令希诞辰百年纪录片发布预告年月日大工新闻学校隆重举行庆祝中国共产党成立周年大会为梦连理大连理工大学招生宣传片焦点图片毕业季校园里那抹亮色美女毕业生遇见特色学位服毕业季大学四年最遗憾的那些事毕业季最大工难忘凌工路号那件事大工建筑篇一你不得不知道的那些楼排行榜点击面孔学术之星我校承担的中国工程院咨询研究重点项目启动会我校赴无锡参加纪念钱令希诞辰周年活动大连理工大学在全国专业学位研究生教育中获表校友总会第六届理事会第二次会议召开大连理工大学哲学社会科学研究成果获教育部采大连理工大学研发具有模拟生理功能的类器官微两学一做全校名学生预备党员参加培训研究生学术科技节聆听名师讲堂畅饮学术甘两学一做学校二级党组织陆续开展两学一第一页内容缓存全文内容缓存根据设置字体大小并初始化按钮请选择投票选项最多允许选项单页阅读分页阅读单页阅读分页阅读控制内容区域的的图片大小并为过大的图片添加查看原图复制网址复制链接成功被浏览器拒绝请在浏览器地址栏输入并回车然后将设置为复制链接成功改变字号小本文地址电话版权所有大连理工大学新闻中心
-1
