http://news.dlut.edu.cn/article/2016/0628/67522.shtml
26
341
189
131
239
313
42
368
46
165
165
240
240
352
352
267
267
320
287
330
322
313
279
295
264
334
228
人文学部举行届毕业生学位授予仪式暨毕业典礼菁菁校园大工新闻网首页新闻图片视频报纸广播首页新闻菁菁校园正文人文学部举行届毕业生学位授予仪式暨毕业典礼作者李文超冯雅辉来源人文与社会科学学部时间点击月日下午点人文与社会科学学部届毕业生学位授予仪式暨毕业典礼在科技园报告厅隆重举行人文学部党委书记郑保章教授副部长丁堃教授副部长刘宏伟教授副部长李冲副教授副部长李鹏副教授副书记兼副部长田晓明老师出席了本次毕业典礼典礼由人文学部党委副书记兼副部长龙鹏举老师主持人文学部届全体毕业生家长代表教师代表辅导员代表汇聚在报告厅一同见证这青春的光荣时刻下午时许毕业生们陆续到达科技园大厦准备入场毕业生们或在报告厅外休息处品尝学部为大家精心准备的茶歇或三五成群合影留念或互相整理仪表或和前来参加自己毕业典礼的父母交谈身着学士服头戴学士帽的他们风华正茂脸上尽显奕奕神采两点整伴随着人文学部届毕业生自制微视频最好的我们的余钟磬音龙鹏举老师宣布学位授予仪式暨毕业典礼正式开始全体起立奏唱国歌人文学部党委书记郑保章教授为毕业典礼致辞他鼓励即将走向五湖四海的毕业生们在人生的又一崭新阶段追逐梦想胸怀抱负敢为人先引领创新踏实勤勉甘于奉献郑保章教授还深情朗诵了年前他在自己大学毕业之际创作的诗歌老家献给在场每一位毕业生殷殷嘱托声声盼望中尽是郑保章教授对人文学子的厚爱和期许副部长李冲丁堃李鹏刘宏伟分别代表学部宣读本科研究生硕士研究生毕业生及优秀毕业生名单并对顺利毕业的同学们表示祝贺济济一堂的报告厅悄然无声大厅中只回荡着一个个毕业生的名字人文学部届毕业生一一上台接受学位授予郑保章丁堃刘宏伟李冲李鹏五位老师向全体毕业生授予学位并颁发毕业证书学位证书教授们为毕业生们从右向左拨正学士帽穗象征着各位毕业生圆满完成学业顺利毕业本次学位授予仪式共授予名本科生名研究生名硕士研究生毕业学位学位授予仪式结束公共事业管理专业的本科毕业生代表李轶瑶上台发言她深情回忆了大学四年自己的所学所得感恩师生情同学谊真挚的演讲令在场的每一位毕业生动容大学生涯结束同学们最应感恩的是自己含辛茹苦的父母父母们见证了孩子成长的一刻荣耀的一刻难忘的一刻在毕业典礼上毕业生代表手持鲜花献给家长席位上的爸爸妈妈一个个深深的拥抱一句句暖心的话语让在座的无数位家长和毕业生流下了感动的泪花最后人文学部副书记兼副部长田晓明老师为毕业生礼物揭牌届本科毕业生献礼学部表达了他们对学部的深切感恩与眷恋全体毕业生献歌不完美小孩表达对学部对师长对同学的最后告白接着全场起立奏唱校歌郑保章书记与全体毕业生完成了最后一张自拍作为凌工路号最后一段青春印记至此人文学部届毕业生学位授予仪式暨毕业典礼圆满结束青春终有离别又到凤凰花开的路口彼时的自在笑脸如今的相对无言千万句祝福道不尽心中的感恩与致谢在六月这个分别的季节祝愿人文学部届全体毕业生前程似锦人文人的征途是星辰大海人文人的期待是璀璨未来责任编辑张平媛复制网址打印每日推荐人文学部举行届毕业生学位授予仪式暨毕业典礼建党周年把心交给学生的良师严守政治纪律和政治规矩围绕学部发展履职尽责建党周年以党建品牌为引领建设学习型服务组图在现场图说庆祝中国共产党成立周年大毕业季属于机械学子的独家机忆真心传递母校情真爱融注毕业季新版学位证书背后的故事两学一做加强党性修养践行合格党员东北新闻网大连理工大学铜酞菁和碳电极用于推荐视频钱令希诞辰百年纪录片发布预告年月日大工新闻学校隆重举行庆祝中国共产党成立周年大会为梦连理大连理工大学招生宣传片焦点图片毕业季校园里那抹亮色美女毕业生遇见特色学位服毕业季大学四年最遗憾的那些事毕业季最大工难忘凌工路号那件事大工建筑篇一你不得不知道的那些楼排行榜点击大工欢迎你你的大工你定义毕业晚会散场离歌时却难说再见大连理工大学届毕业典礼暨学位授予仪式隆坚持党的领导加强党的建设为全面推进特色在现场图说庆祝中国共产党成立周年大会学校领导与毕业生共进午餐情浓意切送祝福毕业文化衫连理同心专属研究生的温暖记我校与中科院联合培养的首届华罗庚班学子顺利届毕业晚会华美落幕做有价值的人创造无愧于时代的人生第一页内容缓存全文内容缓存根据设置字体大小并初始化按钮请选择投票选项最多允许选项单页阅读分页阅读单页阅读分页阅读控制内容区域的的图片大小并为过大的图片添加查看原图复制网址复制链接成功被浏览器拒绝请在浏览器地址栏输入并回车然后将设置为复制链接成功改变字号小本文地址电话版权所有大连理工大学新闻中心
-1
