http://news.dlut.edu.cn/article/2016/0530/66938.shtml
10
56
132
165
165
240
240
352
352
267
267
化工届校友毕业五十周年返校校友之声大工新闻网首页新闻图片视频报纸广播首页新闻校友之声正文化工届校友毕业五十周年返校作者冷闯苏丽娜韩来源化工与环境生命学部时间点击月日大工校园游子归来化工届校友时隔半个世纪再次回到母校回到这片充满青春回忆的土地上上午九点来自化工与环境生命学部校友服务中心的志愿者们在城际客源酒店为校友一行接站五十年前风华正茂的青年学子如今大多数已年过古稀今天回到阔别已久的母校昔日同窗相会每个人都精神焕发青少年时代初入校园求学时的喜悦神情再次浮现于面颊第一站校友们来到了令希图书馆这座在他们毕业许久后才竣工的雄伟建筑着实令各位老校友赞叹不已也使其由衷地感叹如今后辈们学习条件之优良九点半令希图书馆前合影留念完毕在志愿者的带领下校友们进入令希图书馆参观图书馆室内的所见所闻更让老校友们赞不绝口安静的图书馆中只听得见匆匆的脚步声排列整齐的各类书籍文献以及醉心学习的同学们让老校友仿佛回到了当年埋头苦读的峥嵘岁月参观完令希图书馆校园们来到了下一站精细化工国家重点实验室作为我国精细化工领域唯一的国家重点实验室贯彻开放流动联合竞争的方针实验室设立了开放基金每年可资助与实验室学术方向相关的个研究课题吸引客座人员和访问学者来实验室进行科学研究回想老校友当年的学习设备现如今的仪器设备可谓太先进啦感叹之余校友们也鼓励在场的晚辈珍惜现在的学习环境日后为大工做出自己的一份贡献十一点左右校友们前往化工综合楼室与李杨部长进行了座谈交流通过这次交流各位校友对今日大工毕业后大工的发展历程以及化工学部的发展都有了更加全面的认识其中有不少校友在毕业后也时刻关注着母校的发展动向为母校奉献自己的力量着实让人感动不已午餐时间校友们来到中心食堂就餐饭菜虽然简单却充斥着学生时代那难以忘怀的味道午饭过后志愿者带领校友们到达主楼第一教学馆等地忆往昔的同时也更加深入地了解了现在学生们学习的环境相聚的时光总是短暂下午两点左右校友们结束了这次参观分别年后的同窗老友重聚在母校话离别情诉今日乐叹大工情虽然重逢的时光很短暂但他们念着自己永远都是一名大工人责任编辑张平媛复制网址打印每日推荐让青春在火热军营中绽放光彩首届大连高校雕塑专业优秀毕业作品展举行两学一做建设工程学部党委学习中心组召开学习两学一做研究生党员上讲台开展集体学习日本名古屋大学校长一行访问我校开发区校区国际学生参加第二届留动中国辽宁赛区选拔赛共建美丽大工同享碧水蓝天环境保护主题活动举运载学部聘任年河南省招生宣传联络员马克思主义学院举办第二届文化强国高层论坛两学一做深入学习贯彻党章努力做合格党员推荐视频钱令希诞辰百年纪录片发布预告年月日大工新闻学校隆重举行庆祝中国共产党成立周年大会为梦连理大连理工大学招生宣传片焦点图片毕业季校园里那抹亮色美女毕业生遇见特色学位服毕业季大学四年最遗憾的那些事毕业季最大工难忘凌工路号那件事大工建筑篇一你不得不知道的那些楼排行榜点击声音推动大工哲学社会科学繁荣发展组图年少的梦想熠熠星光铮铮誓言学校召开两学一做学习教育基层党组织负责我校两项国家社会科学基金项目结项获得优秀宋春山教授担任美国大学能源研究联盟主席和首迎接全国第四轮学科评估系列报道三营造学术氛围助力人才培养校党委书记王寒松一行到盘锦校区调研大连理工大学在国际学生武林大会斩获佳绩锐意创新为建设世界科技强国贡献力量第一页内容缓存全文内容缓存根据设置字体大小并初始化按钮请选择投票选项最多允许选项单页阅读分页阅读单页阅读分页阅读控制内容区域的的图片大小并为过大的图片添加查看原图复制网址复制链接成功被浏览器拒绝请在浏览器地址栏输入并回车然后将设置为复制链接成功改变字号小本文地址电话版权所有大连理工大学新闻中心
-1
