http://news.dlut.edu.cn/article/2013/1111/51655.shtml
10
165
165
240
240
352
352
267
267
363
26
以光棍之名大工新闻网首页新闻图片视频报纸广播首页新闻校园视点正文以光棍之名作者记者团许可心翟浩然汪彦君王瑜来源宣传部新闻中心时间点击编者按光棍节源于上世纪九十年代的校园随着光棍节对中国校园的席卷成为一场性质混杂的狂欢因为不是中国传统节日所以光棍节缺乏像清明节端午节那样的节日独数的文化内涵难以引起所有中国人心底属于民族归属感的共鸣而也是在这种程度上光棍节更类似于圣诞节万圣节这种舶来节日人们并不注重这些西方节日真正的由来与意义只是怀着一种猎奇心理来消费这些节日享受以这些节日为由头社会上的一场又一场的狂欢以此调剂单调平淡的生活光棍节特殊的节日性质导致节日的现实意义远小于其娱乐意义和消费意义极端一点说光棍节并不能真正算是一个节日而是一场约定俗成的一个可以释放单身压力的特殊契机从另一个角度看这或许也反映了当下青年人承受的工作生活压力和内心的一种焦虑图片来自网络光棍节视点又是一年十一月又是一年光棍节自从年那次世纪光棍节之后这个原本是光棍们用来自嘲的节日就像熊熊大火一样燃遍年轻人的生活圈为光棍们找到了群体的归属感俨然成为了一种已经普及的文化现象光棍节的主体也不仅仅限于单身汉们越来越多的女生也积极踊跃地加入甚至情侣也颇为热衷以至于把光棍节过成了另一个情人节光棍节的气氛也从最初的带着自我嘲讽的凄凉与无奈逐渐演变成一种潇洒自由的处事态度有时也会为表白提供大好机会我们年轻人抓住这个时机尽情挥洒着青春的余热与同龄人一起疯一次闹一次为略微紧张的学习和生活按一下暂停键光棍节观点针对光棍节和随之而来的饭店促销双十一抢购热潮和各种热闹的高校联谊活动记者采访了一部分同学了解一下他们对于风头正劲的光棍节的看法来自于我校运载工程与力学学部级的徐同学对光棍节的实际意义并不持积极的看法她觉得光棍节其实并没有太大的意义其存在的最大价值只是提供了一个节日而已找一个借口给人们一个放松狂欢的机会很多节日也都是这样他们存在的意义也不过是单调的生活中的一个华丽的转场而上海工商学院工商管理专业的于浩然同学也觉得光棍节很难有说得出来的影响与意义不过是供大家来娱乐消费和调侃在采访过程中也有同学表示为什么只能有情人节而不能有光棍节他们觉得光棍节是平等于情人节的节日没有光棍就不能有自己的节日的道理很多同学倾向于认为光棍节的作用就是促进单身同学们摆脱单身同样是来自运载工程与力学学部的陈同学说光棍节可以在一定程度上安慰至今仍单身的同学这个节日因为有丰富的联谊活动而促进了同学们的交往从而能成功地让一部分人脱光持相同看法的来自山东财经大学金融数学专业的高晓涵同学也表示光棍节实际上就是单身男女为摆脱光棍而设立的节日如果真的是想庆祝单身那光棍节私底下自己过就可以搞得这么大张旗鼓无非就是想摆脱单身当然也有不少同学表示对光棍节其实并没有什么兴趣唯一有吸引力的地方在于很多商场与购物网站餐馆饭店都借机搞双十一促销记者在采访调查中也发现其实光棍节那天举办的活动远远跃出光棍本身的含义同样来自人文学部大一的苏同学半开玩笑地说现在的光棍节已经转变成了购物节完成了经济到物质上的转变来自电信学部大二的葛同学告诉记者这是个不错的可以举办班级活动的机会毕竟大家对这种节日的积极性较高给单身青年找到个证实存在感的机会让总被吐槽没人爱的光棍们感觉他们不是一个人在战斗另一名机械学部大二的王同学说他们级队去年光棍节以男生为主办了一个晚会晚会之前安排女生拍了一些视频加上一些对男生的祝福像早日找到女朋友之类的接下来大家就一起玩游戏热闹了一晚上对于光棍节那天的计划大部分被访同学基本都表示还没有什么打算可能回去参加一些聚餐或者是组织的活动不少同学表示并不为自己的单身而感到焦急单身也没有什么不好光棍节思辨距离光棍节还有一个多月的时候学校好多组织就有了联谊活动或者其他相关活动的宣传这个节日的盛行反映了现在年轻人对单身生活的戏谑态度同时也表达了单身青年的一种诉求这种起源于南京大学男生寝室的单身节日近几年来越来越火爆甚至还有一种说法叫做优秀的人普遍单身单身似乎成为了一种潮流这不禁引起我们的思考为什么光棍节文化在校园里这么流行不可否认光棍节的火爆让许多人燃起了恋爱的欲望许多单身年轻人在这节日成功脱单但是光棍依然是一个庞大的群体他们的活动以及态度仍然引起我们现在生活和感情方面的一些追问这一天最常见的活动应该数光棍们的聚餐了在这一天你可以毫无节操的喝醉疯狂因为这是这是属于光棍们的节日许多单身年轻人一直压抑的心情可以肆意的释放在这一天不会有人再笑话你没有伴侣不会有人给你任何压力也许就是因为平时好多人学习工作生活上太大压力他们的感情生活很单调也就借着光棍节一起发泄出来光棍节热在一定程度上也反映了现在单身年轻人越来越多生活节奏的逐渐加快人们无暇顾及自己的感情生活每天似乎都在为生活奋斗而忽略了我们最基本的感情或者说现在由于现实原因好多人仍然单身但在他们心里是渴望摆脱这种状态的单身狂欢玩的越嗨越是反映了他们脱单的诉求其实单身并不是一件坏事反而体现了现在年轻人对待自己的感情越来越负责的态度宁可孤单却骄傲地过着一个人的生活也不委曲求全也体现了当代年轻人情感上的独立和有主见他们不再因为受周围恋人们的影响或者其他方面的压力为了恋爱而恋爱而是更多地倾向于自己内心真正的需要这是一种可喜的变化说明现在的大学生已然更加成熟更加有责任感还有许多大胆的光棍决定在这一天表白或求婚看起来虽然很浪漫但实际上也反映出许多光棍单身太久导致的不够自信难以明确的定位自己他们不确定自己喜欢的人是不是喜欢自己在这一天表白如果不成功也可以一笑而过就当是节日的游戏这些人害怕失败他们害怕的不只是不能和心爱的人在一起本身也是没面子光棍节却能给他们一个很好的台阶所以其实那些单身年轻人需要我们的注意力和关爱太久的单身生活很容易让他们产生一种自己不行不能追到心爱的人的错觉就容易使得他们越来越不敢勇敢的追求自己的幸福瞻前顾后最终还是错失所爱也有一部分人想在光棍节找个一日爱人光棍节过后就各奔东西一方面来说可以丰富光棍们的单身生活让他们也体验到一天的幸福而从另一方面来说这种行为就是在欺骗自己和一个没有感情的人假扮一天情侣体会到的根本不是真正的爱情这会让更多的人失去恋爱的欲望从而造成一种恶性循环从道德层面上来说这也是一种感情上的欺骗是一种对自己对别人都不负责任的行为受现代社会外来文化的影响越来越多的人对感情抱着随意的态度使得感情当中起码的真诚和信任消失随着离婚率的上升分手率更是成倍上升对感情的随意态度使得许多人的恋爱变成了一种游戏真诚的感情越来越少也就使得单身一族越来越多大学中的男女比例也是影响单身率的一个重要因素我校的男女比例被形象的调侃为七比一狼多肉少的局面甚至和尚班的出现使得男生的选择范围狭小时间久了也就没有了继续寻找的兴趣一个人久了也就习惯了现实原因确实使得单身人数上升但是更多的还是单身年轻人的主观因素一个人不要紧只要记住自己的责任始终真诚而充满希望的追求着真正的爱情一个人的时候努力将自己变得更优秀未来才能够自信而骄傲地站在的身边与此同时双十一也成为国内购物狂欢之日若没有网购大减价的推波助澜这个节日也不会有今天的燎原之势电商们一手打造了双十一促销神话我们身边也充斥了各种打折优惠活动光棍节从诞生之初到风靡中国作为一个受到越来越多追捧的消费热点经历了越来越完备的商业化包装从中我们也可以窥得中国电子商业在中国的繁荣与中国商业环境的蓬勃发展但是我们也产生了另一种忧虑节日是否只是一场消费娱乐盛宴双十一促销是完完全全的事件营销今天的我们几乎没有人会怀疑电商折扣的存在但鲜少有人思考为何光棍与购物会产生如此强大的交集双十一购物节调动了社会上各种群体的积极性让大家都能找到切入点最终转化为一场全民狂欢不只是光棍节我们其他的节日包括所有的中国传统文化节日在市场化经济与多元文化的今天商业化气息愈加浓厚反而是节日设立的初衷和节日的文化内涵却被逐渐遗忘最终丧失了庆祝节日本身的意义和价值光棍节的狂欢与火爆不仅是一种流行文化的发展也是单身青年情感诉求的反映他们复杂的内心世界值得更多的人关注而大环境下的我们则该通过更有意义的活动将这个节日引到更积极的轨道上来光棍节的热闹中更多的透露着落寞因为这种喧嚣热闹却似乎与爱情无关责任编辑姜雪相关阅读复制网址打印分享到每日推荐我校处级干部参观市反腐倡廉警示教育基地标兵故事蔡晗不忘初心方得始终标兵故事蔡晗不忘初心方得始终大连日报化工与环境生命学部评选最美团支书打造软件人才创新创业的摇篮新闻聚焦打造软件人才创新创业的摇篮大工学子在全国大学生金融创意设计大赛中喜获佳绩大工记者团和广播台获辽宁省十佳校媒称号数学科学学院党委积极开展与王家村党委共建活动机械工程学院人参加入党积极分子培训推荐视频钱令希诞辰百年纪录片发布预告年月日大工新闻学校隆重举行庆祝中国共产党成立周年大会为梦连理大连理工大学招生宣传片焦点图片毕业季校园里那抹亮色美女毕业生遇见特色学位服毕业季大学四年最遗憾的那些事毕业季最大工难忘凌工路号那件事大工建筑篇一你不得不知道的那些楼排行榜点击标兵故事李思远千淘万漉虽辛苦吹尽狂标兵故事李轶瑶执一而专心致志行微而校领导就推进学校改革发展征求意见校园交通安全再聚焦明星教师张旭泉大工财务网上报账系统已正式启用大工学报社科版荣膺全国高校百强社科期刊走进校友校友年度人物耿洪臣忘字何解怎样落笔都不对运载学子在全国船舶与海洋工程设计大赛中斩获第一页内容缓存全文内容缓存根据设置字体大小并初始化按钮请选择投票选项最多允许选项单页阅读分页阅读单页阅读分页阅读控制内容区域的的图片大小并为过大的图片添加查看原图复制网址复制链接成功被浏览器拒绝请在浏览器地址栏输入并回车然后将设置为复制链接成功改变字号小本文地址电话版权所有大连理工大学新闻中心
-1
