http://news.dlut.edu.cn/article/2015/1204/64496.shtml
9
195
165
165
240
240
352
352
267
267
争创一流让青春与信仰的旗帜共同飞扬新闻聚焦大工新闻网首页新闻图片视频报纸广播首页新闻新闻聚焦正文争创一流让青春与信仰的旗帜共同飞扬大连理工大学积极探索学生党员教育培训新形式作者张平媛来源宣传部新闻中心时间点击年前一群具有共产主义觉悟的青年唱响了开天辟地的青春旋律中国共产党应运而生今天青年再一次成为时代故事的主角正如习近平总书记所说青年是标志时代的最灵敏的晴雨表大学校园中的学生党员更应是这个群体中最活跃最积极最有担当最能够引领社会主流价值的重要组成部分在建设世界一流大学的大背景下如何带动他们时刻坚定理想信念让基层党组织建设永葆活力大连理工大学积极创新形式延伸载体让党员教育培训工作真正入情入理入心把党组织建设延伸到校园最活跃的地方一个贯通不断线诠释教育培训新内涵要不要加入中国共产党中国共产党又是一个什么样的组织为什么要坚定共产主义理想信念日前别开生面的新生入党启蒙教育第一课在该校化工与环境生命学部举行大一新生纪嘉欣后先锋连发起人冷闯优秀学生党员李思远党务工作者徐晓英全国敬业奉献道德模范邵春亮走上讲台现身说法一问一答间进行互动交流一个个感人的故事深深感染了年轻的学子们一名党员的能量有多大一名党员的情怀有多深这是很多新生心中的疑惑也是启蒙教育中需要回答的问题邵春亮虽已耄耋但仍然用慷慨激扬的语言和鲜活的事例为新生们讲述着与少数民族学生间发生的感人故事解答新生们对于政治理论学习的不解和疑惑这多名莘莘学子在步入大学校园后向党靠拢的关键第一课上种下了心中信仰的种子将学生党员教育培训全过程的个阶段贯通起来确保入党启蒙入党积极分子教育发展对象教育预备党员教育正式党员教育一个贯通不断线在入学初入党前入党后毕业前的每个时期对大学生进行系统规范地集中教育培训校长助理兼组织部部长毕明树介绍在党员发展的不同阶段针对不同的培训对象设置不同的培训要求从整体性角度设置课程体系确保各个阶段的教育培训内容不重复不缺失并循序渐进逐步深入促使他们愿意学学得懂用得上用得好在党员教育培训的课程设置上充分关注和考虑思想政治理论课的教学内容体系减少交叉重复增加理论深度既衔接又不重复不断增强大学生党员教育的针对性和实效性党员培养一阶一训这是大连理工大学化工与环境生命学部围绕党员培养的各个阶段有针对性地设计专项培训方案每年专项培训不低于次针对党支部书记及委员毕业班学生党员进行专题培训和教育保证党员干部履职尽责激励毕业生党员为社会做出更大的贡献人生是一次单程旅行每个人的终点站都是相同的所不同的是一路上的风景和看风景的心情江洪波以此勉励毕业生党员要敢于选择善于选择学业毕业但信仰永在在电信学部届毕业生党员教育大会上学部以增强党性修养和组织观念为主线校友报告为核心的新颖形式邀请辽宁省政协委员大连中联电脑有限公司总经理江洪波博士为即将走向不同人生方向的毕业生党员助力大会接近尾声时多名研究生及本科生党员重温入党誓词回忆这一幕毕业生毛蕾仍旧充满激动这个字是一名中国共产党党员政治生命的开始重温入党誓词让信仰在心中越发坚定更加铭记自己肩负的重任对党忠诚积极工作在新生活中更好地发挥党员的模范先锋带头作用在机械工程学院的毕业生党员承诺签名仪式上面对迎风飘扬的国旗和党旗研究生毕业生党员代表毛庆凯同学带领党员们庄严承诺在新的工作学习岗位上将继续以一个党员的标准严格要求自己胸怀宽广坚定信念做理想远大的有为青年积极思考勤奋学习做真才实学的有用青年加强修养锤炼品格做德才兼备的有德青年勇于实践甘于奉献做学以致用的有为青年绝不辜负母校的培养和期望以优异的成绩回报母校响彻云霄的豪迈誓言表明了他们服务社会建设祖国的坚定决心两个联系相结合打造自觉学习新模式党支部活动重在创新但是要打造一个精品活动需要持续的投入和坚持我理解的优秀学生党员一个标准是要做好大学中的每一个角色当这些话从课堂中传出的时候学生们不在是做看手机的低头族而是纷纷拿出手机拍下一些重要片段和信息这是在人文与社会科学学部学生新任党支部书记和预备党员培训中微型党课教学的场景微型党课是人文学部进行基层党员教育和培训的实践探索人文学部党委副书记兼副部长田晓明坦言随着学生学习科研的节奏不断加快成长方向的多样性增多时间上很难统筹传统的党课需要集中授课时间较长不同学生群体往往一起授课要求授课者更多考虑共性需求微型党课党课时间聚焦分钟以问题为导向开门见山不要求大而全而是一个问题讲透这就让学生党员教育因地制宜按需培训精准教育成为可能也为把集中的专题教育融入日常教育提供了途径思想政治教育硕士生纪颖颖既参与了学部的示范党课也听了支部书记的微型党课她觉得以往一提到党课总认为是理论上的高大上但是对微型党课以问题出发主题很明确内容简洁这样的形式很清新也很新颖能保持全过程的注意力更贴近自己的需求坚持两个联系将党员教育培训与学生党支部书记培训联系起来将经常性教育和集中专题教育联系起来增强教育培训的针对性及时性有效性党校副校长刘洁如是说这是大连理工大学党员教育培训的又一鲜明特色后先锋连是全国第一支以大学生党支部为核心力量的郭明义爱心团队从创立之初党员同学带领级队成员学雷锋做好事逐渐发展为带动身边更多人做好事受到多家媒体关注成员人数翻倍增长目前已由一个学生党支部发展成为一个拥有余名师生的公益社团成为新时期大学生自我教育的有力平台和凝聚爱互联爱传递爱的心灵家园党支部现已成为辽宁省和大连市高校党建工作的优秀品牌在化环生学部学生党支部书记培训现场后先锋连发起人之一高洪野同学为名学生党支部书记详细介绍了优秀创新方案立项经验为从整体上提高学生党支部的创新方案立项水平提供了借鉴在为期周的培训中通过系统的理论学习丰富的模拟实践等环节帮助各党支部书记委员了解和掌握新时期党支部工作的特点和规律熟悉党支部日常工作和流程改进党支部工作方法进而提高思想理论素养和党务工作能力为学生党支部建设提供可靠保障参训的党支部书记于红说培训的收获是全方面的既有思想素质的提高又有工作能力的提升对今后的工作很有帮助也更加激发了她投身学生党支部建设的积极性主动性和创造性从央视热播剧王大花的革命生涯解读剧中人物及身边同学入党动机的变化及原因物理与光电工程学院研究生党员邵宇辰就如何引导同学端正入党动机进行了分析这是该校坚持开展多年学生党员上讲台活动现场在此次观摩交流中由物理与光电工程学院研究生党总支委员以及各党支部书记等名党员上讲台讲党课物理学院党委副书记副院长常亮表示以研究生党员群体为试点加强师生党员联动着力解决当前党员群体中理论学习形式单一内容枯燥实效性不强等现象同时聘任由青年科学家发展联谊会选派的优秀青年教师党员担任党支部学生党员上讲台活动指导教师学校特邀党建组织员闫艳萍参加观摩活动后充满赞许她说活动创新了党建形式准备充分实施方案具体细致加强了师生党员互动为以后活动的全面展开打下良好的开端希望研究生各支部把这个活动保质保量地实施下去并在实施过程中不断完善和积累经验三个结合重实效树立党员队伍新风尚大连理工大学在党员教育培训中坚持以学生为本注重中班授课与小班研讨相结合理论学习与实践锻炼相结合教育与服务相结合运用案例式启发式研究式等多种教学方式方法引导学生党员在学习和思考中提升理论水平在参加社会实践服务同学服务社会中加强党性锻炼强化宗旨意识发挥先锋模范作用刘洁介绍中班授课面广人多涵盖了学生党员培训的各个阶段和各个层次为此学校选聘了一批政治素质好理论素养高教学经验丰富的党政团领导干部思想政治理论课和哲学社会科学专业课教师优秀的组织员和辅导员等担任党校授课教师按择优入库动态管理的原则建立党员教育培训师资库并加强师资队伍培训力求让课程内容入耳入脑入心小班授课的形式则更加灵活化工与环境生命学部分党校在年第二期预备党员培训小班讨论中进行了无领导小组讨论模拟演练围绕学习讨论主题大学生党建活动的作用和意义采取抽签定角色方式进行虚拟身份能够使学生多角度了解学生党建活动所有的学员以平等的地位进行表达应对协商通过对探讨主题的进一步解读和发挥学员们都能清楚地表达自己的思想观点特别是在自由讨论阶段学员们发言踊跃观点鲜明并用他人的观点完善自己的想法进而协调本小组达成一致意见显现出一定的个性和能力讨论结束后指导教师刘阅针对讨论主题进行点评她说这种具有模拟性实战性和创造性特点的课程依靠研讨平台展现学员的个性和能力同时拓展学员思路提高领导能力达到了考试与教学的双重目标以废旧电池兑换小盆景回收的近块废旧电池送往化学楼废弃物处理中心做统一处理就废弃电池的污染与危害沙尘天气的形成原因和知识进行讲解和普及这是物理党支部联合化工与环境生命学部化学学院精细化工重点实验室与化工机械学院的入党积极分子来到创新立项共建单位马栏街道满庭芳社区结合各自的专业特点举办的以社区是我家美丽靠大家为主题的绿色兑换实践活动亮党员名片让服务常态化化工学部党委副书记兼副部长崔旦介绍立足于增强党员意识使党员正真做到组织上入党一生一世学部积极开展党员亮身份亮承诺活动设立党员宿舍党员先锋岗等党员标识展示党员承诺并定期总结警示党员要将党员名片根植于内心主动接受师生监督让党员形象能够自觉显现学部还成立了红色蒲公英宣讲团以学部优秀教师学生党员为主体用身边的人讲身边的事展现党员在工作学习生活中的闪光事迹树立起党员的良好形象激发起党员的责任感和自豪感把预备党员实践作为社区共建的内容之一化环生学部在共建社区大山村开展了预备党员公益募捐义工体验科普益民讲堂等活动把为民服务作为预备党员实践的重点组织成了个预备党员义工小组每天轮流到大山村进行个小时的服务实践不仅受到了共建单位的欢迎还让预备党员们在基层一线锻炼中树立了服务宗旨增强了党性寒冬时节大连理工大学机械工程学院研究生党员工作部奔赴大连小海豚亲子园守候一群美丽的星星这群美丽的星星就是被医学界称为自闭症或孤独症的患者志愿者们全程陪同孩子们进行互动思索该如何真正地帮到这些星儿参加活动的党员程诚深受震撼她说活动时间虽短却让我们走进了与日常生活截然不同的另一个世界希望通过我们的点滴力量点燃他们生活中的星星之火青年兴则国家兴青年强则国家强加强学生党员教育是一个大课题正如大连理工大学党委常务副书记姜德学所说近年来学校积极探索青年党员教育培训新形式建构全过程系统性整体性党员教育培训体系打造广大学员坚定理想信念提升理论水平提高思想政治素质的重要平台让基层党员教育活起来实起来动起来将党建转化为鲜活的实践物化为实实在在的成果责任编辑龙海波复制网址打印每日推荐国家宪法日弘扬宪法精神展示法治魅力学风建设优良学风标兵班材料百炼成钢人民网大连理工大学创制结晶性二氧化碳聚合物央广网大连理工大学创制结晶性二氧化碳聚合第二届东北地区研究生团学工作论坛在大连理工大学推进党风廉政建设落实一岗双责要求大连理工大学创制结晶性二氧化碳聚合物获得突破董红刚教授获中国机械工程学会青年科技成就奖届普通高校毕业生就业创业工作网络视频会召开学校召开全校党风廉政建设工作推进会推荐视频钱令希诞辰百年纪录片发布预告年月日大工新闻学校隆重举行庆祝中国共产党成立周年大会为梦连理大连理工大学招生宣传片焦点图片毕业季校园里那抹亮色美女毕业生遇见特色学位服毕业季大学四年最遗憾的那些事毕业季最大工难忘凌工路号那件事大工建筑篇一你不得不知道的那些楼排行榜点击在你身边舞不尽的峰岚情幕后那抹红大连理工大学超级计算机凌云启用郭东明校长会见上海飞机制造有限公司总工程师复旦大学中青年骨干教师一行来校访问交流所在连高校和科研院所共商平安建设工作学生标兵王博追梦赤子心搭建校企合作平台联合培养国际学生大连理工大学获全国创业教育优秀论文一等奖大连理工大学创制结晶性二氧化碳聚合物获得大连理工大学当选中国研究生院院长联席会主席第一页内容缓存全文内容缓存根据设置字体大小并初始化按钮请选择投票选项最多允许选项单页阅读分页阅读单页阅读分页阅读控制内容区域的的图片大小并为过大的图片添加查看原图复制网址复制链接成功被浏览器拒绝请在浏览器地址栏输入并回车然后将设置为复制链接成功改变字号小本文地址电话版权所有大连理工大学新闻中心
-1
