http://news.dlut.edu.cn/article/2016/0624/67459.shtml
17
177
165
165
240
240
352
352
267
267
320
287
313
322
279
295
264
334
毕业文化衫连理同心专属研究生的温暖记忆综合新闻大工新闻网首页新闻图片视频报纸广播首页新闻综合新闻正文毕业文化衫连理同心专属研究生的温暖记忆作者文丁艺菲万劢图何昕琛来源研究生院时间点击连理是相识相遇一见如故的亲切连理是同进同出同吃同住的陪伴连理是艰难共度欢乐同享的友谊连理是三千情长相知相守的圆满连理还是研教楼微热的夏风体育场运动的身影连理还是图书馆纸墨的香气是情人路斑驳的树影连理是大连理工大学独有的浪漫诗意届研究生毕业文化衫连理同心正是带着这般温暖的回忆与深远的长情走向每一位研究生毕业生年月为届研究生毕业生精心准备的专属礼物文化衫连理同心将母校的深情厚谊与真切祝福送至每一位届研究生毕业生心田毕业生们迫不及待地穿起文化衫穿梭于校园诉说他们对于文化衫连理同心的理解与感受有它让我真切的感受到曾经毕业的我们是看客如今成了主角的感慨有看到它可以勾起我在这里的点滴回忆值得一生珍藏的喜爱有看到它想起自己收获了一份可以厮守到老的爱情和她一起穿觉得很圆满的满足亦有感受得到学校的良苦用心可惜我是一个单身的连理的遗憾无论是哪种情愫这件文化衫于他们而言都代表一段别样青春一份独特心情一帧专属回忆为了送给届研究生一件精美的毕业文化衫研究生工作处对连理同心文化衫的设计和制作投入了大量心血月日研究生工作处精选两款设计方案面向全校师生征求意见月日连理同心文化衫方案胜出随后文化衫进入紧张而细致的后期制作并终于月日抵校送达到了研究生毕业生手中连理同心款文化衫将大连理工大学校园特色与中国传统文化精髓融于一体文化衫正面提取南门建筑与连理元素作为主题设计肃立的毛主席像凸显庄重和仪式感象征着对大工研究生学子研途的见证喜鹊寓意吉祥回纹构成形式回环反复被赋予连绵不断吉利永长的吉祥寓意梅花是高洁坚强的象征是大工人特质的代表龙凤元素则代表着母校望大工学子成龙成凤龙凤呈祥的祝愿设计者建筑与艺术学院研究生李雨晴坦言在设计之初曾手绘二十余种草图且因中国文化博大精深设计元素诸多经典所以经常难以取舍最后经过多次调整历时三周有余才完成富有中国传统文化气息的连理同心款文化衫的设计再躺一躺这张舒适惬意的宿舍床铺再坐一坐最喜欢的那家街角咖啡厅再听一听那些熟悉的欢声笑语再看一看那些绮丽的研途风景然后就要背起行囊前往人生的下一站旅途而母校则带着殷切期盼等待你的归期毕业不分离连理永同心责任编辑龙海波相关阅读复制网址打印每日推荐天健网大工近名师生党员重温入党誓词东北新闻网大连理工大学为党员精选礼物大连理工大学在辽宁省大学生创新创业年会中再创佳两学一做发挥研究所优势党员导师为研究生指我校首次通过实验发现低气压等离子体中的辉光条纹两学一做严守政治纪律严明政治规矩核心价值观能动学子躬身传递友善助推校园文明挥别研途记忆青春大连理工大学获电力建设科技进步一等奖央广网大连理工大学为党员精选礼物助推推荐视频钱令希诞辰百年纪录片发布预告年月日大工新闻学校隆重举行庆祝中国共产党成立周年大会为梦连理大连理工大学招生宣传片焦点图片毕业季校园里那抹亮色美女毕业生遇见特色学位服毕业季大学四年最遗憾的那些事毕业季最大工难忘凌工路号那件事大工建筑篇一你不得不知道的那些楼排行榜点击大工欢迎你你的大工你定义毕业晚会散场离歌时却难说再见在现场图说庆祝中国共产党成立周年大会坚持党的领导加强党的建设为全面推进特色为梦连理大连理工大学招生宣传片学校领导与毕业生共进午餐情浓意切送祝福毕业文化衫连理同心专属研究生的温暖记爱尚大工学校举行年本科招生咨询会我校与中科院联合培养的首届华罗庚班学子顺利届毕业晚会华美落幕第一页内容缓存全文内容缓存根据设置字体大小并初始化按钮请选择投票选项最多允许选项单页阅读分页阅读单页阅读分页阅读控制内容区域的的图片大小并为过大的图片添加查看原图复制网址复制链接成功被浏览器拒绝请在浏览器地址栏输入并回车然后将设置为复制链接成功改变字号小本文地址电话版权所有大连理工大学新闻中心
-1
