http://news.dlut.edu.cn/article/2016/0811/68562.shtml
29
177
139
315
63
208
167
222
105
198
249
297
165
165
240
240
352
352
267
267
282
277
167
109
376
97
208
111
117
297
关于进一步完善中央财政科研项目资金管理等政策的若干意见问答综合新闻大工新闻网首页新闻图片视频报纸广播首页新闻综合新闻正文关于进一步完善中央财政科研项目资金管理等政策的若干意见问答来源财务处时间点击一意见出台的背景是什么重要意义是什么创新是引领发展的第一动力科技创新在全面创新中具有引领作用党中央国务院高度重视科技创新党的十八大作出了实施创新驱动发展战略的决策部署党的十八届五中全会强调创新是引领发展的第一动力必须摆在国家发展全局的核心位置今年月党中央国务院召开了全国科技创新大会吹响了建设世界科技强国的号角财政作为国家治理的基础和重要支柱近年来按照中央部署要求积极发挥职能作用大力支持以科技创新为核心的全面创新一方面加大财政科技投入为科技创新提供有力保障另一方面始终坚持问题导向致力于建立健全既遵循科研活动规律又符合依法理财要求的科技资金管理机制比如在深化科研项目资金管理改革方面会同科技部研究制定了关于调整国家科技计划和公益性行业科研专项经费管理办法若干规定的通知财教号报请国务院印发了关于改进加强中央财政科研项目和资金管理的若干意见国发号提出了一系列管理改革措施努力以管理改革释放创新活力尽管如此仍有一些高校院所和科研人员改革获得感不够强反映科研项目资金存在过细过死重物轻人等问题这些问题有些属于政策措施已经明确需要落实细化和加强宣传解释的问题有些属于在项目和资金管理上需要进一步研究改进和完善的问题有些还涉及事业单位管理体制收入分配制度等深层次体制机制问题为贯彻落实中央关于深化改革创新形成充满活力的科技管理和运行机制的要求按照中共中央国务院关于深化体制机制改革加快实施创新驱动发展战略的若干意见和国发号文件有关要求经党中央国务院同意中办国办联合印发了意见意见旨在通过进一步简政放权放管结合优化服务强化落实改革和创新科研经费使用和管理方式促进形成充满活力的科技管理和运行机制更好地激发广大科研人员积极性和创造性意见的出台是落实全国科技创新大会精神的重要举措具有重要意义在国家层面意见通过深化改革激发创新创造活力为加快实施创新驱动发展战略建设世界科技强国提供有力保障在科技层面意见加大了简政放权和激励力度为科研人员潜心研究创造了良好的制度环境有利于多出成果多出人才在财政层面意见坚持放管服结合通过改革和创新科研经费使用和管理方式更好地适应科研活动规律和特点有利于进一步提升财政科技资金使用效益二这次进一步完善中央财政科研项目资金管理等政策坚持什么原则意见聚焦高校科研院所和科研人员关心的突出问题遵循四个坚持的原则着力激发创新创造活力一是坚持以人为本以调动科研人员积极性和创造性为出发点和落脚点强化激励机制加大激励力度激发创新创造活力二是坚持遵循规律按照科研活动规律和财政预算管理要求完善管理政策优化管理流程改进管理方式适应科研活动实际需要三是坚持放管服结合进一步简政放权扩大高校科研院所科研项目资金差旅会议基本建设科研仪器设备采购等方面的管理权限同时强调放管结合优化服务加强事中事后监管寓管理于服务之中为科研人员潜心研究营造良好环境四是坚持政策落实落地细化实化政策规定加强政策落实督查打通政策执行中的堵点增强科研人员改革的成就感和获得感三意见在扩大高校和科研院所管理权限方面有哪些亮点意见主要有四大亮点一是扩大科研项目资金管理权限主要包括项目预算调剂自主权劳务费分配管理自主权间接费使用管理自主权结转结余资金按规定使用自主权等二是下放差旅会议管理权限不简单套用行政预算和财务管理方法三是完善中央高校科研院所科研仪器设备采购管理四是完善中央高校科研院所基本建设项目管理四意见在改进科研项目资金管理激发科研人员创新创造活力方面提出了哪些措施科研项目资金分为直接费用和间接费用直接费用一般包括设备费差旅费会议费国际合作与交流费劳务费等类左右的支出科目间接费用主要用于项目承担单位的成本耗费和对科研人员的绩效激励这次意见提出的各项措施从经费比重开支范围科目设置等方面提出了一系列松绑激励的措施有利于激发科研人员创新创造活力一是简化预算编制科目下放调剂权限合并同类项将直接费用中会议费差旅费国际合作与交流费合并为一个科目合并后的总费用如果不超过直接费用的就不用提供预算测算依据科研人员在编制这部分预算时不用再具体说明开几次会出几次差了下放科研项目预算调剂权在项目总预算不变的情况下直接费用中的多数科目预算都可以由项目承担单位自主调剂打酱油的钱可以买醋二是提高间接费用比重加大绩效激励力度间接费用占直接费用扣除设备购置费的比例上限从提高到上述比例分别对应万元以下万元万元以上部分项目承担单位可以在核定的间接费用比例范围内统筹安排绩效支出并与科研人员在项目工作中的实际贡献挂钩以加大对科研人员激励力度三是明确劳务费开支范围和标准重申劳务费不设比例限制参与项目研究的研究生博士后访问学者以及项目聘用的研究人员科研辅助人员等都可以开支劳务费项目聘用人员的劳务费开支标准参照当地科学研究和技术服务业从业人员平均工资水平根据其在项目研究中承担的工作任务确定既有效解决科研人员反映的评审中预设比例的问题又突出科研项目资金对人的重视和支持四是改进结转结余资金留用处理方式科研项目实施期间年度剩余资金可以结转下年继续使用当年的钱花不完不用收回项目完成任务目标并通过验收后结余资金按规定留归单位使用在年内可以统筹安排用于科研活动的直接支出年后未使用完的按规定收回五是自主规范管理横向经费以市场委托方式取得的横向经费由单位按照委托方要求或合同约定管理使用有效解决一些科研人员反映的横向经费纵向化管理问题同时为了防止设账外账强调横向经费要纳入单位财务统一管理五我国科研项目间接费用与美国等国家相比比例偏低是何原因意见对此提出了哪些改进措施中央财政科研项目中的哪些项目可以设立间接费用间接费用如何核定从美国国家自然科学基金项目等情况来看美国高校科研项目间接费用比例确实比我国高这主要在于我国和美国预算拨款制度不同我国中央财政专门安排了中央高校科研院所的基本运转经费还设立了改善教学科研条件的专项资金等很大程度上可以弥补单位开展科研活动的成本耗费综上考虑我国在核定科研项目间接费用的比例时没有像美国等国家那样高为进一步完善间接成本补偿机制意见结合我国实际提高了间接费用核定比例意见规定中央财政科技计划专项基金等中实行公开竞争方式的研发类项目均要设立间接费用间接费用占直接费用扣除设备购置费的比例上限从提高到上述比例分别对应万元以下万元万元以上部分需要说明的是对于稳定支持的科研项目相关费用已通过部门预算渠道安排不存在对其进行额外补偿的问题不需要列支间接费用六一些科研人员反映相对我国而言美国等国家科研项目中人员费比例较高意见在这方面提出了哪些改进措施中美两国科研人员经费保障体制不尽相同美国研究型大学对于科研人员每年发放个月的工资其余个月的工资通过科研项目经费列支但科研人员从大学领取的工资加上从科研项目经费中领取的薪酬不能超过其个月工资总和我国高校院所对在编在职科研人员每年发放个月工资在基本支出中列支给予稳定保障而不是只拨付个月的工资美国科研项目资金预算中既包含研究生薪酬又包含研究生学费减免等对这部分支出我国单独安排了研究生生均拨款奖助学金博士后日常经费博士后科学基金等综上我国科研项目经费中人员费所占比重不宜与美国进行直接比较这次意见结合我国实际进一步加大了科研项目资金对科研人员的激励力度一是对于研究生博士后访问学者以及项目聘用的研究人员科研辅助人员等进一步明确劳务费开支范围和标准二是对于在职在编的科研人员取消绩效支出比例限制原来为直接费用扣除设备购置费后的项目承担单位可以在核定的间接费用比例范围内统筹安排并与科研人员在项目工作中的实际贡献挂钩科研项目资金的激励引导作用进一步增强需要说明的是从国外有关情况和我国薪酬制度看要从根本上解决科研人员反映的收入待遇偏低问题关键在于完善收入分配制度加快推进中央级事业单位绩效工资改革七有的科研人员反映目前我国科研项目预算编制过细意见在预算编制方面简化了哪些科目科研项目编制预算是国际通行做法科研活动具有灵感瞬间性方式随意性路径不确定性等特点但主要技术路线大体的工作量应事先心中有数否则就成了无的放矢鉴于科研活动自身规律及其不确定性目前我国科研项目预算编制遵循适中原则不像工程预算那样的事无巨细科研人员反映的预算编制过细问题既有进一步完善预算编制方法的问题也有执行不到位的问题比如如何帮助科研人员更好地编制预算如何完善预算评审方式防止评审环节随意设门槛倒逼科研人员把预算往细里编等针对上述问题意见在原有基础上进一步简化预算编制将直接费用中会议费差旅费国际合作与交流费合并为一个科目由科研人员根据科研活动实际需要编制预算统筹安排使用同时参考十二五国家科技计划上述三项费用开支情况规定了该科目如不超过直接费用的就无需提供预算测算依据科研人员在编制这部分预算时不用再具体说明开几次会出几次差等八劳务费预算如何编制开支范围是什么目前在制度层面劳务费没有比例限制但科研人员反映在项目实际申报过程中劳务费仍存在隐性的比例限制对此我们已会同有关部门加大宣传培训力度并要求相关评审机构进一步规范评审工作针对这一问题意见进一步提出了完善劳务费管理的措施一是重申劳务费不设比例限制二是在制度层面进一步细化规定明确了劳务费开支范围参与项目研究的研究生博士后访问学者以及项目聘用人员均可开支劳务费明确项目聘用人员的劳务费开支标准参照当地科学研究和技术服务业人员平均工资水平以及在项目研究中承担的工作任务确定比如北京地区可达万元年项目聘用人员的社会保险补助纳入劳务费科目列支三是要求项目主管部门尽快出台实施细则为预算编制评审财务验收等提供操作规范让科研人员在编制预算时心中有数也防止评审验收环节设定劳务费比例确保政策在执行中不走样不变形九项目预算是否可以调剂是否需要报批按什么程序报批在项目总预算不变的情况下直接费用中的材料费测试化验加工费燃料动力费出版文献信息传播知识产权事务费其他支出的预算可由项目承担单位自行调剂会议费差旅费国际合作与交流费劳务费专家咨询费和设备费支出预算可以调减不得调增项目预算总额变化项目承担单位变更等应当按规定程序报项目主管部门单位审批十科研人员反映科研课题项目资金拨付存在时间滞后问题意见在这方面提出了哪些措施从申请项目到经费下达涉及多个环节包括项目立项申请和评审项目预算评审批复项目及预算部门申请和国库拨付经费等项目前期立项评审等工作进度直接影响资金拨付时间针对项目立项滞后影响资金拨付时间这一问题科技部等相关部门结合科研工作的特点已调整了工作机制提前一年组织项目申报和评审年初即可确定项目预算为预算按时拨付奠定基础自年起经全国人大常委会同意在人大正式批复预算前可以预拨一部分项目资金并据此建立了科研项目经费年初预拨机制规定第一季度可按二上预算数的拨付资金意见根据科研活动规律和特点继续实行部门预算批复前项目资金预拨制度保证科研人员及时使用项目资金十一科研项目结转结余如何使用意见改进了结转结余资金留用处理方式科研项目实施期间年度剩余资金可以结转下年继续使用项目完成任务目标并通过验收后结余资金按规定留归项目承担单位使用在年内可统筹安排用于科研活动的直接支出年后未使用完的按规定收回十二各单位横向经费如何管理项目承担单位以市场委托方式取得的横向经费按照委托方要求或合同约定管理使用纳入单位财务统一管理横向经费管理既要防止纵向化避免纵横不分又要防止账外账确保规范安全有效十三为适应教学科研活动规律意见在完善差旅会议管理方面提出了哪些改进措施相关制度规定中央级非参公管理事业单位参照中央和国家机关差旅费管理办法执行中央事业单位参照会议费管理办法执行同时要求相关单位结合本单位实际情况制定具体操作规定但实际操作中一些单位存在没有制定具体操作规定变参照为依照的问题针对上述情况意见遵循教学科研活动规律完善中央高校科研院所差旅会议管理中央高校科研院所根据教学科研和管理工作实际需要按照实事求是精简高效厉行节约的原则自行制定具体管理规定一是差旅费方面合理确定教学科研人员乘坐交通工具等级和住宿费标准对于难以取得住宿费发票的中央高校科研院所在确保真实性的前提下据实报销城市间交通费并按规定标准发放伙食补助费和市内交通费解决无法取得发票但需要报销城市间交通费和住宿费等问题二是会议费方面业务性会议如学术会议研讨会评审会座谈会答辩会等的次数天数人数以及会议费开支范围标准等由单位自主确定因工作需要邀请国内外专家学者和有关人员参加会议对确需负担的城市间交通费国际旅费可在会议费等费用中列支十四会议地点可以由单位自主确定吗按照中共中央国务院印发的党政机关厉行节约反对浪费条例等规定会议召开场所实行政府采购定点管理未纳入定点范围价格低于会议综合定额标准的单位内部会议室礼堂宾馆招待所培训中心可优先作为本单位或本系统会议场所十五科研项目经费是否使用公务卡结算推行科研项目经费使用公务卡结算是规范科研活动支付业务减少现金结算强化资金安全增强透明度提高资金使用效益的重要举措科研项目经费应按照财政部科技部关于中央财政科研项目使用公务卡结算的通知财库号规定执行十六是否仍按现行采购方式购买机票意见出台后仍要根据财政部外交部关于印发因公临时出国经费管理办法的通知财行号财政部中国民用航空局关于加强公务机票购买管理有关事项的通知财库号财政部中国民用航空局关于加强公务机票购买管理有关事项的补充通知财库号及政府采购相关制度规定国内出差因公临时出国购买机票时应按上述规定执行十七如何改进政府采购管理意见完善了中央高校科研院所科研仪器设备采购管理中央高校科研院所可自行采购科研仪器设备自行选择仪器设备评审专家同时要切实做好设备采购的监督管理财政部要简化政府采购项目预算调剂和变更政府采购方式审批流程对进口仪器设备实行备案制管理并继续落实进口科研教学用品免税政策十八意见出台了一系列简政放权的措施为确保项目承担单位接得住管得好意见提出了哪些加强科研项目资金监督管理的措施意见在完善政策释放活力的同时强调要依法理财规范管理一方面强化项目承担单位的法人责任规范资金管理项目承担单位要认真落实国家有关政策规定按照权责一致的要求强化自我约束和自我规范制定内部管理办法落实项目预算调剂间接费用统筹使用劳务费分配管理结余资金使用等管理权限同时要加强预算审核把关规范财务支出行为完善内部风险防控机制强化资金使用绩效评价实行内部公开制度主动公开项目预算预算调剂资金使用重点是间接费用外拨资金结余资金使用研究成果等情况另一方面加强工作督查指导财政部科技部将适时组织开展对项目承担单位科研项目资金管理自主权限落实内部管理办法制定创新服务方式内控机制建设相关事项内部公开等情况的督查对督查情况以适当方式进行通报并将督查结果纳入信用管理与间接费用核定结余资金留用等挂钩审计机关将依法开展对政策措施落实情况和财政资金的审计监督项目主管部门要督促指导所属单位完善内部管理确保国家政策规定落到实处十九针对当前单位和科研人员反映的检查评审过多问题意见有哪些改进措施当前各部门按照自身管理职责分别组织科研项目和资金的监督检查对规范科研经费使用起到了积极作用但也出现了检查过多过频检查结果共享不够等现象不利于科研工作的高效有序推进针对上述问题意见提出了精简检查评审的政策措施一是要求科技部项目主管部门财政部要加强对科研项目资金监督的制度规范年度计划结果运用等的统筹协调建立职责明确分工负责的协同工作机制二是要求科技部项目主管部门加快清理规范委托中介机构对科研项目开展的各种检查评审加强对前期已经开展相关检查结果的使用推进检查结果共享减少检查数量改进检查方式避免重复检查多头检查过度检查二十针对科研人员反映的报销手续繁程序多时间长难度大等问题意见提出了哪些解决措施报销环节反映的问题是科研经费在执行验收审计等多环节问题的综合反映涉及单位内部管理规定出国出差开会管理制度财务助理制度建立情况科研人员对政策的熟悉程度等等规范报销环节管理有利于加强内控防范风险反腐倡廉但同时高校院所也应当改进管理主动服务寓管理于服务之中切实减轻科研人员负担为此意见提出一是项目承担单位要建立健全科研财务助理制度让专业的人做专业的事把科研人员从繁琐的事务中解放出来着力破解一些科研人员反映的把科研人员逼成会计的问题二是项目承担单位要充分运用信息化手段提高科研管理效率和便利化程度三是项目承担单位要制定符合科研实际需要的内部报销规定切实解决野外考察心理测试等科研活动中无法取得发票或财政性票据以及邀请外国专家来华参加学术交流发生费用等的报销问题更好地服务于科研人员二十一为什么设立科研财务助理所需经费如何解决为解决科研人员反映的科研经费报销手续繁杂程序较多时间过长把科研人员逼成会计等问题意见要求项目承担单位建立健全科研财务助理制度为科研人员在项目预算编制和调剂经费支出财务决算和验收等方面提供专业化服务让专业的人做专业的事把科研人员从繁琐的事务中解放出来聘请科研财务助理所需费用可由单位根据情况通过科研项目资金等渠道解决对于项目层面聘用的财务助理所需费用可通过劳务费安排解决对于单位统一聘用的财务助理所需费用可通过科研项目间接费用单位日常运转经费等渠道安排解决二十二在研项目能否执行新的规定为做好政策衔接对于国家科技计划专项基金等在研项目适用新政策的问题区分以下两种情况一是文件发布时项目执行期已结束进入结题验收环节的项目按照原政策执行不作调整二是尚在执行期内的项目由项目承担单位统筹考虑本单位实际情况并与科研人员充分协商后在项目预算总额不变的前提下自主选择在研项目间接费用和绩效支出安排预算科目调剂等是否执行有关新规定如执行新规定需履行单位内部有关调整审批程序并符合预算调剂的有关规定特别是对于原未设立间接费用的在研项目如要新增间接费用承担单位要在逐一征求项目负责人意见的基础上按照有关管理规定将项目资金分解为直接费用和间接费用二十三为做好意见的落实相关部门还将出台哪些相关的管理办法为确保政策措施落地见效相关部门将出台三个方面的管理办法一是财政部正在会同相关部门抓紧制修订中央财政科技计划专项基金等资金相关管理办法将于年年底前出台二是项目主管部门将于年年底前出台实施细则为预算编制评审财务验收等提供操作规范防止政策在执行中走样变形三是为发挥政策协同效应财政部中央级社科类科研项目主管部门将加快修订国家社科基金项目资金高等学校哲学社会科学繁荣计划等中央级社科类科研项目资金管理办法做到年新立项项目按新规定执行二十四高校科研院所需要制定哪些相关的管理办法中央高校科研院所要在月日前出台差旅费会议费内部管理办法其主管部门要加强工作指导和统筹项目承担单位要在年年底前完成以下相关制度规定的制修订工作其中重点包括一是制修订科研项目资金内部管理办法对科研项目预算调剂科研项目间接费用管理科研项目劳务费使用和发放科研项目结余资金管理等做出细化规定其中要专门就项目预算预算调剂资金使用重点是间接费用外拨资金结余资金使用研究成果等的内部公开程序方式等进行规定二是制定完善内部报销管理规定解决野外考察心理测试等科研活动中无法取得发票或财政性票据以及邀请外国专家来华参加学术交流发生费用等的报销问题二十五地方如何推进科研项目资金管理改革等工作各地区要参照意见精神结合实际加快推进科研项目资金管理改革等各项工作同时在改革的具体工作中要注意协同推进科技计划专项基金等与科研项目资金管理改革形成上下联动全国一盘棋的工作局面责任编辑张平媛复制网址打印每日推荐校长郭东明到基层党支部讲党课中国科学报好故事救活思政课天健网大连理工大学讲好故事激活思政课第十一届工业爆炸与安全防护国际学术会议在大连召美国密歇根大学副校长胡仕新教授应邀作专题报告中国日报网大工思政课让课堂活起来人民网大连理工大学思政课案例教学法让课堂央广网在案例教学中找准坚定理想信念航向东北新闻网大连理工大学耐酸沸石膜微观结构关于进一步完善中央财政科研项目资金管理等政策推荐视频钱令希诞辰百年纪录片发布预告年月日大工新闻学校隆重举行庆祝中国共产党成立周年大会为梦连理大连理工大学招生宣传片焦点图片毕业季校园里那抹亮色美女毕业生遇见特色学位服毕业季大学四年最遗憾的那些事毕业季最大工难忘凌工路号那件事大工建筑篇一你不得不知道的那些楼排行榜点击郭东明校长会见大连公交集团董事长孙明一行全国人工环境相关学科博士生导师研讨会在我校美国密歇根大学副校长胡仕新教授应邀作专题报我校再获辽宁省大学生电子设计竞赛最高奖实践在路上访江浙沪企业悟学思礼心得实践在路上深入企业了解发展前沿全面促第十一届工业爆炸与安全防护国际学术会议在大我校在耐酸沸石膜微观结构的设计与调控研究取实践在路上躬身企业行笃志中国梦关于进一步完善中央财政科研项目资金管理等第一页内容缓存全文内容缓存根据设置字体大小并初始化按钮请选择投票选项最多允许选项单页阅读分页阅读单页阅读分页阅读控制内容区域的的图片大小并为过大的图片添加查看原图复制网址复制链接成功被浏览器拒绝请在浏览器地址栏输入并回车然后将设置为复制链接成功改变字号小本文地址电话版权所有大连理工大学新闻中心
-1
