http://news.dlut.edu.cn/article/2014/0310/52950.shtml
10
165
165
240
240
352
352
267
267
363
26
民主生活会遇上实践总结会大工新闻网首页新闻图片视频报纸广播首页新闻校园视点正文民主生活会遇上实践总结会作者胡晟来源建设工程学部时间点击我觉得做实践活动最重要的是提前对实践地有所了解如果不了解实践地贸然调研就会发现线索千头万绪摸不到头脑或者发现找不到线索难以下手建工本级第二党支部的学生党员李奇峰如是说而来自建工学部赴庄河市金星沟屯实践队的张佳人说我不喜欢那种形式主义的实践活动没有意义且走马观花大学生做的实践活动就应该脚踏实地能真正为社会做点什么才有意义近日建设工程学部本级党支部以实践为主题的民主生活会暨赴庄河市金星沟屯实践总结会在综合实验三号楼四楼会议室举行辅导员王冬老师支部全体党员及全体实践队员参加了会议讨论四步走精妙简洁不犯困这个会议把两个会议结合起来了但却只开了个小时而且整个过程很紧凑让人一点都不困实践队的李红菱说可见会议的组织者在会议的流程上下足了功夫第一步参会的同学们按抽签结果被分为四组分别坐在一起第二步每个组被要求充分了解你的队友推选一位队长取一个恰当有内涵的队名并解释给大家于是行走先锋队躬行队建工队和相当有内涵队在分钟之后应运而生大家也在短暂的交流后得以互相熟悉第三步两位实践队员模拟了一次实践答辩通过介绍了实践的整个流程每个组用分钟准备了三个问题该案例的缺点和优点是什么你最印象深刻的实践及它的优点和缺点你心目中的实践最重要的是什么他们被要求把想法像板报一样写在一张大纸上并用这张纸进行汇报最后王冬老师点评了四只队伍的表现她总结说会议在每个流程上细节方面做的很好并对实践存在的问题与不足进行了充分的总结取得了实效双方齐获益积极批评不含糊为了增强批评与自我批评的实效会议组织者采取隐瞒实践队员身份将实践作为一个案例进行点评这就避免了自我批评和互相批评中的瞻前顾后和碍手碍脚而真正把批评的力量释放了出来而分组讨论本身把言语影响范围缩小更加有益于大家积极地谈问题搞批评汇报模式不仅把精品的讨论内容呈递给所有人还锻炼了同学展示成果提升表达的能力党支部的民主生活会与实践团队的寒假实践总结会融合在一起两者相得益彰收到了很好的效果既丰富了党支部的民主生活形式创新了活动的内容促使党员与实践队员更好地沟通与交流又对实践活动进行总结提高大学生社会实践意识与能力会议的设计提高了效率节约了成本还切实满足了双方的需求民主生活会扩大公开有效果民主生活会结束后为方便群众了解和监督党员日常组织生活情况支部及时将生活会信息发到支部人人小站和舍舍的宿舍楼公告栏上支部负责人告诉笔者这是该支部正在推进的民主生活会公开化通过这种展示让群众了解支部日常组织活动提高对党员组织生活的认识支部邀请实践队加入也是在推进支部民主生活会扩大化进程即除了支部党员生活会还邀请积极分子或群众参加这些新鲜血液的注入使党员的民主生活会更接地气更有意义据悉该支部今年推出的党建创新项目种子梦在人民群众中间开花已获评校级创新争优项目而当支部生活会的形式探索正是该项目的重要组成部分支部将以群众路线教育实践活动为契机继续采取多样有效的方式进行党支部的整改与日常建设进一步增强党支部的凝聚力责任编辑张平媛相关阅读复制网址打印分享到每日推荐我校处级干部参观市反腐倡廉警示教育基地标兵故事蔡晗不忘初心方得始终标兵故事蔡晗不忘初心方得始终大连日报化工与环境生命学部评选最美团支书打造软件人才创新创业的摇篮新闻聚焦打造软件人才创新创业的摇篮大工学子在全国大学生金融创意设计大赛中喜获佳绩大工记者团和广播台获辽宁省十佳校媒称号数学科学学院党委积极开展与王家村党委共建活动机械工程学院人参加入党积极分子培训推荐视频钱令希诞辰百年纪录片发布预告年月日大工新闻学校隆重举行庆祝中国共产党成立周年大会为梦连理大连理工大学招生宣传片焦点图片毕业季校园里那抹亮色美女毕业生遇见特色学位服毕业季大学四年最遗憾的那些事毕业季最大工难忘凌工路号那件事大工建筑篇一你不得不知道的那些楼排行榜点击标兵故事李思远千淘万漉虽辛苦吹尽狂标兵故事李轶瑶执一而专心致志行微而校领导就推进学校改革发展征求意见校园交通安全再聚焦明星教师张旭泉大工财务网上报账系统已正式启用大工学报社科版荣膺全国高校百强社科期刊走进校友校友年度人物耿洪臣忘字何解怎样落笔都不对运载学子在全国船舶与海洋工程设计大赛中斩获第一页内容缓存全文内容缓存根据设置字体大小并初始化按钮请选择投票选项最多允许选项单页阅读分页阅读单页阅读分页阅读控制内容区域的的图片大小并为过大的图片添加查看原图复制网址复制链接成功被浏览器拒绝请在浏览器地址栏输入并回车然后将设置为复制链接成功改变字号小本文地址电话版权所有大连理工大学新闻中心
-1
