http://news.dlut.edu.cn/article/zonghe/1.shtml
85
147
149
150
152
151
155
154
153
156
157
165
166
16
10
15
155
154
153
156
157
165
166
16
10
15
17
19
20
14
150
53
57
55
60
56
58
59
63
61
62
66
70
65
64
69
48
53
57
55
60
56
58
59
63
100
167
167
162
162
56
63
59
60
58
53
57
55
48
100
综合新闻大工新闻网每日推荐字体大小设置清除背景颜色效果边框清除栏目内容文字居左设置调整宽度是注意对应左边栏文字居左设置导航目录颜色调整设置宣传部站群海燕网星海夜话手机版新闻线索预约采访会员投稿留言板学校要闻综合新闻菁菁校园新闻聚焦校园视点信息预告媒体大工领导论坛大工人物校友之声学术动态大工往事部院风采合作交流专题新闻校园视点信息预告媒体大工领导论坛大工人物校友之声学术动态大工往事部院风采合作交流专题新闻精彩瞬间光影四季人文艺术校史钩沉第一时间大工新闻在你身边专题报道校园文艺校园拍客今日大工大工讲坛关于团队校史故事品学校园文艺校园拍客今日大工大工讲坛关于团队校史故事品学十七点播报广播台新闻节目综艺节目外文节目专题节目广播剧下载首页新闻综合新闻我校优秀研究生赴新加坡参加全球青年领袖游学营活动年月日两学一做重温历史记忆追寻先进榜样争做合格党员年月日实践在路上躬行践履念初心筑梦青春再前行年月日党委副书记副校长宋丹率团赴龙陵县调研年月日中澳科学家联合攻关在硅烯研究中取得突破年月日大工学子参加第七届世界大学生领导者研讨会年月日实践在路上齐风鲁韵共连理望煦寻华报国行年月日第七届国际离散元法会议在大工召开年月日我校马克思主义学院思政课教学改革工作受媒体广泛关注年月日第三届全国颗粒材料计算力学会议在大连理工大学召开年月日两学一做坚定理想信念传承红色基因年月日我校在人类乳腺癌治疗策略的研究中取得新进展年月日基于合金薄膜电极的高效电化学催化产氢取得新进展年月日实践在路上印象辽宁梦想中国心系辽东绿韵连理年月日第十一届工业爆炸与安全防护国际学术会议在大连召开年月日关于进一步完善中央财政科研项目资金管理等政策的若干意见问答年月日实践在路上访江浙沪企业悟学思礼心得年月日实践在路上软件师生赴美参加卓越联盟暑期项目年月日实践在路上规划自我践知于行怀志报国年月日实践在路上深入企业了解发展前沿全面促进校企合作年月日上一页下一页每日推荐郭东明校长会见白俄罗斯国立大学校长阿布拉缅因科我校优秀研究生赴新加坡参加全球青年领袖游学营活两学一做重温历史记忆追寻先进榜样争做合格实践在路上躬行践履念初心筑梦青春再前行党委副书记副校长宋丹率团赴龙陵县调研中澳科学家联合攻关在硅烯研究中取得突破大工学子参加第七届世界大学生领导者研讨会实践在路上齐风鲁韵共连理望煦寻华报国行第七届国际离散元法会议在大工召开光明日报大连理工援梦专列启程推荐视频钱令希诞辰百年纪录片发布预告年月日大工新闻学校隆重举行庆祝中国共产党成立周年大会为梦连理大连理工大学招生宣传片焦点图片毕业季校园里那抹亮色美女毕业生遇见特色学位服毕业季大学四年最遗憾的那些事毕业季最大工难忘凌工路号那件事大工建筑篇一你不得不知道的那些楼排行榜点击中澳科学家联合攻关在硅烯研究中取得突破第七届国际离散元法会议在大工召开实践在路上齐风鲁韵共连理望煦寻华报国党委副书记副校长宋丹率团赴龙陵县调研大工学子参加第七届世界大学生领导者研讨会我校优秀研究生赴新加坡参加全球青年领袖游学两学一做重温历史记忆追寻先进榜样争做实践在路上躬行践履念初心筑梦青春再前郭东明校长会见白俄罗斯国立大学校长阿布拉缅光明日报大连理工援梦专列启程电话版权所有大连理工大学新闻中心
