http://news.dlut.edu.cn/article/2016/0519/66732.shtml
29
151
30
30
34
167
167
162
162
运动会赛前训练人心齐泰山移新闻聚焦大工新闻网首页新闻图片视频报纸广播首页新闻新闻聚焦正文运动会赛前训练人心齐泰山移作者记者团来源宣传部新闻中心时间点击月日年校田径运动会部分项目的预决赛已然如火如荼地开展各学部运动健儿摩拳擦掌蓄势待发烈日骄阳风吹雨打阻挡不了运动员们训练的步伐他们专注地重复着熟悉的动作流下滚烫的汗水有些项目是对个人能力的考验运动员们将献出自己最好的状态同对手们一较高下而有些项目不单是一个人的拼尽全力更是一支团队的奋勇争先这些团体项目从不是一个人的战斗这些项目的运动员们得到的也不只是体质上的进步还有并肩作战的队友和共撒汗水情谊女子标枪细长的竿是你青春的体现在常人印象中掷标枪是大力士的角逐很难想象一个活力俏皮的女生会与标枪挂上钩但正所谓巾帼不让须眉化工与环境生命学部的王小晨就参与了这次的女子标枪项目她说其实除了力量要求它还是要靠技巧的每天早晨王小晨和她的队友们来到中心田径场集合紧接着的就是跑步热身拉伸手臂背部和腰部肌肉然后她们到器材室进行力量训练对一般人而言力量训练是最艰苦的一项锻炼而王小晨并没有退却她放松身心深呼吸一次又一次地投入训练当中学长的指导自己在练习之中的摸索和标枪挺直的杆子默默地支撑着她经过开始几天的动作模仿到后来的力量练习再到最后拿标枪训练她的身体越来越适应这项运动对于从零的起步到后来的越掷越远她说我每次都会想集中精神借助全身能用的所有力气去把标枪尽可能完美地投掷出去王小晨已训练了一个多月从零开始的她明白强中更有强中手因此在赛前她的心中仍然会有些忐忑但是当问及她的想法时她表示其实到现在成绩也基本上都定型了也没什么可以不好的心态重在参与虽然很辛苦但这绝对称得上是大学里值得怀念的一段时光一个多月的时间让我结识了许多新朋友学到了一项运动也感受到了竞技体育那种用汗水换得荣耀的精神最后王小晨笑着说田径选手拼劲全力跑是一种释放相比长跑和短跑我更喜欢短跑长跑就是一场持久的对抗是对意志力的考验短跑的话拼尽全力跑的时候是对自己的一种释放加速跑完之后整个人会变得很释然舒服建设工程学部张鹏说道与大多数健壮的短跑选手不同他的身材精瘦带上眼镜显得有些文质彬彬但张鹏的身体素质很好十分热爱运动早在高中时他便对跑步情有独钟高二的时候我自己就主动找到校队的同学和他们一起训练他说除了周日以外每天都会训练一般是早起晨练晚上训练的话我们直接热热身就开始跑步他说对于日常的训练他始终认真对待跑了多少就会进步多少在训练之中遇到困难也是常有的事面对困难张鹏选择自己坚持下来给自己一个目标慢慢去超越首先要相信自己能跑下来其次就是注意调整呼吸让呼吸跟上自己的节奏还有就是全程基本匀速跑掌握好自己的节奏不乱了手脚有条不紊地调整步伐他说长绳精神重要的是节奏与配合我在跳的时候脑袋是放空的唯一的想法就是要快点接上人文与社会科学学部的长绳运动员杨澜同学这样说作为排头兵的她把控着这个团队的首尾衔接影响着整队的步频节奏是队伍的核心力量之一长绳是一项聚集队员精力的项目其次对耐力的要求也是极高对队员们来讲更是意志力的考验上一次跳长绳是一年之前的事情了其实时间过得真的很快从大一到大二从长绳冠军队到长绳冠军队这是必胜的决心也是必胜的传承我们相信付出终会有收获连续两年参加长绳比赛的姚月这样回忆道在赛前训练期间队员们遇到困难是常事最大的问题还是在于前后两名队员的衔接作为一环扣一环一环乱处处断的团体项目哪怕稍稍有两个人衔接出现问题都会让全队的状态下降一大块这样一来队员们的默契便成了最核心的攻坚点然而随着运动会的临近这个大问题反而在不知不觉中一点点化解了人文与社会科学学部的长绳负责人乔巾哲这样描述队员们的成长过程绝大多数的长绳成员都是大一的女生开始很多人之间都不认识但是在磨合和训练当中开始产生了默契常常能在休息之余看到女孩子们互相聊天欢笑而作为学姐对长绳妹子们最大的期待其实无关成绩而是每个人都能留下一段有关运动会的难忘的回忆拔河项目我不是一个人在战斗对集体凝聚力要求最高的应该要算是拔河比赛了当哨声响起所有人的力量都集中在一根绳上汗水从微微涨红的脸颊滑落紧咬着牙关坚定的眼神凝望着前方红绸一寸一寸地移动这是一次团队的作战这是一场团队的胜利拔河比赛要求名参赛队员个男生个女生对于其他学部学院来说这根本不能称为是个门槛但是在男女比例十分悬殊的外国语学院男生人数也成了个难题这届大一同学只有个男生外国语学院拔河队队员楚云博无奈地笑着说好在有大二的学长们愿意加入我们晚上八点半拔河队伍的队员们便准时集中在了中心田径场训练从平板支撑开始男生五分钟女生三分钟的训练量对许多队员来说是个不小的考验接下来是蹲起训练以个为一组一共三组目的是锻炼队员们的腿部肌肉做完基础训练队员们分成两组模拟比赛对抗没有任何的防护装备队员们的手掌经常被粗糙的绳子磨得发红严重些的还起了水泡一用力就钻心地疼拔河要求每个人都拿出自己的努力而且要和团队的每个人融为一体这就是拔河精神我不是一个人在战斗袋鼠跳我已经爱上了每天的训练刚开始接触袋鼠跳的时候感觉很困难毕竟是之前没有接触过的项目人文与社会科学学部的袋鼠跳运动员陈紫烟说道袋鼠跳运动最困难的莫过于换袋速度和跳的速度的训练要尽力让布袋与自己成为一体每一步都要尽量跳远除此之外还要有节奏地进行跳跃结合学长学姐给出的建议加上这半个月练习时自己的摸索我终于渐渐克服了困难速度也有了很大的提高觉得特别有成就感陈紫烟说现在自己已经爱上了每天的训练虽然每天一个多小时的训练比较辛苦但是我的体能得到了很大的提高之前仰卧起坐我最多做二十几个现在做三十多个一点也不费劲而且认识了很多志同道合的小伙伴和他们关系特别好在训练之余学长学姐谈心式的沟通交流老师们时刻的关心和鼓励让队员们感到暖意这种感觉让我觉得特别温暖对学院更加有了归属感袋鼠跳作为一个户外团体项目在锻炼体质的同时也提高了队员们的合作意识和协调能力虽然看起来是趣味性很强的项目但在训练也总有受伤事故频频发生无论结果如何奋斗过了便能心无怯懦努力过了即是赛场英雄一蹦一跳间的热汗人袋合一的状态同样是一道精彩的运动风景线花束队别样的风采早上六点半的中心体育场总能看到一群女孩子她们手捧花束喊着响亮的口号踏着整齐的步伐行走在体育场露水还未干透的草地上她们就是本次运动会的花束表演方队训练时间早加上训练之后要马上赶到教室上课花束队的女生们有的时候连早饭也来不及吃但是她们没有一个人抱怨人文与社会科学学部的杨一凡说靠大家的共同努力才有现在逐渐成型的花束队作为花束队的一员我们要用心训练在运动会那天展示出花束队最佳的风采花束队虽看起来简单但是训练起来也有些辛苦乏味队列行走要整齐再加上穿插在其中的队形变换花束队列展示中队员之间的默契与配合必不可少日常训练里花束队中来自两个不同院系的姑娘们团结一心认真训练团队的凝聚力越来越强通过训练大家也都建立起了深厚的友谊大家的关系也由原本的尴尬冷清渐渐变得熟络起来训练也变得越来越有趣开心时刻期待着最后那天花束队完美的表演一位成员说文张译丹张艺洋朱淳熙刘思敏底亚杰杨一凡责任编辑张平媛复制网址打印每日推荐运动会赛前训练人心齐泰山移新闻聚焦运动会赛前训练人心齐泰山移钱令希院士诞辰百年运载师生开展钱令希精神大核心价值观搭建交流平台助力学子成才余名研究生团学干部参加培训提升领导智慧钱令希院士诞辰百年校园文化节聚焦科普创新尽展物理年华基于铜纳米柱的氢化酶功能模拟材料研究新进展聚焦培养方案论证推动专业跨学科发展人民网大连理工大学哲学社会科学研究成果获教推荐视频钱令希诞辰百年纪录片发布预告年月日大工新闻学校隆重举行庆祝中国共产党成立周年大会为梦连理大连理工大学招生宣传片焦点图片毕业季校园里那抹亮色美女毕业生遇见特色学位服毕业季大学四年最遗憾的那些事毕业季最大工难忘凌工路号那件事大工建筑篇一你不得不知道的那些楼排行榜点击钱令希院士诞辰百年我校赴无锡参加纪念钱大连理工大学哲学社会科学研究成果获教育部采学校党委就两学一做学习教育工作作出安排大连理工大学研发具有模拟生理功能的类器官微学校召开党委学习中心组扩大学习会议核心价值观张维为教授为大工师生解读中国两学一做学校二级党组织陆续开展两学一两学一做化环生学部四个注重力求学习盘锦校区社会科学界联合会揭牌成立大工学子在大连市高校船海文化节斩获佳绩第一页内容缓存全文内容缓存根据设置字体大小并初始化按钮请选择投票选项最多允许选项单页阅读分页阅读单页阅读分页阅读控制内容区域的的图片大小并为过大的图片添加查看原图复制网址复制链接成功被浏览器拒绝请在浏览器地址栏输入并回车然后将设置为复制链接成功改变字号小本文地址电话版权所有大连理工大学新闻中心
