http://news.dlut.edu.cn/article/2016/0720/68264.shtml
28
177
356
300
231
133
283
43
192
192
22
281
165
165
240
240
352
352
267
267
29
380
302
200
281
91
246
8
141
两学一做把政治纪律和政治规矩内化于心外化于行综合新闻大工新闻网首页新闻图片视频报纸广播首页新闻综合新闻正文两学一做把政治纪律和政治规矩内化于心外化于行校党委副书记纪委书记李成恩指导人文与社会科学学部党政领导班子专题二学习讨论作者庞源来源人文与社会科学学部时间点击月日下午人文与社会科学学部党政领导班子在文科楼举行两学一做学习教育专题二学习讨论校党委副书记纪委书记李成恩参加学习讨论并讲话学部领导班子全体成员参加并发言会议由学部党委书记郑保章主持李成恩在讲话中肯定了人文学部领导班子从各自专业出发结合学习工作生活实际充分谈了对严守政治纪律和政治规矩做政治上的明白人的思想认识和实践要求并从自身对专题二的学习对习总书记七一讲话精神专题学习出发结合好干部的字标准对学部全体班子成员提出了要建设一个忠诚干净担当的好班子的明确要求李成恩强调学部班子首先要做忠诚的表率严守党的政治纪律最核心的是坚持党的领导严守党的政治规矩最核心的是对党忠诚作为领导干部既要始终胸怀对党国家民族的绝对忠诚同时也要忠诚于学校的事业学部的事业其次每名班子成员都要做到干净始终廉洁自律要时时处处慎独慎微慎权慎友慎始慎终不能触碰底线在工作中坚持履行好一岗双责在生活中建立好良好的家风再次学部班子要敢于担当面对学校双一流建设的艰巨任务每名班子成员都要践行对学校事业的担当要有强烈的紧迫感危机感和责任感要发挥好学部的学科优势带动全体教师在意识形态工作中敢于发声勇担意识形态工作的责任会上学部党委书记郑保章结合自身学习表示我们党的纪律和规矩是党的各级组织和全体党员必须遵守的行为规范和规则排在第一位的是政治纪律和政治规矩要严守党的政治纪律和政治规矩一是要以先进典型为标杆以反面典型为镜鉴筑牢法纪防线要始终做到维护中央绝对权威不打折扣遵守党的政治纪律和政治规矩不走样不变通把对党绝对忠诚作为每一名共产党员的生命线和立身之本二是既要善谋发展敢于担当也要见微知著防微杜渐要始终胸怀学部发展大局做好学部发展的大事业三是必须勇于正视自己身上存在的问题甚至错误要及时查摆自己的问题要听得进上同事和师生的批评和建议主动接受学部全体师生的监督学部班子其他成员结合高等教育学公共管理学社会学政治学等多学科角度一一交流了心得体会大家表示要把党的政治纪律和政治规矩内化于心外化于行按照纪律和规矩踏踏实实为师生服好务切实为学部跨越式发展做贡献责任编辑张平媛复制网址打印每日推荐研招进行时如火如荼开展年研究生招生宣传两学一做把政治纪律和政治规矩内化于心外化于全国近所高校教师学者来校研讨马克思主义发展观材料科学与工程学院选举产生新一届党委并成立纪委大连日报钱令希院士百年诞辰纪念展揭幕辽宁日报大工举行钱令希院士百年诞辰纪念展大工人物校友篇张阿漫胸怀海洋强国梦大工人物校友篇张阿漫胸怀海洋强国梦贯彻落实全面从严治党要求强化政治纪律和政治规群策群力抢抓机遇为大工吸引一流生源推荐视频钱令希诞辰百年纪录片发布预告年月日大工新闻学校隆重举行庆祝中国共产党成立周年大会为梦连理大连理工大学招生宣传片焦点图片毕业季校园里那抹亮色美女毕业生遇见特色学位服毕业季大学四年最遗憾的那些事毕业季最大工难忘凌工路号那件事大工建筑篇一你不得不知道的那些楼排行榜点击机械工程学院新教学楼开工建设钱令希诞辰百年纪录片发布预告钱令希院士诞辰百年春风化雨润物无声中国工程院院士陈政清受聘大连理工大学兼职教钱令希院士诞辰百年宝贵的精神财富永恒群策群力抢抓机遇为大工吸引一流生源机械工程学院完成新一届党委换届及纪委成立选钱令希院士诞辰百年业精于勤奋功成于坚副校长朱泓率团访问白俄罗斯国立大学推进两校我校多部影视作品在中国高校电视奖评选中斩获第一页内容缓存全文内容缓存根据设置字体大小并初始化按钮请选择投票选项最多允许选项单页阅读分页阅读单页阅读分页阅读控制内容区域的的图片大小并为过大的图片添加查看原图复制网址复制链接成功被浏览器拒绝请在浏览器地址栏输入并回车然后将设置为复制链接成功改变字号小本文地址电话版权所有大连理工大学新闻中心
-1
