http://news.dlut.edu.cn/article/2016/0718/68155.shtml
17
177
200
165
165
240
240
352
352
267
267
251
252
65
276
35
2
380
中国工程院院士陈政清受聘大连理工大学兼职教授综合新闻大工新闻网首页新闻图片视频报纸广播首页新闻综合新闻正文中国工程院院士陈政清受聘大连理工大学兼职教授来源建设工程学部时间点击月日上午中国工程院院士湖南大学风工程研究中心主任陈政清教授受聘我校兼职教授仪式在建设工程学部举行学校党委常委副校长朱泓教授为陈政清教授颁发了兼职教授聘书并佩戴校徽建设工程学部负责人相关教授及学部师生代表参加了仪式仪式由建设工程学部部长董国海教授主持朱泓在致辞中对陈院士的学术水平和创新精神给予高度评价并表示陈院士加盟我校必将推动我校特别是建设工程学部土木水利交通学科的全面和快速发展希望陈院士能够将大连理工大学作为自己的家多为学校的发展出谋划策同时要求相关部门要为陈院士在学校开展工作提供充分保障并能够以此为契机抢抓一流学科建设的机遇紧密围绕学术研究前沿和国家重大工程建设需求做出高水平和实用型的科研成果陈政清院士在讲话中感谢大连理工大学给予的荣誉表示自己与学校的多位老师有着长期的科研合作此次能够受聘为大连理工大学兼职教授深感荣幸会努力为学校相关学科的人才培养科技创新学科发展贡献自己的力量仪式结束后陈政清院士为在场师生做了一场题为电涡流阻尼减振震技术与三元减震理论及其在建筑结构中应用的可行性学术报告董国海介绍了陈政清院士的个人简介研究方向科研成就和学术影响陈政清院士自年至年连续十年攻读力学专业先后获湖南大学学士硕士和西安交通大学博士学位年至年在中南大学原长沙铁道学院工作期间作为访问学者先后在英国和美国学习历时两年年后至今在湖南大学工作现为湖南大学土木工程学院教授风工程研究中心主任兼任国家计划制造与工程领域咨询组专家中国力学学会结构工程专业委员会副主任美国土木工程师学会著名期刊桥梁工程副主编等学术职务曾任湖南省人大常委现为湖南省人民政府参事年当选中国工程院土木水利与建筑工程学部院士陈政清院士的研究工作始终处于学科前沿科研成果两次获国家科技进步二等奖十次获得省部级一二等奖他创建和领导的湖南大学风工程研究中心已经成为我国风工程研究的重要基地和优秀科研团队责任编辑张平媛复制网址打印每日推荐中国工程院院士陈政清受聘大连理工大学兼职教授大连理工大学夺冠全国管理案例精英赛东北晋级赛半岛晨报全国管理案例精英赛东北晋级赛在大工新商报张久文一座城市伸向他的八方援手助力一后国防毕业生梁宇我有一颗卫国戍边的心大连日报我有一颗戍边卫国的心大连晚报年青少年高校科学营大连理工大学大连日报全国管理案例精英赛东北晋级赛在连举钱令希院士诞辰百年宝贵的精神财富永恒的前大连日报理工大学师生团队重走长征路纪念推荐视频钱令希诞辰百年纪录片发布预告年月日大工新闻学校隆重举行庆祝中国共产党成立周年大会为梦连理大连理工大学招生宣传片焦点图片毕业季校园里那抹亮色美女毕业生遇见特色学位服毕业季大学四年最遗憾的那些事毕业季最大工难忘凌工路号那件事大工建筑篇一你不得不知道的那些楼排行榜点击落实十三五发展规划推动学校发展实现新为母校成就自豪助母校实现腾飞年青少年高校科学营大连理工大学分营开营切实做好本科招生录取工作为学校选拔优质生我校论文被计算机视觉及模式识别领域国际顶尖钱令希诞辰百年纪录片发布预告王立鼎院士与两岸学子分享科研历程钱令希院士诞辰百年春风化雨润物无声大连理工大学教师获日本水环境学会年度技术奖第八届浪漫之旅海峡两岸文化研习营顺利开第一页内容缓存全文内容缓存根据设置字体大小并初始化按钮请选择投票选项最多允许选项单页阅读分页阅读单页阅读分页阅读控制内容区域的的图片大小并为过大的图片添加查看原图复制网址复制链接成功被浏览器拒绝请在浏览器地址栏输入并回车然后将设置为复制链接成功改变字号小本文地址电话版权所有大连理工大学新闻中心
-1
