http://news.dlut.edu.cn/article/jujiao/7.shtml
65
33
234
177
341
195
145
242
268
143
56
127
101
67
134
160
145
242
268
143
56
127
101
67
134
160
138
81
71
19
195
150
195
99
90
183
59
150
181
284
284
251
215
38
381
100
48
370
165
165
240
240
352
352
267
267
70
185
61
44
32
266
60
175
135
79
新闻聚焦大工新闻网每日推荐字体大小设置清除背景颜色效果边框清除栏目内容文字居左设置调整宽度是注意对应左边栏文字居左设置导航目录颜色调整设置宣传部站群海燕网星海夜话手机版新闻线索预约采访会员投稿留言板学校要闻综合新闻菁菁校园新闻聚焦校园视点信息预告媒体大工领导论坛大工人物校友之声学术动态大工往事部院风采合作交流专题新闻校园视点信息预告媒体大工领导论坛大工人物校友之声学术动态大工往事部院风采合作交流专题新闻精彩瞬间光影四季人文艺术校史钩沉第一时间大工新闻在你身边专题报道校园文艺校园拍客今日大工大工讲坛关于团队校史故事品学校园文艺校园拍客今日大工大工讲坛关于团队校史故事品学十七点播报广播台新闻节目综艺节目外文节目专题节目广播剧下载首页新闻新闻聚焦就业形势喜人就业场面火爆年月日三言两语招聘会年月日转大类专业新政令更多学生受惠年月日专业分流进行时年月日小学期大气象年月日解读招聘会年月日解读招聘会年月日虽是就业尾声仍旧春意向好年月日解读招聘会一年月日解读招聘会二年月日说说招聘会二年月日说说招聘会一年月日上一页下一页每日推荐中国学位与研究生教育学会德育委员会全委会在我校导师带我学理论让师生爱党情怀流淌在心里两学一做导师带我学理论让师生爱党情怀落实十三五发展规划推动学校发展实现新跨越央广网大连理工大学后国防毕业生主动申请到大连理工大学附属学校举行届学生毕业典礼大连理工大学援梦专列再次启程人民网大连理工大学教师获日本水环境学会年度人民网大连理工大学获电力建设科技进步一等奖郭东明校长应邀出席中俄大学校长峰会并作主题演讲推荐视频钱令希诞辰百年纪录片发布预告年月日大工新闻学校隆重举行庆祝中国共产党成立周年大会为梦连理大连理工大学招生宣传片焦点图片毕业季校园里那抹亮色美女毕业生遇见特色学位服毕业季大学四年最遗憾的那些事毕业季最大工难忘凌工路号那件事大工建筑篇一你不得不知道的那些楼排行榜点击钱令希院士诞辰百年系列纪念活动将掀高潮校友许宪平调任通用技术集团董事长基建进行时学校基本建设正在加紧推进中大连理工大学校友会新增国际化成员严守党的政治纪律和政治规矩做政治上的明白王凤海校友出任大商所党委副书记总经理中组部人才工作局领导来校看望千人计划大连理工大学举办第二届中外博士研究生学术论加强马克思主义学院建设培养信仰坚定的优秀我校学子杨帆当选夏季达沃斯论坛代表电话版权所有大连理工大学新闻中心
-1
