http://news.dlut.edu.cn/article/2012/0306/39757.shtml
10
165
165
240
240
352
352
267
267
363
26
建立企业为主体的技术创新体系大工新闻网首页新闻图片视频报纸广播首页新闻领导论坛正文建立企业为主体的技术创新体系来源光明日报月日第版时间点击高端访谈建立企业为主体的技术创新体系访全国人大代表中国工程院院士大连理工大学校长欧进萍温家宝总理在政府工作报告中说深化科技体制改革推动企业成为技术创新主体促进科技与经济紧密结合大连理工大学年组建了技术研究开发院以校企合作企业化运行的模式帮助企业组建技术创新实体产学研模式由传统的向企业转移技术转为向企业转移创新队伍转移研发中心帮助企业建立自己的创新平台在推动企业成为技术创新主体方面大连理工大学做了很多有益的尝试月日记者采访了中国工程院院士大连理工大学校长欧进萍代表记者为何强调建设企业为主体的技术创新体系欧进萍没有技术创新一个国家一个行业不可能有自主的产业尤其高技术产业没有技术创新新兴的企业尤其高技术企业不可能诞生现有的企业不可能有核心技术不可能有竞争力不可能持续发展甚至迟早会是死路一条企业没有自己为主体的技术创新实体国家没有企业为主体的技术创新体系技术创新尤其以技术创新推动企业可持续发展也是一句空话从另一个角度说没有大量的技术创新实体也就缺少高端人才就业和发挥作用的空间科学没有国界技术是有利益的我国从事技术创新的研发队伍大多数是高校科研院所的科研人员以及部分企业因项目临时组建研发团队企业参与人员一是基本不作为团队的主体二是没有系统掌握项目技术创新的核心技术包括依托企业的多数研究项目而高校等科研人员突破技术原理示范性地用于工程实际或做出产品样机项目完成了自然解散企业没有技术创新实体也就没有足够的队伍参与项目的研发以及接下来把突破的技术做精做细使示范的工程或产品规模化和升级换代正因为如此我们不少科研项目取得了技术创新并示范性地用上了接下来这项技术又断掉了甚至死掉了记者我国建设企业为主体的技术创新体系是否具备人才优势欧进萍我国建设企业为主体的技术创新体系关键在人才已经具备的最有利条件也是人才建设企业为主体的技术创新体系需要各级各类的人才主体是工程人才我国要下大力气创新体制机制用好各级各类人才促进经济增长方式的转变加快企业为主体的技术创新体系建设培育和发展自主的实体经济和支柱产业近年来跨国公司从技术创新并支撑发展的需要纷纷在中国开办研发机构短短十年在中国开办的研发机构多达余家大的研发机构多达三五千人多数为中国本土培养的博士其速度之快规模之大令人深思记者我国大学在建设企业为主体的技术创新体系中应扮演什么角色和发挥什么作用欧进萍在建设企业为主体的技术创新体系中大学主要是培养和输送大批的人才尤其是具有突出创新能力的高端人才让这些人才不断补充到这个体系中并发挥主体作用其次是面向更前沿的科学技术不断突破和创新为企业的技术创新提供更源头的技术第三要继续完善和创新产学研合作模式改变大学等科研机构目前主要是围绕企业需要的单项技术开展研发或提供单一科技服务的合作模式政府要积极支持和引导大学和企业合作建立企业为主体的技术创新实体企业要在建设资金技术研发以及企业化编制方面投入同时要不断完善技术创新的环境条件和平台真正建立起企业为主体的技术创新实体光明日报记者吴琳转载自光明日报月日第版高端访谈栏目原文链接责任编辑姜雪相关阅读学校产业召开企业负责人述职大会在连企业进大工系列校园招聘会落下帷幕学校代表团访问日本高校与企业位专家进企业提供智力支持王兴国饮食与体重管理主体讲座依靠改革创新健全多层次资本市场体系余名研究生参加瑞安企业行电信研究生会举行携手企业行践行中国梦活动企业学生同时选择离家近点中国特色社会主义理论体系的最新成果复制网址打印分享到每日推荐我校处级干部参观市反腐倡廉警示教育基地标兵故事蔡晗不忘初心方得始终标兵故事蔡晗不忘初心方得始终大连日报化工与环境生命学部评选最美团支书打造软件人才创新创业的摇篮新闻聚焦打造软件人才创新创业的摇篮大工学子在全国大学生金融创意设计大赛中喜获佳绩大工记者团和广播台获辽宁省十佳校媒称号数学科学学院党委积极开展与王家村党委共建活动机械工程学院人参加入党积极分子培训推荐视频钱令希诞辰百年纪录片发布预告年月日大工新闻学校隆重举行庆祝中国共产党成立周年大会为梦连理大连理工大学招生宣传片焦点图片毕业季校园里那抹亮色美女毕业生遇见特色学位服毕业季大学四年最遗憾的那些事毕业季最大工难忘凌工路号那件事大工建筑篇一你不得不知道的那些楼排行榜点击标兵故事李思远千淘万漉虽辛苦吹尽狂标兵故事李轶瑶执一而专心致志行微而校领导就推进学校改革发展征求意见明星教师张旭泉校园交通安全再聚焦大工财务网上报账系统已正式启用大工学报社科版荣膺全国高校百强社科期刊走进校友校友年度人物耿洪臣忘字何解怎样落笔都不对运载学子在全国船舶与海洋工程设计大赛中斩获第一页内容缓存全文内容缓存根据设置字体大小并初始化按钮请选择投票选项最多允许选项单页阅读分页阅读单页阅读分页阅读控制内容区域的的图片大小并为过大的图片添加查看原图复制网址复制链接成功被浏览器拒绝请在浏览器地址栏输入并回车然后将设置为复制链接成功改变字号小本文地址电话版权所有大连理工大学新闻中心
-1
