http://news.dlut.edu.cn/article/2015/1209/64565.shtml
11
195
307
307
165
165
240
240
352
352
267
267
峰岚热后看峰岚新闻聚焦大工新闻网首页新闻图片视频报纸广播首页新闻新闻聚焦正文峰岚热后看峰岚来源校团委宣传部新闻中心时间点击峰岚结束一周有余演员工作人员观演师生进入后峰岚时期舞台的热度已然过去但峰岚温度并未消退人文与社会科学学部学生申家铭在回味峰岚时发在朋友圈的四个字很爱很爱道出了峰岚在大工人心目中的分量峰岚于大工不仅仅是山礼之夜的绽放也不仅是那段难忘的排练时光它牵系着大工人的共同情怀跳出了舞台融进了校园走向了成熟每次比赛后大工人时常品尝她的余韵这萦绕在大工人生活中的每一个角落十八年来在主办方的价值引领下峰岚杯已然成为代表学校形象的文化品牌和润物无声的育人平台演出节目传递出的爱国主义和民族精神过程中锻炼的团队意识和领导能力都彰显出峰岚杯站在弘扬健康向上的校园文化生活涵育学生文明素养的高度引领着校园文化潮流发挥着文化育人的重要功能让核心价值观愈发生动立体深入人心阳光健康格调高雅内涵丰富的峰岚杯展示了大工独特鲜明的文化积淀与文化追求在提升师生文化素质和推进大学文化建设方面为学校的文明校园建创建贡献着力量舞台之上家国情怀深入人心今年是抗战胜利七十周年我们想以抗战为主题创作一个不一样的舞蹈通过文艺作品感染现场师生建设工程学部大型舞蹈殇祭魂负责人孙乐妍说殇祭魂讲述的是抗日战争时期的家国情怀表现了抗日战争时期不同阶层不同身份的中国人民反抗日本侵略者直至抗战胜利的历史场景在排练过程中演员们不仅一起观看了纪念抗战胜利七十周年晚会还查阅了大量文献资料一遍又一遍地揣测在那个炮火连天的年代里中华儿女对祖国的炽热感情希望能将中华儿女的家国情怀通过舞蹈形象得展示出来时间一长无论是参加表演的演员还是一直负责指导编排的负责人都深深被先烈为国家献身的精神所感染舞蹈结尾国旗展开的时候我们真的会激动的流下泪水来孙乐妍坦言道峰岚杯上的舞蹈不仅讲述国殇的悲愤也呈现出社会的温度人文与社会科学学部的舞蹈空巢的孩子则是一部温情伤感的作品表现了空巢儿童的自由欢乐以及对父母的思念至深舞蹈的负责人王奥表示这是一支充满感情的舞蹈希望通过表现留守儿童的生活状态来呼吁大家关注社会上的弱势群体生活在校园里的大工学子不仅仅沉浸在书本中更是将眼光放眼社会去触摸中国社会的温度和时代的脉搏训练时王奥带领演员们一遍一遍地观看留守儿童相关的视频纪录片让演员们感受到空巢孩子们的孤单寂寞以及无人监管状态下过度的自由与近似放纵的欢乐因为表演了这样的角色人文的演员们也渐渐地开始关注这个群体由一开始的不了解到现在格外留意与他们相关的新闻报道空巢的孩子与演员们的挂靠得以从节目里走到了生活中王奥表示虽然表演结束了但是演员们依旧牵挂着这些孩子他们正在计划到开发区的儿童之家看一看真正了解这些空巢儿童歌颂祖国航天梦想的我爱祖国的蓝天诉说军民鱼水深情的把人民放在心间传承中华优秀传统文化的梦舞霓裳水墨天书一系列正能量的优秀作品涌现在峰岚杯的舞台上这些节目紧紧把握时代主题将文艺创作与社会主义核心价值观相结合将理论精神与文艺作品相互融合以更容易被理解的形式传播核心价值观的理念实现上品教化喜闻乐见的表演在潜移默化中影响着每位师生一名普通观众在赛后表示这台演出更像是一个正能量爆棚的生动课堂他将社会主义核心价值观落地生根用大家爱看的演出形式呈现出来润物细无声在不知不觉中激发了心中的民族自豪感和社会责任感过程之中多元历练催生成长他叫贲亦骁运载工程与力学学部大三的学生峰岚于他是独家记忆刚上大学时的他青涩又内向总是没有自信参加活动峰岚的舞台上在伙伴的鼓舞下自信而舞而台下的掌声更是坚定了他在校园努力绽放的信心于他而言峰岚打开了他人生的另一扇门让他的内心逐渐明亮活泼回首三年峰岚时光贲亦骁一直秉持着自己的信念台上对得起观众台下对得起自己在台上他努力将最好的演出呈现在舞台台下无愧于大学时光峰岚还教会了他耐心细致与认真面对难度系数高的专业课弹性力学通过查阅资料细致推导为大学物理刷分时他耐心认真发现自己曾经学习的漏洞如今的他带着峰岚给他的自信和力量阔步走在奔梦的路上一个人因峰岚蜕变团队亦因峰岚相聚建筑与艺术学院的舞蹈绽放以其充满张力的舞姿拨动了观众的心弦整齐划一的震撼效果源于协作精神和团队合作要想实现个学生动作整齐划一是件挺难的事情舞蹈演员李沁媛回忆训练时分为个人与小组轮流练习互相纠错效果不好就录下视频一起观看查找问题动作的练习反反复复有些人难免有些小情绪但大家彼此鼓励一起聊天一起做游戏帮助缓解压力久而久之三十多人每天上完课之后就聚到一起排练大汗淋漓相互递一杯水饥肠辘辘一起笑着吃外卖每个人之间没有隔阂已是不能或缺的兄弟姐妹为了同一个目标同一份梦想他们成为了无话不说的一家人钟表因为齿轮的默默转动它也会因不负使命而无怨无悔观众常常惊艳于舞台上的摇曳裙裾与华美音章可很少关注到幕后的工作者他们不曾露面亦不曾获得掌声但他们在默默无闻中将责任二字牢牢刻在心中他们也是峰岚的英雄对幕后的工作者来说峰岚杯是一种责任是一种历练是一种不言放弃的精神校学生会文化部部长张灏宸回忆起那些与副部干事一同筹备峰岚的奋斗时光深有感触地说峰岚是一场演出于我而言要带领一个团队来完成每一个细小的工作要应付随时出现的应急情况这是一场实打实的战斗每一个人像一台高速运转列车上的一个零件都需要负起自己该负的责任确保这场晚会的顺利举办峰岚带给了我更多的责任感培养了我出色的领导力让我能够更出色的去领导一个团队校园之外峰岚名片影响深远深棕与米白交汇出卡布奇诺式的门面吹开的泡沫分散凝聚成那些年背过的公式与早已镌刻入心的环形校徽推门而入闪光的英文峰岚字样悬于正上方氤氲于咖啡的醇香这就是由我校大连青年校友会的校友们众筹建立的咖啡厅这座取名为峰岚杯的校友之家将有限的校园生活在无限的校友情怀中留蓄延展大连青友会秘书长峰岚杯咖啡厅的发起人张忠伟是峰岚杯筹办者之一回忆起峰岚他感慨万千峰岚是我们这代人青春的意义是我大学时代的青春梦想而现在则是我们已毕业校友的情感寄托峰岚杯是大工人共同的文化记忆如今成为了校友相约返校的美丽起因第一届峰岚杯获奖者校舞蹈团第一任团长张璐今年峰岚之际从上海返校与众多校友们一起观看了决赛再次回到山礼放佛经历了一场梦幻般的穿越灯光亮起的一刻好像自己就要登台起舞一样瞬间泪流满面回到上海一周有余张璐谈起峰岚激动依然现在的峰岚杯给我的震撼太大了这么绚丽的舞台这么精心的准备这么专业的评审尤其是学生们在舞台上那种自信都是我们不可想象的一切的一切都让我们感觉到母校越来越好了能亲眼见证峰岚杯从最初的院系文艺比赛发展壮大成为今日的大工名片作为峰岚人作为大工人我由衷地感到骄傲自豪十八载岁月的洗礼与磨砺峰岚已从咿呀学语的孩童成长为青年代表佳作频频涌现数次登上了省市甚至国家级比赛舞台评审阵容不断升级越来越多的国家级知名艺术家走进大工校园在带来专业公正评审的同时也为峰岚走向更高舞台提供了契机更为我校的对外宣传和展示打开了一扇崭新的大门这场校园文艺演出得到了专业人士的高度评价东方卫视首席导演顾惠惠第一次参加峰岚评审她赛后激动地说没想到一所工科院校能呈现出一台如此精彩近乎专业水平的晚会而相比节目的精彩学生们融于作品中的时代思考和饱满向上的情感表达则更为难得通过一场峰岚杯这所学校的魅力所在已一览无余天津歌舞剧院副院长张洪波赛后表示表演震撼人心表现感情真挚工科生能对作品有如此深刻的理解和如此精准的表达让我感到很惊讶他们的努力为学校增添了光彩更让我对大连理工大学有了重新的认识近两个月的不间断排练连轴式的细致筹备万人空巷般的排票阵仗峰岚从来不是某个群体的故事而是所有大工人的情怀与回忆这个回忆有关青春有关坚持有关梦想有关那时与今后的你我它早已不仅是一场文艺比赛而是跳脱升华成凝聚大工情怀的纽带一张大工特有的名片山之巅为峰云之霓为岚走过十八岁峰岚从未因为走得太远而忘了为什么出发让我们共同期待峰岚步履弥坚走向新的未来责任编辑张平媛复制网址打印每日推荐大连理工大学在丙烷催化转化研究方向取得新进展铭记一二九共筑中国梦郭东明校长会见深圳大学校长李清泉一行新闻聚焦峰岚热后看峰岚峰岚热后看峰岚中国高教之窗大连理工大学在分子纳米磁体研网信中心举办新视频会议系统培训国心之芯问知大讲堂带领山西学生走进科学殿堂大连理工大学获全球通信大会最佳论文奖软件学院承办大连十三校联合国际义工日庆祝活推荐视频钱令希诞辰百年纪录片发布预告年月日大工新闻学校隆重举行庆祝中国共产党成立周年大会为梦连理大连理工大学招生宣传片焦点图片毕业季校园里那抹亮色美女毕业生遇见特色学位服毕业季大学四年最遗憾的那些事毕业季最大工难忘凌工路号那件事大工建筑篇一你不得不知道的那些楼排行榜点击在你身边舞不尽的峰岚情幕后那抹红大连理工大学获全球通信大会最佳论文奖复旦大学中青年骨干教师一行来校访问交流所在连高校和科研院所共商平安建设工作大连理工大学当选中国研究生院院长联席会主席大连理工大学创制结晶性二氧化碳聚合物获得董红刚教授获中国机械工程学会青年科技成就奖搭建校企合作平台联合培养国际学生第二届东北地区研究生团学工作论坛在大连理工届普通高校毕业生就业创业工作网络视频会第一页内容缓存全文内容缓存根据设置字体大小并初始化按钮请选择投票选项最多允许选项单页阅读分页阅读单页阅读分页阅读控制内容区域的的图片大小并为过大的图片添加查看原图复制网址复制链接成功被浏览器拒绝请在浏览器地址栏输入并回车然后将设置为复制链接成功改变字号小本文地址电话版权所有大连理工大学新闻中心
-1
