http://news.dlut.edu.cn/article/2016/0729/68500.shtml
16
341
83
248
210
209
271
165
165
240
240
352
352
267
267
82
371
软件学院创新师资聘任方式加强学生实践能力培养菁菁校园大工新闻网首页新闻图片视频报纸广播首页新闻菁菁校园正文软件学院创新师资聘任方式加强学生实践能力培养作者陆坤来源软件学院时间点击围绕深化校企合作推进实践教学改革切实提高学生动手实践能力的目标在学校人事处的指导下软件学院在师资队伍规划中创新师资聘任方法预留高端企业专家教师编制探索符合示范性软件学院特色的校企合作新模式学院和东软等行业领军企业签订合同企业按学院需求定期派经验丰富的企业专家以全职或兼职形式参与学院教学实践如东软李亮老师在本学期以全职形式作为校内实训项目经理和实训基地教师共同完成了余人的实训教学任务腾讯华钦迅达网络的企业教师则以短期项目指导的方式将行业业务知识融入项目实践全程指导了移动互联网大型主机方向卓越班的小学期的专业方向课程设计另外本年度还有名企业专家以兼职教师的方式参与专业课程的授课本学期学院大四校内实训在企业经理的统一指导下按照企业项目开发和对员工的要求实训学生分组每组又设项目组长开发人员测试人员系统分析师等不同角色按项目组进行培养实训项目既包含传统的人事管理系统耳熟能详的订票系统也有移动电商平台物联网平台开发等第一实训项目组组长孔繁夫同学表示在完成实训项目过程中指导教师从业务谈判需求分析概要设计详细设计编码实现上线模拟等软件开发流程进行了全方位指导不仅提升了实践技能还真正理解了所学知识怎么用用在哪儿真实的体验到在企业里标准项目是如何做出来的小学期专业方向课程设计作为专业方向实践能力培养最重要的载体本学期学院也分别邀请了上海华钦腾讯大连大连迅达网络等公司的企业专家们指导卓越班的课程设计大型机方向学生在企业教师的带领下基于真实银行的贷款业务开发出了满足贷款业务功能的系统移动互联网专业方向的学生则分别在安卓平台完成了余个移动应用项目企业信息化专业方向的同学完成了包含物料管理库存管理采购管理质量管理项目管理用户管理等模块实现企业完整管理决策流程通过课程设计环节不仅提升了专业技术能力同时更了解了该专业方向的实际业务为以后的职业生涯奠定了良好的基础级大型机方向的惠亚飞同学表示本次课程设计每个人扮演着不同的角色就像真实企业中做项目一样我们学会了分工我们学会了沟通我们知道了什么叫团队对于一个即将步入职场的新人来说本次项目将是人生战场的一次演练也是人生中一次宝贵的财富也许在数年之后我们还会记得有过那么一个团队我们为了同一个目标一起奋斗一起努力那是最温暖最阳光的回忆在成果展示与汇报环节学院领导公司专家等分别进行了点评与指导并提出了很多宝贵的意见和建议希望通过更多的引入企业资源可以让同学们更好的巩固所学的知识增强自身的综合实践能力同学们纷纷表示通过项目实训提高了实践动手能力增加了就业的信心会上李凤岐副院长为李亮等老师颁发了企业教师聘书深化校企合作共建实践平台是学院高水平创新实践人才培养的有效途径学院将继续深化改革积极整合校内外资源创新校企合作模式常态化聘任企业师资推进实践教学改革共同努力提高人才培养质量和创新能力将学院打造成精英软件人才培养的摇篮责任编辑张平媛复制网址打印每日推荐软件学院创新师资聘任方式加强学生实践能力培养两学一做远教院领导班子带头学与做扎南华大学教学督导团团长朱惠延教授一行访问我校民进全国省级组织宣传干部培训班在我校开班教务处召开实验室会议强化经费规范管理和使用两学一做人文学部领导班子开展中国共产党问钱令希院士百年诞辰学术思想座谈会召开校党委书记王寒松会见解放军驻瓦房店某部韩向春大中国核动力研究设计院黄彦平总工程师受聘大工兼职学校成立防台防汛领导小组动员部署防台防汛工作推荐视频钱令希诞辰百年纪录片发布预告年月日大工新闻学校隆重举行庆祝中国共产党成立周年大会为梦连理大连理工大学招生宣传片焦点图片毕业季校园里那抹亮色美女毕业生遇见特色学位服毕业季大学四年最遗憾的那些事毕业季最大工难忘凌工路号那件事大工建筑篇一你不得不知道的那些楼排行榜点击从首届毕业生毕业决心书中传承红色基因大工附校中考成绩再创历史新高学校召开一级博士学位授权点合格评估校内评审大连理工大学应邀赴美参加微软研究院高峰论中国核动力研究设计院黄彦平总工程师受聘大工洪晓楠教授被聘为教育部高校思想政治理论课教软件学子挺进大型机世界杯竞赛全球前学校召开学科建设专项座谈会大连理工大学与大连海洋大学签署联合人才培养学校召开新一届本科生奖学金评审委员会第一次第一页内容缓存全文内容缓存根据设置字体大小并初始化按钮请选择投票选项最多允许选项单页阅读分页阅读单页阅读分页阅读控制内容区域的的图片大小并为过大的图片添加查看原图复制网址复制链接成功被浏览器拒绝请在浏览器地址栏输入并回车然后将设置为复制链接成功改变字号小本文地址电话版权所有大连理工大学新闻中心
-1
