http://news.dlut.edu.cn/article/2016/0719/68250.shtml
28
149
31
167
167
162
162
163
22
机械工程学院新教学楼开工建设学校要闻大工新闻网首页新闻图片视频报纸广播首页新闻学校要闻正文机械工程学院新教学楼开工建设作者龙海波实习生冯资潭来源宣传部新闻中心时间点击月日上午在社会各界人士和学校师生代表的共同见证下大连理工大学机械工程学院新教学楼正式开工建设校党委书记王寒松出席开工仪式并宣布大连理工大学机械工程学院新教学楼正式开工建设党委常委副校长李俊杰贾振元中国科学院院士王立鼎学校相关职能部门机械学院的师生代表以及大连市高新园区规划建设局质检站和各参建单位负责人参加开工仪式仪式由我校基建处处长姜峰主持机械工程学院新教学楼位于西校区西南角于年经教育部批准立项建设总建筑面积平方米建成后将成为学校建筑面积最大的单体建筑主要功能为科研试验和科研办公该项目建筑方案由同济大学建筑设计院设计施工图由大连理工大学土木建筑设计研究院有限公司负责设计计划于年年底竣工年初正式投入使用机械工程学院新教学楼效果图据了解机械工程学院新教学楼项目是我校西校区机械材料能源动力学科群中的关键一环对促进我校机械学科综合实力的进一步提升起到重要的基础保障作用对推进我校双一流建设和培养具有大工特色的创新型人才具有重要意义责任编辑姜雪相关阅读复制网址打印每日推荐机械工程学院新教学楼开工建设钱令希院士诞辰百年让钱令希精神鼓舞我们继续民盟河南省高校基层组织负责人研修班在我校开班央广网钱令希精神鼓舞大连理工大学师生继续央广网宝贵的精神财富永恒的前行动力挖掘档案资源传承红色基因大连日报大连理工大学导师带我学理论大连日报坚定四个自信开创辉煌未来学校将离退休教工身心健康工程落到实处大连理工大学夺冠全国管理案例精英赛东北晋级赛推荐视频钱令希诞辰百年纪录片发布预告年月日大工新闻学校隆重举行庆祝中国共产党成立周年大会为梦连理大连理工大学招生宣传片焦点图片毕业季校园里那抹亮色美女毕业生遇见特色学位服毕业季大学四年最遗憾的那些事毕业季最大工难忘凌工路号那件事大工建筑篇一你不得不知道的那些楼排行榜点击为母校成就自豪助母校实现腾飞年青少年高校科学营大连理工大学分营开营切实做好本科招生录取工作为学校选拔优质生钱令希诞辰百年纪录片发布预告我校论文被计算机视觉及模式识别领域国际顶尖钱令希院士诞辰百年春风化雨润物无声王立鼎院士与两岸学子分享科研历程钱令希院士诞辰百年宝贵的精神财富永恒中国工程院院士陈政清受聘大连理工大学兼职教大连理工大学教师获日本水环境学会年度技术奖第一页内容缓存全文内容缓存根据设置字体大小并初始化按钮请选择投票选项最多允许选项单页阅读分页阅读单页阅读分页阅读控制内容区域的的图片大小并为过大的图片添加查看原图复制网址复制链接成功被浏览器拒绝请在浏览器地址栏输入并回车然后将设置为复制链接成功改变字号小本文地址电话版权所有大连理工大学新闻中心
