http://news.dlut.edu.cn/article/xiaoyuan/2.shtml
67
33
234
177
341
195
145
242
268
143
56
127
101
67
134
160
145
242
268
143
56
127
101
67
134
160
138
81
71
19
341
289
341
341
98
74
25
187
310
98
37
94
323
109
117
277
111
328
282
125
165
165
240
240
352
352
267
267
125
130
184
282
188
359
12
15
31
159
菁菁校园大工新闻网每日推荐字体大小设置清除背景颜色效果边框清除栏目内容文字居左设置调整宽度是注意对应左边栏文字居左设置导航目录颜色调整设置宣传部站群海燕网星海夜话手机版新闻线索预约采访会员投稿留言板学校要闻综合新闻菁菁校园新闻聚焦校园视点信息预告媒体大工领导论坛大工人物校友之声学术动态大工往事部院风采合作交流专题新闻校园视点信息预告媒体大工领导论坛大工人物校友之声学术动态大工往事部院风采合作交流专题新闻精彩瞬间光影四季人文艺术校史钩沉第一时间大工新闻在你身边专题报道校园文艺校园拍客今日大工大工讲坛关于团队校史故事品学校园文艺校园拍客今日大工大工讲坛关于团队校史故事品学十七点播报广播台新闻节目综艺节目外文节目专题节目广播剧下载首页新闻菁菁校园人文学部举行届毕业生学位授予仪式暨毕业典礼年月日研究生心理活动月系列活动举办年月日国际学生中文才艺表演精彩纷呈年月日发展学术社团摩擦智慧火花年月日第五期研究生团学干部培训成功举行年月日搭建旧物循环利用平台培养勤俭节约意识年月日大工管理公益讲堂打破时间与空间界限的数字化生态年月日毕业生赴基层就业资助工作启动年月日电信研究生与留学生共度端午年月日主动出击档案馆征集百余件史料丰富创校档案年月日早谋划早实施能动毕业生就业工作正式拉开帷幕年月日大工学子闯入全国大学生电子商务三创赛全国总决赛年月日大工管理公益讲堂审视自己让人与自然平衡和谐年月日胶片中的大工档案馆抢救胶片式校史录像带年月日首届大连高校雕塑专业优秀毕业作品展举行年月日国际学生参加第二届留动中国辽宁赛区选拔赛年月日共建美丽大工同享碧水蓝天环境保护主题活动举行年月日运载学部聘任年河南省招生宣传联络员年月日看见自己看见企业看见真正的年月日缤纷六一幼儿园活动精彩纷呈年月日上一页下一页每日推荐建设工程学部张鑫旺获学生竞赛团体第一名材料级校友返校暨奖学金签约仪式顺利举行海洋能源利用与节能教育部重点实验室召开学委会会我校再获辽宁省大学生电子设计竞赛最高奖杯实践在路上躬身企业行笃志中国梦全国人工环境相关学科博士生导师研讨会在我校召开我校在耐酸沸石膜微观结构的设计与调控研究取得新实践在路上怀报国之志行实践之路做合格党郭东明校长会见大连公交集团董事长孙明一行罗均炎同志逝世推荐视频钱令希诞辰百年纪录片发布预告年月日大工新闻学校隆重举行庆祝中国共产党成立周年大会为梦连理大连理工大学招生宣传片焦点图片毕业季校园里那抹亮色美女毕业生遇见特色学位服毕业季大学四年最遗憾的那些事毕业季最大工难忘凌工路号那件事大工建筑篇一你不得不知道的那些楼排行榜点击罗均炎同志逝世给科研人员松绑加油中办国办印发关于进一步完善中央财政科研郭东明校长会见大连公交集团董事长孙明一行我校在构建高性能锂离子电池负极材料研究取得学校组织召开科技成果研讨会大工代表队勇夺全国电子商务三创赛总决赛实践在路上赴渝见证传统制造业老树发新实践在路上走进企业长才干扬帆起航京津新兴电子商务的信息与物流管理教育部创新电话版权所有大连理工大学新闻中心
-1
