http://news.dlut.edu.cn/article/renwu/8.shtml
67
33
234
177
341
195
145
242
268
143
56
127
101
67
134
160
145
242
268
143
56
127
101
67
134
160
138
81
71
19
143
161
143
4
77
45
372
275
161
219
219
192
192
22
281
16
347
141
91
0
260
165
165
240
240
352
352
267
267
29
35
380
302
200
2
281
246
8
大工人物大工新闻网每日推荐字体大小设置清除背景颜色效果边框清除栏目内容文字居左设置调整宽度是注意对应左边栏文字居左设置导航目录颜色调整设置宣传部站群海燕网星海夜话手机版新闻线索预约采访会员投稿留言板学校要闻综合新闻菁菁校园新闻聚焦校园视点信息预告媒体大工领导论坛大工人物校友之声学术动态大工往事部院风采合作交流专题新闻校园视点信息预告媒体大工领导论坛大工人物校友之声学术动态大工往事部院风采合作交流专题新闻精彩瞬间光影四季人文艺术校史钩沉第一时间大工新闻在你身边专题报道校园文艺校园拍客今日大工大工讲坛关于团队校史故事品学校园文艺校园拍客今日大工大工讲坛关于团队校史故事品学十七点播报广播台新闻节目综艺节目外文节目专题节目广播剧下载首页新闻大工人物在讲坛上演绎精彩人生年月日让思想政治理论课在学生心中扎根年月日以科研促教学两不误双丰收年月日让我成了奥运火炬手年月日为圆梦半个世纪的坚持年月日承载使命追求卓越助推中国工程机械制造业走向国际化年月日老骥凌云蔚朝晖年月日老朋友我们又见面了年月日坚信英雄不问出处年月日贫穷阻断大学梦经历铺就财富路年月日贺明峰教授充分发掘每一个学生的创新潜质年月日刘长春奥运参赛始末年月日鞠躬尽瘁振兴高教年月日他用生命诠释教书育人年月日中国奥运第一人刘长春的重要史料现身沈阳年月日王晓明一个追求完美的人年月日秦学志变与不变年月日李士豪我国高速水流问题研究的开拓者之一年月日我国计算力学工程结构优化设计的开拓者钱令希年月日马学虎一位可信赖的团队领军人年月日上一页下一页每日推荐大工人物校友篇张阿漫胸怀海洋强国梦大工人物校友篇张阿漫胸怀海洋强国梦贯彻落实全面从严治党要求强化政治纪律和政治规群策群力抢抓机遇为大工吸引一流生源两学一做践行党的宗旨争当时代先锋两学一做材料学院师生党员认真学习习总书记我校多部影视作品在中国高校电视奖评选中斩获佳绩机械工程学院完成新一届党委换届及纪委成立选举工大连理工大学首个国际学生文化实践基地揭牌郭东明校长会见长兴岛经济区党工委书记杨广志推荐视频钱令希诞辰百年纪录片发布预告年月日大工新闻学校隆重举行庆祝中国共产党成立周年大会为梦连理大连理工大学招生宣传片焦点图片毕业季校园里那抹亮色美女毕业生遇见特色学位服毕业季大学四年最遗憾的那些事毕业季最大工难忘凌工路号那件事大工建筑篇一你不得不知道的那些楼排行榜点击机械工程学院新教学楼开工建设钱令希诞辰百年纪录片发布预告我校论文被计算机视觉及模式识别领域国际顶尖钱令希院士诞辰百年春风化雨润物无声中国工程院院士陈政清受聘大连理工大学兼职教钱令希院士诞辰百年宝贵的精神财富永恒王立鼎院士与两岸学子分享科研历程群策群力抢抓机遇为大工吸引一流生源钱令希院士诞辰百年业精于勤奋功成于坚副校长朱泓率团访问白俄罗斯国立大学推进两校电话版权所有大连理工大学新闻中心
-1
