http://news.dlut.edu.cn/article/2012/0707/43511.shtml
10
165
165
240
240
352
352
267
267
363
26
张德祥书记在庆七一创先争优总结暨表彰会上的讲话大工新闻网首页新闻图片视频报纸广播首页新闻领导论坛正文张德祥书记在庆七一创先争优总结暨表彰会上的讲话来源宣传部新闻中心时间点击凝心聚力抓党建创先争优促发展在学校庆七一创先争优活动总结暨表彰大会上的讲话校党委书记张德祥年月日各位老师同志们同学们今天我们在这里隆重集会共同庆祝中国共产党建党九十一周年总结学校深入开展创先争优活动以来的各项工作和取得的成绩表彰在活动中涌现出的先进基层党组织优秀共产党员和优秀党务工作者并部署下一阶段工作今年学校党委被授予全国创先争优优秀基层党组织邵春亮老师被授予全国创先争优优秀共产党员还有多个基层党组织多名共产党员多名党务工作者以及党建品牌项目分别受到省市和学校的表彰在这里我代表学校向全校党员同志致以节日的祝贺和亲切的问候向受到各级表彰的各基层党组织优秀共产党员优秀党务工作者和党建品牌项目表示热烈的祝贺向为学校党建工作和学校事业发展辛勤付出的广大师生员工表示衷心的感谢年月以来学校党委按照先进基层党组织五个好优秀共产党员五带头优秀党务工作者五个强的基本要求在中央教育部党组和省市等上级组织的领导下紧密围绕国家高等教育改革发展的大局围绕贯彻国家中长期教育改革和发展规划纲要落实中国共产党普通高等学校基层组织工作条例建设充满浓郁文化气息的和谐校园等重点工作加强领导认真组织创新载体典型引路扎实开展创先争优活动有力地推动了学校各项事业又好又快发展刚才四位同志就创先争优活动的工作情况特色成果等进行了汇报大家讲得很好有成绩有经验有收获有体会反映出我校创先争优活动取得了明显的成效一科学部署分类指导推进基层组织扎实开展创先争优活动学校党委高度重视成立创先争优活动领导小组并设立专门办公室为创先争优活动顺利开展提供组织保障制定了大连理工大学创先争优活动分类指导方案大连理工大学关于在创先争优活动中开展基层组织建设年的实施意见等文件对全校创先争优活动进行科学指导各基层党委认真落实学校文件精神结合本部门本单位实际分门别类地制订了活动方案切实做到了把创先争优活动的主题和要求融入到日常工作生活中年教工以创新育人为重点学生以学习成才为重点机关后勤产业离退休等紧密结合自身工作特点和实际开展了一系列富有特色的争创活动今年各学部院党委紧紧围绕强组织增活力创先争优迎十八大的主题有计划有组织分步骤推进基层组织建设年活动从基层党支部入手认真进行调查摸底分类定级在此基础上整改提高晋位升级学习先进创先争优通过这一系列扎实的工作基层党组织的战斗力进一步提升基层党组织书记素质进一步提升基层基础保障水平进一步提升基层党建制度化水平进一步提升二围绕中心工作创新活动方式与途径推动学校事业实现科学发展学校党委始终把围绕中心抓党建抓好党建促发展贯穿于创先争优活动之中不断创新党建工作的新途径和新方法充分发挥党组织的政治核心作用战斗堡垒作用和党员的先锋模范作用坚持育人为本不断深化教育教学改革通过强化大类招生与大类培养推行大班授课小班研讨的研究型教学模式设立荣誉课程聘请荣誉主讲教师实施卓越工程师教育培养计划开设国际班等举措为学生创造个性化的发展环境和条件国家级特色专业国家教学名师辽宁省教学名师不断涌现学科建设水平进一步提升国家重点学科一级学科博士点博士后流动站建设再上新台阶学科集群优势逐步彰显科技工作保持强劲势头国家级重大专项计划国家自然科学基金等项目以及国家三大科技奖励再获丰收人文与社会科学研究取得可喜进步人文学科首次在教育部级别项目的竞争中升至辽宁省第一产学研合作的机制体制不断创新计划稳步推进人才强校战略深入实施中国工程院院士千人计划等领军人才队伍建设取得重要成效教职工和专任教师结构更加合理学校国际声誉和影响力不断提升出国研究生来华学位留学生人数均创历史新高以教授为主体院系为平台学校为窗口的海外合作交流模式已经形成三挖掘潜能争创佳绩为国家和地方经济社会发展提供科技保障和智力支持学校紧紧抓住实施工程工程教育部辽宁省大连市重点共建的机遇在充分发挥理工科优势的基础上进一步调整学科结构布局为国家及地方经济社会发展提供人才技术和智力支持积极创新产学研深度结合的新模式在创建活动中学校通过学校与省市建立的校企合作委员会等产学研用一体化平台为企业解决难题余项被科技部领导赞为东北地区产学研合作的一面旗帜学校党委积极响应中组部教育部的号召始终秉承坚持民族团结支持新疆建设的原则积极主动地为新疆地区的建设事业服务帮助新疆大学新疆财经大学进行人才培养教学科研和学科建设等工作取得了显著成果四创新基层组织模式加强制度规范和教育培训提升基层党组织建设科学化水平学校各级党委认真学习和贯彻落实中国共产党普通高等学校基层组织工作条例多次召开专题学习培训会和研讨会深刻领会新形势下中央对高校基层党建工作提出的新要求进一步推进我校基层党建工作的科学化民主化制度化为适应学校学部制改革带来的内部治理结构上的新变化按照分层管理分类建设分类指导的总体思路在学部党委下增设了本科生党总支研究生党总支学院教工党总支或直属党支部在党总支下设立党支部形成了三级基层党组织设置体系创新了基层组织体系的架构实践证明与学部制改革相配套的三级基层党组织设置体系坚持了党组织与行政单位同步对应设置的原则努力做到党政工作同步谋划同步考核协同发展既有利于加强上级党组织对下一级党组织工作的科学宏观指导又有利于促进各级党组织自觉主动地担当其相应的职责为进一步发挥党员主体作用推进党内民主增强基层党组织的生机活力学校制定了大连理工大学基层党组织公推直选办法试行并积极实施取得了良好地效果围绕提高党的执政能力保持党的先进性和纯洁性这一根本要求以提高党员思想政治素质增强党员工作能力和发挥党员先锋模范作用为主要目标对领导干部正式党员预备党员新生党员入党积极分子等开展多层次的培训教育通过理论学习专题研讨社会实践专家访谈等形式有计划地组织党员日常的培训教育活动使党员时刻接受党性熏陶提高党性修养例如以选择为主题开设了特殊党课进一步教育全校党员师生深刻认识历史和人民怎样选择了马克思主义选择了中国共产党选择了社会主义道路选择了改革开放倡导学雷锋活动促进社会主义核心价值体系建设使之内化于心按照基层组织建设年的相关文件精神以强组织增活力加强基层组织建设当好党支部书记为主题组织了学校教工党支部书记示范班培训并将在全校范围内开展党支部书记轮训工作以提升基层党支部书记的素质五推进典型示范关注群众评议激发基层党组织和党员争创活力认真贯彻中组部等印发的关于学先进见行动实施方案的通知有效运用先进典型推动创先争优在实践中探索出了选树典型深度宣传示范引领的典型示范基本路径使全校形成了崇尚先进关爱典型学习榜样争当优秀的浓郁氛围激发了基层党组织和党员创先争优的主动性积极性活动过程中在学校新闻网上宣传了个先进党支部和名优秀共产党员师生反响良好倡导基层党组织开展公开承诺制以三亮三比三评为抓手开展党组织及党员挂牌示范活动展示了党员群体的先锋模范形象形成了基层党组织履职尽责创先进党员立足岗位争优秀的良好局面按照中央关于创先争优活动的总体部署校党委把群众评议作为深入推进创先争优活动的有力抓手拓宽点评渠道创新方式方法自觉接受群众监督和评价学校各级党组织通过开展党支部民主生活会等将评议结果对所在党组织和党员进行反馈及时查漏补缺以保证群众评议不脱离实际并且能将群众评议的结果和举措真正有效运用到实践工作中去努力为广大师生员工办好事办实事提高党组织和党员践行能力六推进学习型党组织建设积极践行文化传承创新使命努力营造良好的氛围积极推进学习型党组织建设用中国特色社会主义理论体系武装党员头脑推动全校师生党员真学真懂真信真用出台政治理论学习的安排意见关于在全校党支部实施理论内化五个一工程文件对全校的理论学习进行部署要求和指导建立规范的政治理论学习制度以党委中心组学习及大工讲坛为主要平台把抓好各级学习型领导班子建设作为关键与核心围绕中央重大决策出台重要文件发布会议召开和中央领导讲话等节点举办专题报告会及研讨会引导干部深入理解党的路线方针政策及时了解和把握国内外形势发展大局及中央最新精神积极组织动员广大党员开展理论研究多年来连续设立党建研究课题专项基金培育理论研究团队年又增设了创先争优理论研究专项基金有效促进了党员理论素养的提高进行创先争优经验总结和理论研讨通过撰写理论研究文章和分析典型案例进一步提升了创新争优工作的科学化水平面向更高的办学层次和目标追求学校各级党组织在文化传承与创新提升学校办学软实力建设文明和谐校园等方面做了富有成效的工作以社会主义先进文化为导向以内聚人心外塑形象的各类文化活动为载体积极推进学校大学文化建设校园文化节校园嘉年华峰岚杯文艺大赛攀登杯挑战杯科技竞赛等一系列健康向上文明和谐丰富多彩富有学校特色精品文化活动深入人心有力地促进了和谐校园的建设为加快建设国际知名的高水平研究型大学提供了强有力的支撑各位老师同志们同学们总体来看全校各级党组织在创先争优活动中能积极响应号召认真谋划部署确定的争创主题科学可行分类指导明确清晰活动载体丰富组织有力成效显著为学校改革建设和发展提供了强大动力具体说来活动主要呈现出以下几个特点一是指导具体学校根据教学科研服务学生等不同类型党组织和不同党员群体的特点以及不同时段的工作内容认真谋划分类指导增强了争创活动的针对性实效性二是载体丰富各基层组织能够结合自身实际科学制定推动科学发展的主攻方向并围绕中心任务创新方式方法丰富工作内涵提出了鲜明具体实在的实践载体体现了各自特色三是推进有力各基层组织能够及时研究规划总结交流点评督导宣传创先争优活动工作扎实积极组织有效有力形成了党组织履职尽责创先进党员立足岗位争优秀干部示范引领做表率的良好氛围四是注重实效各基层组织能够将创先争优活动与巩固扩大学习实践科学发展观活动成果相结合与基层组织建设年相结合与经常性党建工作和阶段性工作任务相结合注重整合各方力量积极创造学校科学发展和谐发展的良好条件这些成绩的取得离不开在以今天受到表彰的先进基层党组织优秀共产党员优秀党务工作者为代表的全校师生员工及全体离退休老同志的共同努力在此我代表学校再次向大家表示深深的敬意和衷心的感谢各位老师同志们同学们创先争优活动虽然进入总结阶段但我们更应该把它作为学校基层党组织建设的一项经常性工作坚持常抓不懈针对今后的工作我再强调几点意见第一深刻认识基层组织建设面临的新形势新任务站稳高校党建工作的主阵地当前我国正处于全面建设小康社会的关键时期和加快经济发展方式转变的攻坚阶段经济社会发展呈现出新的阶段性特征国际环境也在发生深刻变化高校党建工作既面临难得机遇也面临前所未有的挑战我们要深刻认识基层组织建设工作面临的新形势深刻认识高校基层组织建设工作对象的新特点深刻认识当前基层组织建设中存在的突出问题和不足始终保持清醒的政治头脑掌握工作的主动权增强工作的预见性针对性和实效性第二以迎接党的十八大为主题继续深入开展创先争优活动加强党的基层组织建设今年是党的十八大胜利召开之年我们要积极行动起来以迎接党的十八大为主题深化创先争优活动切实抓好基层组织建设年各项工作的落实认真做好创先争优活动总结和长效化工作使创先争优成为基层党建工作经常性工作要努力在学校掀起迎接十八大宣传十八大学习贯彻十八大精神的良好氛围不断提升学校基层党建工作科学化水平第三围绕学校中心工作在推进学校科学发展中继续争先进创佳绩各基层党组织和广大党员务必要立足本职围绕我校建设国际知名高水平研究型大学的目标创先争优把促进学校科学发展服务师生群众作为经常性要求要不断思考人才培养科学研究社会服务文化传承创新这四项任务落实的有效途径要充分发挥基层党组织在学校事业科学发展中的作用进一步加强党风建设推进校风建设不断改进和提升学校干部作风形成良好的教风和学风第四切实加强领导和指导力度一手抓党建一手抓发展激发党组织和党员队伍活力继续按照基层党组织工作条例及正在开展的基层组织建设年活动的要求一手抓党建一手抓发展进一步加强和改进学校基层党组织建设进一步完善组织体系进一步探索完善党支部发挥作用的科学机制从基层党支部书记的选拔培训入手努力建设一支高素质党员干部和党务工作队伍建立健全学校党员教育管理服务长效机制不断提升高校党的建设科学化水平创新工作方式和内容进一步提高党课教学水平和教育效果大力推进基层党建工作项目的落实通过活动和课题立项等方式加强对基层党组织活动的支持激发党组织和党员的活力第五加强学习型党组织建设全面繁荣大学文化为学校改革发展提供坚强保障要进一步创新学习理念合理安排学习内容改进学习方法完善学习制度巩固学习效果推进具有我校特色的学习型党组织建设加大对文化建设工作的重视和关注程度把文化建设作为各基层党委直属党支部的一项重要工作纳入学部学院整体规划要进一步夯实教风学风建设的制度基础探索建立先进管用行之有效的学部学院制度体系要注重开展校际间学部学院间的学术及文化交流丰富具有学部学院特色的文化载体形成师生互动参与共享成果的文化建设格局进一步发挥文化育人的功能和凝聚人心催人奋进的作用同志们面对新的形势和使命我们要以科学发展观为统领深入认识和把握党建工作内在规律努力提高党建工作科学化水平以创先争优活动中取得的业绩和成果为新的起点进一步解放思想改革创新奋发进取抢抓新机遇谋求新发展推进国际知名的高水平研究型大学建设以更加优异的成绩迎接党的十八大胜利召开责任编辑曲长生相关阅读魏小鹏书记调研学校部分机关职能部门魏小鹏书记调研学校部分机关职能部门机关党委举行年度党内先进表彰会魏小鹏书记调研网络与信息化和科技产业工作魏小鹏书记会见荷兰欧渥艾索省代表团张德祥书记参加宾州州立大学孔子学院理事会会议校原党委副书记纪委书记李栋遗体告别仪式举行校党委书记张德祥一行到软件学院调研中共盘锦市委书记孙国相在大连理工大学战略发展研讨会上的讲话学校举行校园管理综合治理工作总结暨表彰会复制网址打印分享到每日推荐我校处级干部参观市反腐倡廉警示教育基地标兵故事蔡晗不忘初心方得始终标兵故事蔡晗不忘初心方得始终大连日报化工与环境生命学部评选最美团支书打造软件人才创新创业的摇篮新闻聚焦打造软件人才创新创业的摇篮大工学子在全国大学生金融创意设计大赛中喜获佳绩大工记者团和广播台获辽宁省十佳校媒称号数学科学学院党委积极开展与王家村党委共建活动机械工程学院人参加入党积极分子培训推荐视频钱令希诞辰百年纪录片发布预告年月日大工新闻学校隆重举行庆祝中国共产党成立周年大会为梦连理大连理工大学招生宣传片焦点图片毕业季校园里那抹亮色美女毕业生遇见特色学位服毕业季大学四年最遗憾的那些事毕业季最大工难忘凌工路号那件事大工建筑篇一你不得不知道的那些楼排行榜点击标兵故事李思远千淘万漉虽辛苦吹尽狂标兵故事李轶瑶执一而专心致志行微而校领导就推进学校改革发展征求意见校园交通安全再聚焦明星教师张旭泉大工财务网上报账系统已正式启用大工学报社科版荣膺全国高校百强社科期刊走进校友校友年度人物耿洪臣忘字何解怎样落笔都不对运载学子在全国船舶与海洋工程设计大赛中斩获第一页内容缓存全文内容缓存根据设置字体大小并初始化按钮请选择投票选项最多允许选项单页阅读分页阅读单页阅读分页阅读控制内容区域的的图片大小并为过大的图片添加查看原图复制网址复制链接成功被浏览器拒绝请在浏览器地址栏输入并回车然后将设置为复制链接成功改变字号小本文地址电话版权所有大连理工大学新闻中心
-1
