http://news.dlut.edu.cn/article/2015/0914/62963.shtml
10
195
317
165
165
240
240
352
352
267
267
大学校园兴起创客风新闻聚焦大工新闻网首页新闻图片视频报纸广播首页新闻新闻聚焦正文大学校园兴起创客风大连理工大学着力培养大学生创新创业意识作者龙海波来源宣传部新闻中心时间点击一个手环不仅可以实时检测体征健康数据还能在疾病突发情况下及时预警听起来让人不敢相信但它将出现在我们的生活里月日至日辽宁省首届互联网大学生创新创业大赛决赛开幕大连理工大学学生牟中强带来的腕带式手势识别系统吸引了不少师生驻足这款利用红外装置识别运动兼以使用惯性姿态传感器识别手掌运动的一款智能硬件可以实现人机互动在大连理工大学像牟中强这样有着奇思妙想的学生并不少见他们被称为大工创客一族将不可思议的想法变成现实产品这里有一片大学生创新创业的沃土前不久大连理工大学电子信息与电气工程学部本科生秦瑶的论文被国际计算机视觉与模式识别会议录用实现了该校本科生研究成果被该会议录取零的突破本科生学术论文被计算机领域国际顶级会议录用这在国内甚至国际上都少见秦瑶的论文是关于计算机视觉领域的图像显著性分析即针对一幅图像分析人第一眼看到的目标并准确的检测出目标的边界从而完整的提取出来这对提高图像分析和图像理解系统的性能以及提高图像处理技术的应用水平都具有十分深远的意义身为本科生却能在科研方面取得如此成绩秦瑶得益于大连理工大学创新实践基地的数模研究团队大一时偶然得知创新创业学院有很多创新实践班毫不犹豫选择了最感兴趣的建模秦瑶口中的创新创业学院是大连理工大学创新教育改革的示范区面向全校学有余力有兴趣有特长的学生以创新实践班为载体为不同专业不同年级学生构建一个学科交叉的创新创业教育训练成果孵化与转化平台目标是培养具有解决实际工程问题能力自我获取知识能力和创新精神的拔尖人才在这里秦瑶接受了最前沿科技思潮的熏陶将不可思议变成了现实在创新创业学院一批像秦瑶这样的同学他们从属不同的学部学院但却都有一个共同点喜欢打破常规思维束缚热爱动手实验操作热衷头脑风暴小组课题讨论机器人对抗代码编写电路板组装在创新创业学院每天都能迸发创新性想法而一批大学生创新成果从这里走出学校有个数据统计近年来全校大学生获得国家专利余项每年有余项学生成果获得国家际级奖励每年有余人次获得省级以上奖励创新创业学院院长冯林说学校将传统的课外渠道开展的创新创业教育进入人才培养的主渠道课内课外真正融为一体形成了大连理工大学独特的创新创业教育新模式就在前不久以创新创业学院为中心联合团委教务处招生就业处大学科技园等部门组建的大连理工大学创新实践基地入选首批全国高校实践育人创新创业基地由教育部批准建设的新创新教育实践大楼已经开建大楼落成后大连理工大学创新实践基地面积将达到万平方米这里已经成为大连理工大学创新创业教育的一片沃土让大学生创新成果走出去年在第十三届挑战杯全国大学生课外学术科技作品竞赛上大连理工大学凭借交互式声光显示屏作品在件参赛作品中脱颖而出荣获全国特等奖成为东北地区在该项赛事上捧杯次数最多及首度蝉联优胜杯的高校享有全国大学生科技创新奥林匹克的挑战杯是全国高校齐聚一堂迸发思维光芒的盛宴大连理工大学在挑战杯历史战绩累累次捧得优胜杯次获得特等奖在大连理工大学大学生科技创新是一种优良传统早在年大连理工大学就开始举办大学生课外科技成果展览会年作为全国发起高校之一参与挑战杯年举办第一届校攀登杯科技竞赛选拔更优秀作品参加挑战杯让更多创新创业作品走出校园走向社会今年暑假大连理工大学大学生创客曹健受邀参加万众创新赢在顺德百所高校创新人才看顺德活动让他没想到的是自己发明的新型生物纳米材料纳米银涂层获得广东德美精细化工股份有限公司的青睐达成投资合作意向即将走进市场该项目就是从大连理工大学攀登杯科技竞赛脱颖而出的大学生科技项目获得第十二届辽宁省挑战杯特等奖并被推荐参加第十四届全国挑战杯决赛如今积极参加科技创新成为了校园时尚刚刚结束不久的第十一届校攀登杯科技竞赛大连理工大学有支学生团队报近人次参加竞赛一批具备高精尖特征的科技作品呈现在社会面前蓝色之翼科创团队发明的环保节能个人小电车用听起来微不足道的一度电行驶公里心方向科创团队自主开发眼控鼠标通过使用者眼部的移动来控制鼠标的移动用微笑代替点击鼠标为残障人士带来福音茵迪威德数字化骨科科创团队利用计算机医学影像处理技术根据骨折部位的影像数据建立断骨模型在不开刀的情况下拟合钢板的预弯状态减少手术次数减少患者的出血量降低伤口感染率实现骨折手术治疗的突破性进展如今越来越多的优秀作品在全国创新创业赛事上一展风采部分项目即将转化为创业项目应用到实际当中大连理工大学校团委书记陆凯表示学校开展一系列创新创业竞赛努力发现和培养一批具有创新思维和创业潜力的优秀人才提升学生创新创意创造创业的意识和能力在大连理工大学创客文化已经悄然兴起让创新创业之花开满园走进大连理工大学创业孵化基地在梦以青春起步业以创新开始的标语下曹健正与小伙伴们一起讨论所创办的学创壹补习机构未来的发展道路从一个人的家教补习起步到创办学创壹补习机构曹健带着小伙伴们创下天净收入万的创业奇迹成为了大学生心中的创业达人在创业孵化基地大连理工大学提供余平方米的场地供学生创业企业无偿使用每年投入万元创业引导资金实行免收物业管理费和水电费等优惠政策目前基地已有孵化项目个注册公司家一批有影响力的大学生创业项目营运而生年创新创业学院机电创新实践班学生创业团队大连华成天威科技有限公司在第六届全国大学生创新创业年会上获得我最喜爱的项目和最佳创意项目两项大奖并获得了首轮万天使投资年大连理工大学软件学院学生张文浩创办的独到科技团队创业项目在创青春全国大学生创业大赛中获金奖依靠独创的自然语言处理算法与先进的分布式数据处理技术开创了将信息技术带入传统数据咨询行业的先河张文浩率领的独到科技团队成为了中国从事社交网络数据挖掘技术的先驱今年月份大连理工大学启动首届创业工坊杯创意创新创业挑战赛启动聘请名在创业孵化企业管理等方面拥有丰富经验的投资人和企业家担任大学生创业导师并成立大学生众创空间冯林表示通过比赛继续发现和培养一批有创造力有创业激情的团队聘请创业导师对大学生创新创业进行指导吸引风投资金引导和扶持一批有创新性有市场前景的项目目前大连理工大学与万达集团共建创业实践基地组织大学生申请万达支持大学生创业项目已有余名学生成功入驻万达创业广场陆凯表示大连理工大学将继续激发学生创新创业激情培养学生的创业意识和创业能力营造大学生创新创业氛围让创新创业之花开满理工园责任编辑张平媛相关阅读复制网址打印每日推荐大学校园兴起创客风中国科学院名院士云集大工指导学校发展辽宁省首届互联网大学生创新创业大赛开幕互联网创新创业大赛见闻做未来的开拓者新商报辽宁省首届互联网大学生创新创业中国科学网达沃斯论坛青年科学家考察大连创客说创业引领更好的生活辽宁日报我省大学生角逐互联网创新创业大连日报辽宁省首届互联网大学生创新创大连日报理工大学科技园为企业进入资本市场架推荐视频钱令希诞辰百年纪录片发布预告年月日大工新闻学校隆重举行庆祝中国共产党成立周年大会为梦连理大连理工大学招生宣传片焦点图片毕业季校园里那抹亮色美女毕业生遇见特色学位服毕业季大学四年最遗憾的那些事毕业季最大工难忘凌工路号那件事大工建筑篇一你不得不知道的那些楼排行榜点击面孔师者迎新大数据在这里读懂迎新教师节告白留张合影念师恩研招进行时名师等你来材料科学与工程学学校领导视察年迎新工作学校召开全校干部大会部署新学期工作学校召开教师节表彰大会庆祝第个教师节教师党员贺高红学校欢送年新兵入伍军训动员大会吹响集结号级新生整装待发第一页内容缓存全文内容缓存根据设置字体大小并初始化按钮请选择投票选项最多允许选项单页阅读分页阅读单页阅读分页阅读控制内容区域的的图片大小并为过大的图片添加查看原图复制网址复制链接成功被浏览器拒绝请在浏览器地址栏输入并回车然后将设置为复制链接成功改变字号小本文地址电话版权所有大连理工大学新闻中心
-1
