http://news.dlut.edu.cn/article/2016/0714/67901.shtml
24
341
8
321
2
35
286
165
165
240
240
352
352
267
267
251
185
61
44
135
370
252
38
381
65
建艺学院举行筑梦艺行社会实践团成立仪式菁菁校园大工新闻网首页新闻图片视频报纸广播首页新闻菁菁校园正文建艺学院举行筑梦艺行社会实践团成立仪式作者建艺学院来源建艺学院时间点击年月日中午建筑与艺术学院暑期社会实践出征仪式暨筑梦艺行实践团成立仪式在建馆会议室举行学院副书记兼副院长于德刚老师学生工作办公室马琳张文老师院团学主席团成员院实践部以及所有年暑期社会实践队队长参加了本次仪式仪式由学院团委常务副书记庞晓萌主持建筑与艺术学院副院长兼副书记于德刚老师在讲话中代表学院对筑梦艺行实践团的成立表示祝贺同时对即将奔赴全国各地进行暑期社会实践的老师和同学们表示了良好的祝愿随后于老师对参加实践的同学们提出了希望在实践中提高自身综合素质在实践中提高学以致用的能力在实践中结下珍贵的友情最后于老师叮嘱大家一定要牢固树立安全第一的意识尤其是最近南方部分省市遭遇水灾要做好应急预案做好各项防护安全措施确保实践过程中的人身安全仪式伊始学院实践部部长安迎闯介绍了建艺学院年暑期社会实践的总体情况和组织特色其一是学院成立了筑梦艺行社会实践团其二是学院采用了团队分组联带的管理模式随后马琳老师宣读了学院年暑期社会实践精品团队和重点团队名单接着马琳和张文老师共同为年暑期社会实践队队长授旗之后学院团委书记张文老师从团队成立背景运行现状和未来发展三个方面介绍了筑梦艺行实践团的相关情况张老师希望各位同学积极参与到筑梦艺行实践团的建设中共同用科学的规划合理的模式持续的投入将它建设成为建艺社会实践建艺团学乃至大工校园文化的一面旗帜接着筑梦艺行实践团指导老师马琳张文为实践团授牌和授旗最后大连理工大学赴张家港暑期社会实践队队长聂大为代表全体实践队员发言号召同学们珍惜暑期社会实践机会在实践中接受锻炼经受考验增长才干奉献智慧爱心贡献青春力量展现建艺学子的良好精神风貌据悉今年暑期社会实践建艺学院共成立了支实践队覆盖个省市自治区参与同学总计人支队伍中含支校精品团队支校重点团队涵盖了学校重点活动的五个实践主题和专项活动的个实践主题建艺学子将紧紧围绕学校青春建功十三五携手共筑中国梦的实践主题运用专业知识深入基层用知识丈量国家深度用行动践行家国梦想与祖国同行以科教兴世附筑梦艺行实践团简介十八大以来国家正在进行新型城镇化战略和解决三个亿人的问题即亿农民工进城亿中西部地区城镇化亿城市棚户区改造在这个大背景下根据大学生社会实践的宗旨目标学院团委结合学校兄弟学部学院好的做法决定推动大学生社会实践活动三个转变由宽泛社会主题向聚焦专业主题转变由学生自由参加向年级联动专业联动师生联动转变由寒暑假实践向贯穿全年常态化转变为了实现这三个转变促使建艺社会实践活动提质增效打造社会实践品牌建艺学院团委决定成立筑梦艺行实践团筑梦艺行实践团的理念是实践育人知行合一口号是大工匠人与美丽中国同行年暑期社会实践筑梦艺行实践团成立了支实践分队分别赴张家港支山村进行传统村落保护赴大连进行东关街改造赴沈阳进行棚户区改造赴大连进行城市交通规划调研赴邯郸进行红色建筑保护目的就是希望大家用专业所学为城市病把好脉为棚户区点亮希望为小城镇规划建言献策为新农村建设贡献力量其中支队伍被立为校精品团队剩余支被立为校重点团队筑梦艺行实践团在未来的发展上主要是向三个方向努力在团队建设上要尽快形成团队一系列规章制度确定团队队员招募管理考核办法在团队运行上要尽快形成以一学年为单位的团队队员管理模式和以学期中提升专业技能寒暑假走出校园实践的团队活动模式在团队管理上形成专业教师与辅导员老师共同指导学生自主管理自主运行的模式责任编辑张平媛复制网址打印每日推荐建艺学院举行筑梦艺行社会实践团成立仪式副校长朱泓率团访问白俄罗斯国立大学推进两校合作建党周年王立鼎院士与两岸学子分享科研历程我校论文被计算机视觉及模式识别领域国际顶尖期刊两学一做盘锦校区党工委召开专题二学习研讨会东北新闻网年青少年高校科学营大连理工大打造多元化精英咨询团队开拓招生宣传工作新局面央广网大连理工大学位院士指导名少年工程人民网年青少年高校科学营大连理工大学分推荐视频钱令希诞辰百年纪录片发布预告年月日大工新闻学校隆重举行庆祝中国共产党成立周年大会为梦连理大连理工大学招生宣传片焦点图片毕业季校园里那抹亮色美女毕业生遇见特色学位服毕业季大学四年最遗憾的那些事毕业季最大工难忘凌工路号那件事大工建筑篇一你不得不知道的那些楼排行榜点击落实十三五发展规划推动学校发展实现新校友许宪平调任通用技术集团董事长基建进行时学校基本建设正在加紧推进中大连理工大学校友会新增国际化成员加强马克思主义学院建设培养信仰坚定的优秀郭东明校长应邀出席中俄大学校长峰会并作主题为母校成就自豪助母校实现腾飞大连理工大学附属学校举行届学生毕业典礼大连理工大学援梦专列再次启程年青少年高校科学营大连理工大学分营开营第一页内容缓存全文内容缓存根据设置字体大小并初始化按钮请选择投票选项最多允许选项单页阅读分页阅读单页阅读分页阅读控制内容区域的的图片大小并为过大的图片添加查看原图复制网址复制链接成功被浏览器拒绝请在浏览器地址栏输入并回车然后将设置为复制链接成功改变字号小本文地址电话版权所有大连理工大学新闻中心
-1
