http://news.dlut.edu.cn/article/2016/0617/67315.shtml
11
177
319
137
165
165
240
240
352
352
267
267
大工人物陈晓晖因为热爱所以坚守综合新闻大工新闻网首页新闻图片视频报纸广播首页新闻综合新闻正文大工人物陈晓晖因为热爱所以坚守专访高校思想政治理论课教师年度影响力提名人物我校马克思主义学院教师陈晓晖作者姜雪学生记者王一迪来源宣传部新闻中心时间点击我很荣幸成为了一名思想政治理论课教师因为我深深地感受到了这份职业所赋予的神圣使命我十分珍爱这个讲台一个能够让我和学生的思想对话的平台我最大的愿望就是通过课堂讲授和身体力行对学生会有一些影响哪怕是很小的影响能够帮助他们树立正确的人生观和价值观陈晓晖从年至今因为一份热爱一份信仰一份执着陈晓晖在思想政治理论课教学一线一做就是年她在大学生思想的田野里辛勤耕耘默默奉献播下信仰的火种用心培育使之开花结果勤恳教书将理论知识生动化高校思想政治理论课教师是国家主导意识形态的传播者高校思想政治教育的直接实施者和学生健康成长的引领者陈老师的思政课与我们想象的不同一点儿也不枯燥反而能与实践联系起来感觉与生活很贴近而且她鼓励我们多讨论在思想碰撞中成长成熟为了使教学能够鲜活生动陈晓晖针对学生关心关注的热点难点问题将理论与实际联系起来解决学生的思想困惑得到学生们的称赞她主讲的本科生思政课被评为辽宁省精品资源共享课讲课中陈晓晖注重把爱国主义理想信念教育贯穿教学始终指导学生树立正确的世界观人生观价值观我一直希望可以将课堂变成一个学生各抒己见的舞台表达出自己的观点这可以帮助学生逐步形成一个正确的成熟的价值观与人生观也是自己一直以来当作使命与责任的事情正因为看到了理论与实践结合的重要性陈晓晖鼓励学生课上表达自己的观点并积极和学生在课下进行深入的延展性探讨通过讨论和交流潜移默化地将中国特色社会主义的道路与理论传授给学生为了更好地促进教师课堂教学向学生自我教育转化陈晓晖带领全院教师积极进行思政课教学方法改革组织实践并归纳总结出了大班授课小班讨论大班交流的教学模式为中宣部教育部相关政策制定提供了有益参考为推动思政课教学改革积累了宝贵的经验同时也实现了辅导员与思政课教师两支队伍的有机融合提升了思政课教育教学的说服力和影响力此教学模式将整体教学转化为个别教学充分调动了学生学习思政课的积极性和主动性深受学生欢迎踏实做事学生工作与教学工作两手抓作为一名双肩挑的思政理论课教师陈晓晖感觉身上的担子很重但是无论怎样她始终坚持全力以赴踏实认真老老实实做人踏踏实实做事一直是她的原则作为主管教学工作的副院长陈晓晖有效承担起全院的教学管理工作支持鼓励全院教师创新教学方式方法提升教学质量就像马克思主义学院刘志礼老师说的她最大的特点就是细致入微小到一个课件的整理大到学科方向的把握在全院教师的共同努力下我校门思政课有门获评国家精品课国家精品资源共享课门获评辽宁省精品课辽宁省精品资源共享课马轶伦作为刚入职不久的青年教师十分感动于陈晓晖对于自己的指导从入职前的试讲到平时上课陈老师都会非常严谨认真地指导我包括我讲课时的语态和语速她的指导特别的细致与严格让我收获很多成长很快作为团队里的老人陈晓晖非常注重青年教师培养形成以老带新资源共享集体备课等稳定培养机制并取得了显著成绩学生工作对陈晓晖来说并不陌生年她就开始做人文学院兼职辅导员并自年起连续年作为副书记兼副院长负责学生工作她把除了上课之外的几乎所有时间都用在了学生工作上级马克思主义基本原理专业的学生丛培鑫说我们眼中的陈老师是非常忙碌的总是会看到她一路小跑连吃饭也是匆匆忙忙的在陈晓晖和几位辅导员的共同努力下人文学院曾连续次获评校园文化活动与建设先进单位连续年获评校学生工作先进集体连续次获评基础文明建设先进单位并获评党建与思想政治工作先进单位扶贫助学工作先进单位朴实为人用心传递爱与温暖陈晓晖待人热情为人实在用同事刘志礼的话说像老大姐一样平易近人陈晓晖体恤青年教师去软件学院上课的时候她会帮助青年教师提前熟悉软件学院的情况并帮忙做一些课前准备以便让青年教师多点时间吃早饭先做人再做学问是陈晓晖对所带的每个硕士生的共同要求学业上她针对每个学生的不同特点悉心指导生活中她结合点滴小事教学生如何做人她的学生获评国家奖学金大连市优秀毕业生校优秀硕士学位论文优秀研究生等荣誉称号人次丛培鑫提起陈晓晖在给自己学业上的指导时说有时候晚上十一点给老师发论文凌晨一两点的时候会收到老师满是批注的回信他感慨于老师的敬业与负责同时也感受到了老师对他的用心陈晓晖带的级马克思主义中国化专业的研究生胡冉冉来自农村家庭刚入学时她对生活和学业有太多的紧张与顾虑胡冉冉说第一次发邮件的时候我直接发了附件没有任何说明老师手把手教我如何写信件的主体部分还告诉我这是礼貌待人的细节体现不仅仅是学业上陈晓晖还在生活上给了胡冉冉许多的温暖老师不单单和我们交谈学术也关心我们的生活她会主动问起我家里情况父母身体感觉老师更像是妈妈陈晓晖的几个研究生家里经济都很困难考博面试路费不足换季需要添衣服家里修房子缺钱甚至学生登记买房的首付款不足她都在第一时间帮助解决对于陈晓晖来说学生都是她的孩子她把全部的精力都放到了这些孩子身上但是对家人的疏忽也成了她最大的愧疚不过我并不后悔相信有一天他们会理解我的这是她一直以来的期盼鹤发银丝映日月丹心热血沃新花陈晓晖作为马克思主义理论的研究者传播者和践行者在向学生传播党的理论和真理的同时也在通过自身言行影响着周围的人年如一日的坚守矢志不渝的是心中那份对教师岗位的热爱复制网址打印每日推荐大工人物陈晓晖因为热爱所以坚守大工管理公益讲堂打破时间与空间界限的数字化生两学一做建艺学院毕业生党员重温入党誓词牢记两学一做运载学部举办本科生党员知识竞赛之传两学一做人文学部举行党支部书记学习教育专项第二届滨城夏都三城发现之旅落幕郑州航空工业管理学院校长李勇一行访问我校两学一做向实践学向基层学向榜样学做学习遵守党章的模范做严守党规党纪的表率紧抓机遇直面挑战统筹推进学校双一流建设推荐视频钱令希诞辰百年纪录片发布预告年月日大工新闻学校隆重举行庆祝中国共产党成立周年大会为梦连理大连理工大学招生宣传片焦点图片毕业季校园里那抹亮色美女毕业生遇见特色学位服毕业季大学四年最遗憾的那些事毕业季最大工难忘凌工路号那件事大工建筑篇一你不得不知道的那些楼排行榜点击返校日组图凝聚校友情怀的温情瞬间返校日感动集体婚礼共赴连理之约大连理工大学年自主招生考试顺利举行返校日感怀重走大工路用脚步丈量母校卓越大学联盟高校名青年教师在大工比拼教郭东明校长会见科技部基础司副司长郭志伟一行迎接全国第四轮学科评估系列报道七返校日感恩寄情电话亭记录师生情深盘锦校区第二届校园文化节盛装启幕扎实推进求实效注重摸索出特色以两学一第一页内容缓存全文内容缓存根据设置字体大小并初始化按钮请选择投票选项最多允许选项单页阅读分页阅读单页阅读分页阅读控制内容区域的的图片大小并为过大的图片添加查看原图复制网址复制链接成功被浏览器拒绝请在浏览器地址栏输入并回车然后将设置为复制链接成功改变字号小本文地址电话版权所有大连理工大学新闻中心
-1
