http://news.dlut.edu.cn/article/ztxw/0713/67902.shtml
25
160
190
254
321
2
35
65
252
165
165
240
240
352
352
267
267
185
251
61
44
266
370
135
38
381
建党周年专题新闻大工新闻网首页新闻图片视频报纸广播首页新闻专题新闻正文建党周年来源宣传部新闻中心时间点击我志愿加入中国共产党拥护党的纲领遵守党的章程履行党员义务执行党的决定严守党的纪律保守党的秘密对党忠诚积极工作为共产主义奋斗终身随时准备为党和人民牺牲一切永不叛党掷地有声的铮铮誓言响彻刘长春体育馆月日下午学校隆重举行庆祝中国共产党成立周年大会在校党委书记王寒松的带领下从刚入党几个月的学生到入党已几十年的离退休教工学校近名师生党员在庄严的党旗下举起右手重温入党誓言坚定理想信念铭记使命担当要为中华民族的伟大复兴为我校全面推进特色鲜明的世界一流大学建设而努力奋斗盘锦校区软件学院城市学院设立分会场通过同步直播与主校区师生党员共同宣誓大会由校长郭东明院士主持原校党委书记金同稷原校长程耿东原校党委书记张德祥以及学校领导班子成员党委常委出席大会并在主席台就座全校师生党员离退休党员代表学校民主党派及无党派人士代表参加大会延伸阅读建党周年机械工程学院召开庆祝大会建党周年表彰先进向身边的榜样看齐建党周年化环生学部老党员访谈发扬党员带头作用建党周年建工学部举行专题党课报告会建党周年机械学子重走长征路纪念党的生日建党周年机关党委举办系列党课活动建党周年人文党委四个一推动系列活动见成效建党周年附属高中表彰优秀党员暨先进事迹宣讲建党周年物理学院组织庆祝建党周年系列活动建党周年盘锦校区师生开展系列纪念活动建党周年青春筑梦责任担当向着信仰奋然前行组图心声师生热议习总书记建党周年讲话建党周年建工学部多种形式为党送祝福建党周年创新党日铸特色表彰宣誓树典型建党周年外语学院开展庆七一系列活动建党周年离退休党委走访慰问入党年老党员建党周年建筑与艺术学院举办党旗飘飘系列纪念活动建党周年学校组织师生集中收看习近平总书记七一重要讲话建党周年学校统一战线举行主题报告会建党周年以典型引路为党旗添彩建党周年机关党委召开庆七一暨两优一先表彰大会建党周年离退休党委召开表彰大会庆祝党的生日组图建党周年优秀共产党员党务工作者掠影建党周年崇尚宗旨担当作为忠诚党的教育事业建党周年献身崇高事业共谱壮丽篇章建党周年把心交给学生的良师建党周年以党建品牌为引领建设学习型服务型创新型机关建党周年建设工程学部举行系列纪念活动建党周年软件学院召开两优一先表彰大会建党周年学科发展的带头人学部党建的领路人建党周年求真务实创基业敢为人先谋发展建党周年抓党建树新风谱写基层组织建设新篇章建党周年实干与创新并重融合和延伸并举责任编辑张平媛复制网址打印每日推荐建党周年王立鼎院士与两岸学子分享科研历程我校论文被计算机视觉及模式识别领域国际顶尖期刊两学一做盘锦校区党工委召开专题二学习研讨会东北新闻网年青少年高校科学营大连理工大央广网大连理工大学位院士指导名少年工程人民网年青少年高校科学营大连理工大学分年青少年高校科学营大连理工大学分营开营为母校成就自豪助母校实现腾飞辽宁日报大工后毕业生梁宇主动申请进藏工推荐视频钱令希诞辰百年纪录片发布预告年月日大工新闻学校隆重举行庆祝中国共产党成立周年大会为梦连理大连理工大学招生宣传片焦点图片毕业季校园里那抹亮色美女毕业生遇见特色学位服毕业季大学四年最遗憾的那些事毕业季最大工难忘凌工路号那件事大工建筑篇一你不得不知道的那些楼排行榜点击校友许宪平调任通用技术集团董事长落实十三五发展规划推动学校发展实现新基建进行时学校基本建设正在加紧推进中大连理工大学校友会新增国际化成员王凤海校友出任大商所党委副书记总经理郭东明校长应邀出席中俄大学校长峰会并作主题加强马克思主义学院建设培养信仰坚定的优秀大连理工大学附属学校举行届学生毕业典礼大工学子获评全国十佳未来水利之星全大连理工大学援梦专列再次启程第一页内容缓存全文内容缓存根据设置字体大小并初始化按钮请选择投票选项最多允许选项单页阅读分页阅读单页阅读分页阅读控制内容区域的的图片大小并为过大的图片添加查看原图复制网址复制链接成功被浏览器拒绝请在浏览器地址栏输入并回车然后将设置为复制链接成功改变字号小本文地址电话版权所有大连理工大学新闻中心
-1
