http://news.dlut.edu.cn/article/2016/0625/67484.shtml
14
234
269
165
165
240
240
352
352
267
267
254
20
190
70
坚持党的领导加强党的建设为全面推进特色鲜明的世界一流大学建设努力奋斗学校要闻大工新闻网首页新闻图片视频报纸广播首页新闻学校要闻正文坚持党的领导加强党的建设为全面推进特色鲜明的世界一流大学建设努力奋斗学校隆重举行庆祝中国共产党成立周年大会作者姜雪来源宣传部新闻中心时间点击核心提示月日下午学校召开庆祝中国共产党成立周年大会在校党委书记王寒松的带领下从刚入党几个月的学生到入党已几十年的离退休教工学校近名师生党员在庄严的党旗下举起右手重温入党誓言坚定理想信念铭记使命担当要为中华民族的伟大复兴为我校全面推进特色鲜明的世界一流大学建设而努力奋斗我志愿加入中国共产党拥护党的纲领遵守党的章程履行党员义务执行党的决定严守党的纪律保守党的秘密对党忠诚积极工作为共产主义奋斗终身随时准备为党和人民牺牲一切永不叛党掷地有声的铮铮誓言响彻刘长春体育馆月日下午学校隆重举行庆祝中国共产党成立周年大会在校党委书记王寒松的带领下从刚入党几个月的学生到入党已几十年的离退休教工学校近名师生党员在庄严的党旗下举起右手重温入党誓言坚定理想信念铭记使命担当要为中华民族的伟大复兴为我校全面推进特色鲜明的世界一流大学建设而努力奋斗盘锦校区软件学院城市学院设立分会场通过同步直播与主校区师生党员共同宣誓大会由校长郭东明院士主持原校党委书记金同稷原校长程耿东原校党委书记张德祥以及学校领导班子成员党委常委出席大会并在主席台就座会上校党委常务副书记姜德学宣读中共大连理工大学委员会关于表彰年度优秀共产党员优秀党务工作者先进基层党组织最佳党日优秀项目的决定共名优秀共产党员名优秀党务工作者个先进基层党组织个最佳党日优秀项目获得表彰学校优秀共产党员代表运载工程与力学学部郭旭校优秀共产党员代表外国语学院级硕士研究生石杰先进党委代表建设工程学部党委书记杨庆先进党支部代表党委宣传部新闻中心党支部书记侯庆敏作为代表分别发言校党委书记王寒松在大会上发表讲话对全校各级党组织党员干部和全校共产党员提出要求要感悟党的丰功伟绩树立高度的历史自觉政治自觉和党性自觉要加强党的领导坚持正确办学方向要加强党的建设推动学校事业发展要推进全面从严治党增强党的凝聚力和战斗力坚定不移地坚持党的领导全面加强党的建设把建设特色鲜明的世界一流大学事业全面推向前进王寒松书记强调要感悟党的丰功伟绩树立高度的历史自觉政治自觉和党性自觉要善于总结历史经验接受历史启迪树立深厚的历史自觉善于站在今天的高度看待政治使命树立高度的政治自觉善于对照党章升华思想认识树立清醒的党性自觉王寒松书记指出要加强党的领导坚持正确办学方向要始终坚持立德树人通过制度建设文化建设师德师风及学风建设强化社会主义核心价值观的培育和践行努力提升学生思想政治教育科学化精细化和信息化水平增强工作的针对性实效性和亲和力感染力加强思想政治理论课程和师资队伍建设加强辅导员队伍专业化职业化建设要始终坚持教书育人以德立身以德施教做有理想信念有道德情操有扎实知识有仁爱之心的好老师党员教师更要发挥模范带头作用做合格的共产党员和优秀的人民教师要牢牢掌握意识形态工作领导权话语权全校各级党政组织要切实担负起主体责任广大党员教师要站在国家发展民族振兴社会稳定的高度促进哲学社会科学发荣发展增强阵地意识严守纪律建设好课堂论坛网络等阵地要敢于坚持真理反对谬误要坚持和完善党委领导下的校长负责制不断完善党委领导校长负责教授治学民主管理的治理体系通过全面深化综合改革破解学校发展的体制机制障碍建设现代大学制度促进依法治校按章办学要汇聚一流大学建设的强大合力加强党的统战工作落实各级党委主体责任充分发挥民主党派和统战团体的重要作用做好党外知识分子工作加强对教代会工会团委学生会研究生会的领导充分发挥他们的桥梁纽带作用王寒松书记强调要加强党的建设推动学校事业发展必须坚持两个牢牢把握一是要牢牢把握坚决贯彻中央要求着眼于国家战略部署和党的教育方针切实增强广大党员思想自觉和行动自觉二是要牢牢把握紧密结合学校实际着力解决学校事业发展中存在的突出问题使学校党的建设与事业发展紧密结合协调推进必须加强学校党组织建设要加强学校党委自身建设班子成员要牢固树立四个意识做好十个带头按照社会主义政治家教育家的要求打造务实清廉担当的领导班子集体发挥好党委领导核心作用要强化二级党组织功能建设二级党组织要突出政治功能切实发挥政治核心作用要切实抓好党支部建设规范指导党支部活动加强党支部书记培训为党支部功能发挥提供保障要善于总结实践经验形成比学赶帮超的积极氛围提高基层党的建设水平要充分发挥党支部战斗堡垒作用党支部要严格规范组织生活加强自身功能建设落实好两学一做各项任务全校党支部书记要善于把握学校中心任务立足本单位创造性地开展工作使每个党支部都成为严肃认真生动活泼既有战斗力又有凝聚力的战斗堡垒王寒松书记指出推进学校事业发展关键在干部广大干部要强化政治意识大局意识核心意识看齐意识要牢记党的宗旨心系广大师生要加强能力建设和作风建设要强化一岗双责推动学校事业发展每一名共产党员要义不容辞地发挥先锋模范作用做合格党员要加强学习和理论武装强化党的意识党员意识坚守共产党人的政治品格体现共产党人的政治觉悟做特别能奉献特别能负责特别能自觉特别能战斗特别能团结的先锋模范王寒松书记要求要推进全面从严治党增强党的凝聚力和战斗力必须严明党的纪律把遵守政治纪律和政治规矩放在突出的位置必须自觉践行监督执纪四种形态真正体现对党员的严格要求和关心爱护必须持之以恒地加强作风建设以纪律思维解决作风问题坚决贯彻执行廉洁自律准则必须严格管理干部从严教育培养从严选拔任用从严监督管理把从严治党的要求落实到干部工作全过程为学校改革发展提供坚强的组织保证必须加强制度建设将制度覆盖管党治校办学全过程增强全体党员的制度自觉培养全校师生遵守制度的行为习惯把强化执行摆到更加突出位置确保各项规定真正成为刚性约束必须严格落实两个责任进一步明晰主体责任和监督责任清单以管党治党的实际成效为实现学校总体目标提供坚强保障讲话最后王寒松书记号召全体党员紧密团结在以习近平同志为总书记的党中央周围坚持党的领导加强党的建设切实肩负起时代赋予我们的光荣使命为实现建设一流大学的目标为实现中华民族伟大复兴的中国梦而努力奋斗郭东明校长在主持会议时强调全校各级党组织和广大党员要认真学习深刻领会贯彻落实王寒松同志的讲话精神要将入党誓词谨记在心自觉践行各党支部要认真组织收看中央将于月日召开的庆祝中国共产党成立周年大会学习研讨习近平总书记在大会上的重要讲话按照两个牢牢把握的原则把坚决学习贯彻总书记讲话精神与做好学校各项工作紧密结合起来勇于担当作为发挥先锋模范作用为我校双一流建设做出更大贡献大会在庄严的国际歌中闭幕我校离退休教师马宽在宣誓后难以抑制激动的心情他说重温誓言不忘初心我入党年了重温入党誓言要不忘入党初心坚守共产党员的精神家园牢记责任不忘传承为传承党和人民的事业传承我校的优良传统帮助青年学生扣好人生的第一个扣子做点力所能及的事已经有着年党龄的我校优秀共产党员称号获得者罗均炎也动情地说重温誓言我很激动作为一名老党员我还会继续老有所为发挥一名共产党员的先锋作用沿着中国特色社会主义道路为实现两个百年梦和中华民族的伟大复兴继续贡献力量机械工程学院张振宇教授说道跟随王书记重温入党誓词再次体验激情的青春让我感受到讲政治有信念的力量同时再次感受到教书育人和科学研究的责任重大今后我将更积极工作实现自己的人生价值也为实现中华民族的伟大复兴贡献自己的微薄之力刘冬艺是一名在校学生他说通过此次表彰会我们看到了很多身边的榜样要向他们学习学习先进争当先进赶超先进作为一名学生党员我们要坚定信念对党忠诚拼搏奉献严于律己并积极帮助身边有困难的同学要敢于亮出党员身份做一名合格党员全校师生党员离退休党员代表学校民主党派及无党派人士代表参加大会责任编辑龙海波相关阅读复制网址打印每日推荐大连日报井冈山精神专家谈大连日报重温入党誓词牢记宗旨信念大连晚报大连理工大学成立创业新媒体中心青岛日报大连理工新能源材料研究院入驻蓝色硅青岛网络电视台蓝色硅谷再添生力军大连理工凤凰网大连理工青岛新能源材料技术研究院新商报充分发挥大连在辽宁全面振兴中的排头兵大连晚报听他的现场观众都成最强大脑新生案例分析实践课商学院的学生如何预测未两学一做运载机关第二党支部以考试检验学习效推荐视频钱令希诞辰百年纪录片发布预告年月日大工新闻学校隆重举行庆祝中国共产党成立周年大会为梦连理大连理工大学招生宣传片焦点图片毕业季校园里那抹亮色美女毕业生遇见特色学位服毕业季大学四年最遗憾的那些事毕业季最大工难忘凌工路号那件事大工建筑篇一你不得不知道的那些楼排行榜点击面孔优秀共产党员党务工作者掠影辽宁省委书记李希视察大连理工大学组图心声师生热议习总书记建党周年校长郭东明会见荆楚理工学院校长谭晓明中组部两学一做学习教育督导组到大工实地辽宁省社科联主席孙成杰一行来我校调研评论党旗猎猎别样红誓言铮铮壮征程加强党性锤炼做忠诚干净担当的好干部钱令希院士诞辰百年系列纪念活动将掀高潮建党周年学校组织师生集中收看习近平总第一页内容缓存全文内容缓存根据设置字体大小并初始化按钮请选择投票选项最多允许选项单页阅读分页阅读单页阅读分页阅读控制内容区域的的图片大小并为过大的图片添加查看原图复制网址复制链接成功被浏览器拒绝请在浏览器地址栏输入并回车然后将设置为复制链接成功改变字号小本文地址电话版权所有大连理工大学新闻中心
-1
