http://news.dlut.edu.cn/article/2016/0809/68551.shtml
28
177
109
117
328
111
282
125
359
31
188
165
165
240
240
352
352
267
267
125
130
184
282
188
359
12
15
31
159
海洋能源利用与节能教育部重点实验室召开学委会会议综合新闻大工新闻网首页新闻图片视频报纸广播首页新闻综合新闻正文海洋能源利用与节能教育部重点实验室召开学委会会议来源能源与动力学院时间点击月日上午大连理工大学海洋能源利用与节能教育部重点实验室召开第二届学术委员会第二次会议会议由出席学术委员会主任金红光院士主持学术委员会副主任杨勇平教授谈和平教授骆仲泱教授姜培学教授尧命发教授陈光进教授等委员参加了会议学校党委常委副校长兼重点实验室主任宋永臣教授代表学校致辞科学技术研究院副院长姚伟岸教授能源与动力学院沈胜强教授以及实验室部分成员列席了本次会议宋永臣向学术委员会委员颁发了聘书并代表学校感谢学术委员会委员对海洋能源利用与节能教育部重点实验室建设发展以及科学研究人才培养等方面给予的指导和支持宋永臣从实验室研究架构研究队伍及人才培养研究成果与贡献未来工作展望等方面向学术委员会汇报了学委会第一次会议后实验室的工作情况王大勇教授郝亮副教授杨明军副教授以及田江平副教授代表中青年学术骨干分别作了专题研究进展报告在听取汇报后委员们对实验室在基础研究和应用转化等方面取得的丰硕成果十三五计划中项目的承担以及中青年学术骨干和研究生培养等方面给予了充分肯定另外委员们对实验室的研究框架人员结构与培养以及结合国家重大需求抓住发展机遇等多个方面提出了中肯的建议和意见委员们勉励实验室聚焦国际科学前沿和国家重大需求根据学科的发展整合现有的研究体系凝练核心方向强调海洋能源开采和利用的特色委员们还建议重点实验室进一步加强青年人才的培养为青年人才的发展提供良好的平台为实验室可持续发展培养后备人才最后学术委员会主任金红光院士做了会议总结希望实验室始终以建立高水平国家级研究基地为目标瞄准国际科学研究前沿以解决国家重大急需为研究理念建设高水平科研平台提高创新团队和创新人才培养的质量怀着各位委员和领导建议与鼓励实验室成员必将勠力同心把实验室建设得更好更强责任编辑张平媛复制网址打印每日推荐海洋能源利用与节能教育部重点实验室召开学委会会我校再获辽宁省大学生电子设计竞赛最高奖杯实践在路上躬身企业行笃志中国梦实践在路上怀报国之志行实践之路做合格党我校在耐酸沸石膜微观结构的设计与调控研究取得新郭东明校长会见大连公交集团董事长孙明一行罗均炎同志逝世学校组织召开科技成果研讨会实践在路上走进企业长才干扬帆起航京津冀我校在构建高性能锂离子电池负极材料研究取得新进推荐视频钱令希诞辰百年纪录片发布预告年月日大工新闻学校隆重举行庆祝中国共产党成立周年大会为梦连理大连理工大学招生宣传片焦点图片毕业季校园里那抹亮色美女毕业生遇见特色学位服毕业季大学四年最遗憾的那些事毕业季最大工难忘凌工路号那件事大工建筑篇一你不得不知道的那些楼排行榜点击罗均炎同志逝世给科研人员松绑加油中办国办印发关于进一步完善中央财政科研郭东明校长会见大连公交集团董事长孙明一行我校在构建高性能锂离子电池负极材料研究取得学校组织召开科技成果研讨会大工代表队勇夺全国电子商务三创赛总决赛实践在路上赴渝见证传统制造业老树发新实践在路上走进企业长才干扬帆起航京津新兴电子商务的信息与物流管理教育部创新第一页内容缓存全文内容缓存根据设置字体大小并初始化按钮请选择投票选项最多允许选项单页阅读分页阅读单页阅读分页阅读控制内容区域的的图片大小并为过大的图片添加查看原图复制网址复制链接成功被浏览器拒绝请在浏览器地址栏输入并回车然后将设置为复制链接成功改变字号小本文地址电话版权所有大连理工大学新闻中心
-1
