http://news.dlut.edu.cn/article/yaowen/2.shtml
74
33
234
177
341
195
145
242
268
143
56
127
101
67
134
160
145
242
268
143
56
127
101
67
134
160
138
81
71
19
234
370
135
32
60
20
131
322
279
234
234
54
95
213
122
78
54
274
162
220
73
329
139
315
63
225
308
165
165
240
240
352
352
267
267
277
167
139
208
109
308
329
191
376
97
学校要闻大工新闻网每日推荐字体大小设置清除背景颜色效果边框清除栏目内容文字居左设置调整宽度是注意对应左边栏文字居左设置导航目录颜色调整设置宣传部站群海燕网星海夜话手机版新闻线索预约采访会员投稿留言板学校要闻综合新闻菁菁校园新闻聚焦校园视点信息预告媒体大工领导论坛大工人物校友之声学术动态大工往事部院风采合作交流专题新闻校园视点信息预告媒体大工领导论坛大工人物校友之声学术动态大工往事部院风采合作交流专题新闻精彩瞬间光影四季人文艺术校史钩沉第一时间大工新闻在你身边专题报道校园文艺校园拍客今日大工大工讲坛关于团队校史故事品学校园文艺校园拍客今日大工大工讲坛关于团队校史故事品学十七点播报广播台新闻节目综艺节目外文节目专题节目广播剧下载首页新闻学校要闻郭东明校长应邀出席中俄大学校长峰会并作主题演讲年月日加强马克思主义学院建设培养信仰坚定的优秀人才年月日以保平安促发展为目标扎实做好校园安全保卫工作年月日严守党的政治纪律和政治规矩做政治上的明白人年月日学习贯彻习近平七一重要讲话精神推动学校事业新发展年月日七一前夕学校领导走访慰问老领导老党员和生活困难党员年月日中组部人才工作局领导来校看望千人计划万人计划专家年月日辽宁省委书记李希视察大连理工大学年月日辽宁省社科联主席孙成杰一行来我校调研年月日校长郭东明会见荆楚理工学院校长谭晓明年月日中组部两学一做学习教育督导组到大工实地督导年月日加强党性锤炼做忠诚干净担当的好干部年月日钱令希院士诞辰百年胡文瑞院士做客大工讲坛解读引力波奥秘年月日严守政治纪律和政治规矩围绕学部发展履职尽责年月日校党委书记王寒松在全校庆祝中国共产党成立周年大会上的讲话年月日爱尚大工学校举行年本科招生咨询会年月日坚持党的领导加强党的建设为全面推进特色鲜明的世界一流大学建设努力奋斗年月日进一步加强基层党组织建设助推学部快速发展年月日学校召开第十届学位评定委员会第十次会议年月日学校领导与毕业生共进午餐情浓意切送祝福年月日上一页下一页每日推荐东北新闻网第十一届工业爆炸与安全防护国际学我校马克思主义学院思政课教学改革工作受媒体广泛中国教育报将信仰写在思政课堂上记大连理工深入学习领会中央省委市委精神要求确保学习教育学校召开党委全委会校长郭东明到基层党支部讲党课中国科学报好故事救活思政课天健网大连理工大学讲好故事激活思政课央广网第十一届工业爆炸与安全防护国际学术会第三届全国颗粒材料计算力学会议在大连理工大学召推荐视频钱令希诞辰百年纪录片发布预告年月日大工新闻学校隆重举行庆祝中国共产党成立周年大会为梦连理大连理工大学招生宣传片焦点图片毕业季校园里那抹亮色美女毕业生遇见特色学位服毕业季大学四年最遗憾的那些事毕业季最大工难忘凌工路号那件事大工建筑篇一你不得不知道的那些楼排行榜点击全国人工环境相关学科博士生导师研讨会在我校美国密歇根大学副校长胡仕新教授应邀作专题报校长郭东明到基层党支部讲党课第十一届工业爆炸与安全防护国际学术会议在大我校再获辽宁省大学生电子设计竞赛最高奖第三届全国颗粒材料计算力学会议在大连理工大学校召开党委全委会我校在人类乳腺癌治疗策略的研究中取得新进展实践在路上访江浙沪企业悟学思礼心得实践在路上深入企业了解发展前沿全面促电话版权所有大连理工大学新闻中心
-1
