http://news.dlut.edu.cn/article/2015/0918/63030.shtml
10
127
165
165
240
240
352
352
267
267
55
第九届道路与机场铺面技术国际会议在大连闭幕学术动态大工新闻网首页新闻图片视频报纸广播首页新闻学术动态正文第九届道路与机场铺面技术国际会议在大连闭幕作者陈静云孟秀英来源建设工程学部时间点击近日由国际铺面工程委员会大连理工大学联合主办的第九届道路与机场铺面技术国际会议在大连世界博览广场顺利举行我校建设工程学部道路工程研究所陈静云教授担任大会主席来自美国英国澳大利亚意大利瑞士新加坡韩国日本泰国印度等个国家和地区的多位国内外道路与机场铺面领域专家学者参加会议会议由中国公路学会中国民航大学同济大学东南大学哈尔滨工业大学长安大学华南理工大学苏交科协办来自美国材料试验协会中华铺面工程学会美国交通运输研究委员会美国土木工程协会国际华人基础设施协会国际路面研究和技术杂志国际路联国际沥青路面学会中国公路学会中国土木工程学会交通运输部公路科学研究所等以及多所国内外道路领域知名大学的研究学者齐聚一堂对路面设计及修建新技术路面材料性能分析铺面材料再生及节能新技术新型功能型路面等议题进行了深入的交流与探讨并展示了当今国际上该领域的先进发展经验和技术本次会议主要议题立足于道路与机场工程领域展示新的学术理念交流新技术整合新创意研究新发展趋势探讨面临问题和挑战及相应的解决方法会议的议题鲜明内容丰富形式多样主要有开幕式主旨发言高峰论坛分议题分会场国际华人基础设施专家协会论坛智能压实研讨会欢迎晚宴闭幕晚宴以及技术与文化考察等内容月上午的主旨发言和月上午的高峰论坛邀请了名在道路与机场工程领域享有盛誉的国内外专家做了主旨发言分别就路面材料及结构研究发展现状及未来趋势可持续性机场道面的研究与发展灾后交通基础设施重建关键技术等重大议题及相应技术进行了报道月日和下午会议分为个分题会场覆盖了路面设计评估和性能路面材料特征可持续发展的铺面工程路面管理养护和修复技术机场铺面新技术及功能性路面等研究方向为全球道路与机场工程研究领域的专业人士提供一个良好的信息交流平台与会专家学者通过会议研讨互相分享各自领域中的研究经验促进了技术成果及技术创新等方面的交流会议期间国内外华人学者还举行了国际华人基础设施专家协会论坛该研讨会分别就交通基础设施的研究现状及未来研究趋势和道路设计建筑和养护中的质量控制和验收两个议题进行了讨论并在国内会议中首次以问答的形式举行两个议题分别邀请了名知名的华人学者台上名学者首先介绍了自己的研究领域然后一起与台下的参会学者进行问答形式的互动该形式让现场讨论气氛异常火热吸引了众多参会学者碰撞出更多学术火花参会学者不仅详细了解到名知名华人专家的研究领域同时也对各自研究领域所关心的问题和看法与台上专家进行了互动交流国际执行委员会主席充分肯定了这种形式的交流并表示该形式能有效地起到深度交流的作用深受知名学者和普通参会学者的喜欢将考虑把该形式作为未来系列国际会议的一种常态活动形式会议组委会与志愿者们为与会人员准备富有中国特色的节目包括古典舞小提琴独奏古筝合奏等节目号和号分别进行大连技术与文化之旅与会人员们参观了在建的大连南部滨海大道跨海大桥听取了工程报告参观了大连理工大学校园和旅顺金石滩与滨海路的一些具有特色的景点与道路这些活动使得参会代表能更加直观地了解大连及大连理工大学的文化有效地宣传大连及大连理工大学我校副校长李俊杰教授出席了开幕式并讲话我校建设工程学部道路工程研究所全体教师和研究生参加了本次会议其中道路工程所所长陈静云教授主持会议开幕式并作为知名教授参加了国际华人基础设施专家协会论坛道路工程所刘婉秋副教授博士生刘佳音等教师和学生分别在会议各分会场报道了自己的最新研究成果道路工程全体研究生和部分本科生均以志愿者身份服务于本次会议积极向外展现了我校道路工程所的研究成果和学子风采有效提高了大连理工大学道路工程在国内外同行学者心中的知名度闭幕晚宴上国内外各参会单位代表及国际铺面工程委员会均对本次会议给与了高度评价多数代表认为本次会议成功吸引了众多国内外在道路工程领域享有盛誉的知名教授研究员工程师及企业代表前来参会会议无论从参会人数规模和报告质量上从会场形式和服务质量上都体现出很高的水平是一次精心策划别出心裁的高水平国际会议大连理工大学道路工程所对大会的顺利召开做了细致的准备尤其是所招募的以大工学生为主体的志愿者阳光可爱服务周到给参会人员留下了深刻的印象展现了大工学子优秀的精神面貌与国际化素质据了解道路与机场铺面技术国际会议会议是国际上道路领域高规格的学术会议是亚洲地区道路领域规模最大的国际会议以促进道路与机场铺面技术交流为目标每年至年召开一次据统计本次会议共接收来自多个国家和地区近篇摘要篇论文其中有余人做了学术报告余人进行了海报展示多数会议论文将推荐发表在行业重要国际期刊检索检索检索和行业重要国内期刊中国公路学报检索交通运输工程学报检索长安大学学报中责任编辑张平媛复制网址打印每日推荐第九届道路与机场铺面技术国际会议在大连闭幕深圳市政院陈宜言董事长为师生解读情商中兴通讯执行副总裁曾学忠来访大工走好研途第一步聆听师者教诲开启筑梦旅程郭东明校长在年开学典礼上的讲话魏小鹏书记到创新创业学院调研梅宏院士来校解读信息化时代下的互联网思维软件学院教师在全国高校微课教学比赛中斩获佳绩软件学院名新生接受入党教育第一课山东大学威海马列部来校调研思政课课程建设推荐视频钱令希诞辰百年纪录片发布预告年月日大工新闻学校隆重举行庆祝中国共产党成立周年大会为梦连理大连理工大学招生宣传片焦点图片毕业季校园里那抹亮色美女毕业生遇见特色学位服毕业季大学四年最遗憾的那些事毕业季最大工难忘凌工路号那件事大工建筑篇一你不得不知道的那些楼排行榜点击在现场级迎新晚会精彩瞬间中国科学院名院士云集大工为学校发展献计学校召开教师节表彰大会庆祝第个教师节学校隆重举行级新生开学典礼军训动员大会吹响集结号级新生整装待发辽宁省首届互联网大学生创新创业大赛开大工学子获全国大学生化工设计竞赛一等奖迎新晚会你让我对大工的爱一发不可收尹卓少将为级新生解读我国周边安全形势研招进行时教育部发布年研究生招生考第一页内容缓存全文内容缓存根据设置字体大小并初始化按钮请选择投票选项最多允许选项单页阅读分页阅读单页阅读分页阅读控制内容区域的的图片大小并为过大的图片添加查看原图复制网址复制链接成功被浏览器拒绝请在浏览器地址栏输入并回车然后将设置为复制链接成功改变字号小本文地址电话版权所有大连理工大学新闻中心
-1
