http://news.dlut.edu.cn/article/2016/0809/68529.shtml
29
177
37
94
323
109
117
277
111
328
282
125
165
165
240
240
352
352
267
267
125
130
184
282
188
359
12
15
31
159
实践在路上怀报国之志行实践之路做合格党员综合新闻大工新闻网首页新闻图片视频报纸广播首页新闻综合新闻正文实践在路上怀报国之志行实践之路做合格党员记运载学部赴长三角两学一做党员实践团报国企业行作者梅雪峰曹放文佟傲图来源运载工程与力学学部时间点击为了让学生走近企业了解专业工作需求和发展前景真正将知识与实践融合同时结合两学一做学习教育深入先进基层党组织学习先进的党建工作提升党员的责任意识和党性修养真正促进党员学生以做合格学生党员为目标导向以大连理工大学报国企业行为契机组建了运载学部赴长三角两学一做党员实践团在月日月日期间奔赴长三角地区上海南通南京等三市开展实践活动本次实践团队由名带队教师和名本科队员组成由学生党员和积极分子组成队员们还给这支团队起了一个诙谐的队名长三角十三幺意为只有个人团结一心共同努力才能圆满的完成实践任务月日在力学楼召开了本次实践团队的见面会和说明会带队教师梅雪峰向大家介绍了本次实践团队组建的初衷和目的也介绍了实践的行程和安排同时针对两学一做学习教育进行了统一的学习和深入的探讨并根据队员的情况进行了小组分工月日实践之旅正式开启运载学部赴长三角两学一做党员实践团本次共走访包括上汽通用汽车有限公司中船工业第研究所中国商飞上海飞机设计研究院博格华纳中国技术中心上汽乘用车分公司启东中远海工惠生南通重工有限公司长江航运南京金陵造船厂等在内的八家企业包含了国企外企私营企业三种企业性质也体现了不同的企业文化和管理模式企业文化决定发展国企外企各有千秋月日上午实践团一行来到第一所企业上海通用汽车有限公司上海通用汽车坚持以客户为中心以市场为导向的经营理念不断打造优质的产品和服务目前已拥有别克雪佛兰凯迪拉克三大品牌工作人员为实践团队员介绍了浦东金桥厂区的分划布局并带领参观了汽车展览厅最令队员们期待的还是对北厂区汽车流水线的参观从质量检验区到内饰与底盘安装区整个总装车间秩序井然自动化程度较高只能见到零星的工人们分布在流水线两旁看过流水线上的一丝不苟实践队员们才更理解了上汽通用的卓越品质日下午实践团走进中船所中船所致力于科技创新以军为本自主创新获得国家科技奖励五百余项是中国舰船设计的摇篮从海洋平台到新型船舰从远洋货轮到大型登陆舰实践队员从所的辉煌历史中窥见了中国船舶工业的发展历程更折服于船舶人对于祖国的海洋建设的一片赤诚之心月日实践团来到上海博格华纳博格华纳坚持创新的企业理念为全球主要汽车生产商提供先进的动力系统解决方案是行业内公认的领袖作为本次企业行中唯一一家外资企业这里的企业氛围显得十分不同简单商务的装修风格开阔明亮的桌椅摆设营造了轻松开放的工作环境扬帆计划也展示出公司对人才培养的独特视角在与大工学长的亲切交流中实践队员对之后的发展和就业方向有了更清晰的认识随后我们分别于月月日走访了三家船舶专业的企业从实力雄厚的中远船务海工启东公司到凭借一己之力跻身造船行业佼佼者的金陵造船厂都在企业文化和发展中体现了不同的变化中远海工启东以打造世界一流的船舶和海工装备修造企业为目标汇聚英才共同成长的人才理念为核心已成为中国海洋工程装备制造业的领军者惠生以发展科技惠润民生为理念以精英为主力以科技为核心致力于成为引领经济民生的国际一流企业金陵船厂坚持客户至上信誉第一以诚信赢得客户靠创新驱动发展已建立以中间产品为导向的总装造船模式与世界主要船级社建立了长期友好合作关系每个企业都用自己独特的企业文化作为发展理念在各个领域中散发着属于他们自己的绚丽光彩党建决定企业方向党员使命牢记心中月日实践团来到了中国商飞上海飞机设计研究院也是本次实践活动中让队员们受到震撼最强的企业中国商飞设计院立志让中国的大飞机翱翔蓝天努力实现自主创新体制机制创新和管理创新建设国际一流航空企业在实践过程中实践团成员参观了解了模型机在上飞院综合试验大厅内与真机外形差异不大的铁鸟试验台仿佛一只振翅待飞的雄鹰旁边还有进行发电和配电等供电系统测试的铜鸟连同被称为电鸟的航电系统测试从而形成三鸟联试来模拟飞机状态大型客机是我国拥有自主知识产权的中短程商用干线飞机也是中国飞机从制造走向创造的关键一步作为七一表彰的全国党建先进基层组织位商飞始终把党建放在首位充分发挥党员的模范带头作用以学促做扎实开展两学一做学习教育开展党员闪光行动发挥支部灯塔效应开展双重双优三严三实专题教育培育和弘扬大飞机精神促进每个商飞人都在为中国的大飞机翱翔蓝天而努力奋斗月日下午实践团走进上汽乘用车分公司上汽乘用车承担着上汽自主品牌汽车的研发制造与销售以一人一车全程全方位负责的试装制度保证卓越品质打造中国人自己拥有的国际汽车领导品牌荣威是中国汽车工业的第一个国际化品牌也是中国创造的一大代表在的介绍下实践队员了解了许多招聘方面的情况并与大工校友交流了想法和疑惑作为创新型国企上汽乘用车致力于建设服务型党组织创新型党支部以设计驱动梦想将工作与梦想融合让实现中国梦更进一步实践规划决定选择争做合格学生党员在走访了多家企业后各个专业的学生也对目前的就业前景和发展需求有了一定了解形成了自己的规划每天行程结束后团队都会组织大家召开非正式的感受交流会船舶专业运船班的张海峰同学认为在学校时听说现在船市低迷但并不了解行业内的真实情况通过此次对各家企业的走访实践才切实了解到目前的就业前景也确定了读研的计划力学专业运创的杜琛这样觉得力学作为一门基础课程在各种行业中都能得到运用大大增强了学好本专业的信心车辆专业的同学作为感受最深也是幸福感最高的专业群体他们认为汽车作为轻工行业正在蓬勃发展不论是就业市场和前景还是薪资待遇都让人较为满意也希望自己能为汽车工业的中国创造献出一点力量在学习了各企业的先进文化和党建经验后实践团队利用周末时间参观了中国共产党一大旧址向革命先烈致敬表达对革命先烈的怀缅之情不论是党员还是非党员同学参观后都对共产党成立的艰难和日后的发展表示出崇高的敬意和深深的折服老一辈革命家坚韧坚持和坚守的精神正是现在包括学生党员在内的年轻党员需要学习和努力的今年是中国共产党建党周年作为一名共产党员更应通过两学一做学习教育审视自己的作为努力做到知与行相统一学与用相结合作为一名大工学子更应树立远大理想学以致用为中国梦的伟大复兴贡献出自己的力量怀报国之志行实践之路做合格党员我们在路上责任编辑张平媛复制网址打印每日推荐建设工程学部张鑫旺获学生竞赛团体第一名材料级校友返校暨奖学金签约仪式顺利举行海洋能源利用与节能教育部重点实验室召开学委会会我校再获辽宁省大学生电子设计竞赛最高奖杯实践在路上躬身企业行笃志中国梦全国人工环境相关学科博士生导师研讨会在我校召开我校在耐酸沸石膜微观结构的设计与调控研究取得新实践在路上怀报国之志行实践之路做合格党郭东明校长会见大连公交集团董事长孙明一行罗均炎同志逝世推荐视频钱令希诞辰百年纪录片发布预告年月日大工新闻学校隆重举行庆祝中国共产党成立周年大会为梦连理大连理工大学招生宣传片焦点图片毕业季校园里那抹亮色美女毕业生遇见特色学位服毕业季大学四年最遗憾的那些事毕业季最大工难忘凌工路号那件事大工建筑篇一你不得不知道的那些楼排行榜点击罗均炎同志逝世给科研人员松绑加油中办国办印发关于进一步完善中央财政科研郭东明校长会见大连公交集团董事长孙明一行我校在构建高性能锂离子电池负极材料研究取得学校组织召开科技成果研讨会大工代表队勇夺全国电子商务三创赛总决赛实践在路上赴渝见证传统制造业老树发新实践在路上走进企业长才干扬帆起航京津新兴电子商务的信息与物流管理教育部创新第一页内容缓存全文内容缓存根据设置字体大小并初始化按钮请选择投票选项最多允许选项单页阅读分页阅读单页阅读分页阅读控制内容区域的的图片大小并为过大的图片添加查看原图复制网址复制链接成功被浏览器拒绝请在浏览器地址栏输入并回车然后将设置为复制链接成功改变字号小本文地址电话版权所有大连理工大学新闻中心
-1
