http://news.dlut.edu.cn/article/2016/0622/67427.shtml
15
234
322
295
165
165
240
240
352
352
267
267
287
330
279
334
大连理工大学届毕业典礼暨学位授予仪式隆重举行学校要闻大工新闻网首页新闻图片视频报纸广播首页新闻学校要闻正文大连理工大学届毕业典礼暨学位授予仪式隆重举行名本科生名硕士研究生名博士研究生完成学业顺利毕业作者姜雪龙海波王增强来源宣传部新闻中心时间点击核心提示月日上午时分我校届毕业典礼暨学位授予仪式在体育场隆重举行在师长亲人和朋友的关注与祝福中届毕业生将带着大家的嘱托与期许带着对未来的憧憬与梦想坚定出发誓做一个有价值的人创造无愧于时代的人生月日上午时分我校届毕业典礼暨学位授予仪式在体育场隆重举行在师长亲人和朋友的关注与祝福中届毕业生将带着大家的嘱托与期许带着对未来的憧憬与梦想坚定出发誓做一个有价值的人创造无愧于时代的人生学校领导王寒松郭东明姜德学宋丹宁桂玲李俊杰贾振元宋永臣朱泓校长助理毕明树罗钟铉黄国辅以及校友代表家长代表和各学部学院相关职能部处负责人等与届毕业生共同见证这一重要时刻毕业典礼由学校办公室主任张言军主持校党委书记王寒松代表学校接受届毕业生赠送的学校平面规划图校党委书记王寒松教授代表学校接受届毕业生捐赠的由名届毕业生联手完成的大工平面规划拼图代表着届毕业生对母校的感激不舍与祝福校长郭东明院士寄语毕业生校长郭东明院士在毕业典礼上饱含深情地寄语届毕业生希望毕业生能够成为无愧于大工无愧于国家无愧于时代的有价值的人创造无愧于时代的人生努力去做有价值的人高度重视自身的全面成长始终胸怀家国不忘初心既善待自己更关爱他人既勇于创造更甘于奉献要做生活简约心灵淡泊的人生活因简约而优雅人生因淡泊而从容只有简约淡泊才是幸福的真正源泉要不为名利所累不为物欲所扰面对浮躁保持淡泊面对困境平静对待面对诱惑守住底线以平常心待人以平和心做事做常怀感恩乐观向上的人感恩家人朋友收获家庭的幸福友情的温馨感恩同事单位收获工作上的支持取得事业的进步感恩国家社会坚定人生的信念收获前行的动力要心怀感激不要因为烦恼而抱怨不要因为伤害而怨恨要心存感激乐观向上做坚守梦想积极进取的人事业靠本领成就本领靠学习提升任何成长与进步都需要积极进取厚积薄发要永远保持积极向上的姿态坚持对理想和事业的不懈追求心中有梦不会因为挫折而懈怠不会因为失败而轻言放弃永远坚持学习融会贯通用于实践永远保持正确的价值观正直不阿积极传播正能量激励自己带动他人郭东明校长叮嘱毕业生希望大家重视健康不要因为年轻而疏于锻炼身体要给自己做加法多读书广交友勤做事不断充实自己王寒松书记为毕业生代表拨动流苏郭东明校长为毕业生代表拨动流苏典礼上副校长第十届学位评定委员会副主席朱泓教授宣读大连理工大学关于年授予学位的决议校领导为毕业生代表拨动流苏授予学位党委副书记副校长宋丹教授宣读大连理工大学关于表彰届毕业生先进集体优秀个人的决定学校领导及与会嘉宾为毕业生代表颁奖届毕业生代表建设工程学部冯仲恺同学届国际毕业生代表来自乌克兰的博士研究生欧丽雅同学分别发言表达对学校老师父母的感激之情校友代表烟台泰和新材料股份有限公司董事总经理国家芳纶工程技术中心主任级校友宋西全先生代表校友寄语毕业生希望他们相信自己真诚生活努力拼搏成就梦想让我们共同祝愿届毕业生在今后的人生道路上勇于超越自我追求梦想承担起时代赋予的责任和使命成为一个有价值的人创造无愧于时代的人生责任编辑侯庆敏复制网址打印每日推荐坚持党的领导加强党的建设为全面推进特色鲜明进一步加强基层党组织建设助推学部快速发展两学一做远教院召开纪念建党周年全体党员大两学一做远教院直属党支部开展绿脚印环保两学一做运载机关二支部党日学习优秀共产党员两学一做材料学院举办党章党规知识竞赛学校召开第十届学位评定委员会第十次会议大连广播电视台所高校本周六举办专场咨毕业文化衫连理同心专属研究生的温暖记忆建党周年抓党建树新风谱写基层组织建设新推荐视频钱令希诞辰百年纪录片发布预告年月日大工新闻学校隆重举行庆祝中国共产党成立周年大会为梦连理大连理工大学招生宣传片焦点图片毕业季校园里那抹亮色美女毕业生遇见特色学位服毕业季大学四年最遗憾的那些事毕业季最大工难忘凌工路号那件事大工建筑篇一你不得不知道的那些楼排行榜点击我们毕业了毕业晚会散场离歌时却难说再见大连理工大学届毕业典礼暨学位授予仪式隆中国科学院院士赵东元教授受聘我校兼职教授名优秀研究生学子获英特尔奖学金物理与光电工程学院学霸寝让优秀成为一我校四个专业接受全国工程教育专业认证现场考郭东明校长会见国家留学基金委秘书长刘京辉学校领导与毕业生共进午餐情浓意切送祝福届毕业晚会华美落幕第一页内容缓存全文内容缓存根据设置字体大小并初始化按钮请选择投票选项最多允许选项单页阅读分页阅读单页阅读分页阅读控制内容区域的的图片大小并为过大的图片添加查看原图复制网址复制链接成功被浏览器拒绝请在浏览器地址栏输入并回车然后将设置为复制链接成功改变字号小本文地址电话版权所有大连理工大学新闻中心
-1
