http://news.dlut.edu.cn/article/2015/1021/63611.shtml
9
127
165
165
240
240
352
352
267
267
我校代表应邀参加首届世界马克思主义大会学术动态大工新闻网首页新闻图片视频报纸广播首页新闻学术动态正文我校代表应邀参加首届世界马克思主义大会作者马克思主义学院来源马克思主义学院时间点击月日首届世界马克思主义大会在北京大学召开有来自五大洲的余位中外学者与会本届大会的主题是马克思主义与人类发展旨在直面当今人类社会面临的复杂问题研究和分享中国经验促进马克思主义在世界范围内的交流传播与发展推动世界文明的进步和人类命运共同体的建设大会除了邀请中外著名学者作主旨演讲外还设立了八个分论坛及三场中外著名学者的专题演讲和高端对话大会在日下午的闭幕式上发表了世界马克思主义大会学者共识作为本届大会的理论成果呈现我校马克思主义学院院长洪晓楠教授副院长徐成芳教授应邀参加首届世界马克思主义大会并分别在中国道路和中国话语体系马克思主义与人类命运共同体论坛上宣读论文参与讨论洪晓楠教授的论文题目是和实力与中国的和平发展道路本文系国家社科基金重点项目扎实推进社会主义文化强国建设研究阶段性成果文章考察了和实力提出的背景揭示了和实力的理论基础是和合学分析了和实力概念和理论提出的可能性和必要性在此基础上回答了为什么中国不会步西方大国所谓的国强必霸的后尘中国走和平发展道路的具体理据源远流长的和文化决定了中国道路是和平发展之路和实力的理念彰显了中国和平发展的决心和实力的价值导向决定了中国必须走和平发展道路实现三个超越最后和平发展是由社会主义的性质决定的徐成芳教授的论文题目是马克思主义与人类命运共同体的拯救本文系国家社科基金项目坚持马克思主义在我国意识形态领域指导地位深层次研究阶段性成果主要内容是马克思主义关于共产主义社会和自由人联合体的思想因其具有崇高性和谐性彻底性普世性和引领性为拯救人类命运共同体提供了伟大智慧和根本解决方案全人类都可以从中汲取营养自从马克思主义把社会主义从空想变成科学以后资本主义的负面作用遭遇了更高级思想体系和社会运动的抵制人类命运共同体开始展示出另一种前所未有的光明前景民主自由和人权等全人类的共同追求得到了更好保障世界马克思主义大会由北京大学主办北京大学马克思主义学院承办每两年召开一次举办世界马克思主义大会的目的和重要意义是通过举办大会彰显马克思主义对人类发展的意义马克思主义是人类文明发展的产物它揭示了社会历史发展的一般趋势指明了人类文明发展的方向是影响当今世界最重要的思想之一增进世界对中国道路中国理论和中国经验的理解用学术话语阐述中国道路和中国理论提高中国的学术话语权讲述好中国故事大会得到党和国家的高度重视责任编辑张平媛复制网址打印每日推荐学校党委就两学一做学习教育工作作出安排人民网具有模拟生理功能的类器官微流控芯片在中国高校之窗大连理工大学研发具有模拟生理功学校召开党委学习中心组扩大学习会议两学一做化环生学部四个注重力求学习教育大工学子在大连市高校船海文化节斩获佳绩弘扬体育精神展示大工风采两学一做能动学院开展两学一做学习教育核心价值观大工青年携手红三连共谱青春篇大连理工大学哲学社会科学研究成果获教育部采纳推荐视频钱令希诞辰百年纪录片发布预告年月日大工新闻学校隆重举行庆祝中国共产党成立周年大会为梦连理大连理工大学招生宣传片焦点图片毕业季校园里那抹亮色美女毕业生遇见特色学位服毕业季大学四年最遗憾的那些事毕业季最大工难忘凌工路号那件事大工建筑篇一你不得不知道的那些楼排行榜点击面孔学术之星我校承担的中国工程院咨询研究重点项目启动会我校赴无锡参加纪念钱令希诞辰周年活动大连理工大学在全国专业学位研究生教育中获表校友总会第六届理事会第二次会议召开大连理工大学哲学社会科学研究成果获教育部采大连理工大学研发具有模拟生理功能的类器官微两学一做全校名学生预备党员参加培训研究生学术科技节聆听名师讲堂畅饮学术甘两学一做学校二级党组织陆续开展两学一第一页内容缓存全文内容缓存根据设置字体大小并初始化按钮请选择投票选项最多允许选项单页阅读分页阅读单页阅读分页阅读控制内容区域的的图片大小并为过大的图片添加查看原图复制网址复制链接成功被浏览器拒绝请在浏览器地址栏输入并回车然后将设置为复制链接成功改变字号小本文地址电话版权所有大连理工大学新闻中心
-1
