http://news.dlut.edu.cn/article/2015/0130/59742.shtml
9
101
165
165
240
240
352
352
267
267
走近老教授王少新船舶系在创新实践中大发展大工往事大工新闻网首页新闻图片视频报纸广播首页新闻大工往事正文走近老教授王少新船舶系在创新实践中大发展作者王少新口述学生记者宋旻晓整理来源宣传部新闻中心时间点击人物简介王少新大连理工大学运载工程与力学学部教授年出生年考入大连工学院造船工程系年毕业后留校任教年在大连工学院船舶工程专业攻读研究生年毕业获得硕士学位王少新自大学毕业留校以来一直从事船舶流体力学相关教学和科研工作在船模拖曳水池的创建初始即参与实验室建设担任实验室主任期间完成工程建设实现了实验室的现代化改造目标先后完成了数百条军民用船舶及海洋工程项目的研究开发至今仍活跃在教学科研第一线他领导的团队开发的产品成为我国某型武器装备的定型关键设备获得用户好评并被授予部级二等奖求新求变贯穿大工发展史要谈我记忆里的大连工学院变化无疑是大工发展的关键词年我入学时学校还叫大连工学院院长是著名教育家屈伯川博士我学的是船舶工程专业当时叫造船工程系包括船体内燃机轮机等专业后来整合为船舶工程系和动力工程系学校组建运载工程与力学学部时船舶学院又成了该学部的成员但是我的工作岗位一直没有变一直在船舶与海洋工程专业我入学那一年大工本科生一届只有人左右那时大学实行五年制整个学校大概有多人而且那时学校研究生还很少学校主要的教学楼就是一馆二馆机械馆和现在的理化电楼当时物理化学电工上课都在那个楼里当时主楼前面的广场还没有铺水泥地面学生食堂只有三四个校部只有七座学生宿舍楼编号从一到七都是个人一个房间不像现在是四人寝室那时的图书馆就是现在主楼西门洞旁边的侧翼楼内礼堂就是学生一食堂的位置后来才有了山上礼堂几十年来大工的规模扩大了几倍教学科研条件有了翻天覆地的变化过去主要以本科教学为主科研设备很少技术水平也比较低科研成果比较少现在各个专业的科研设备和技术水平都是过去不可比拟的学校变化这么大很多老校友回母校都发出同样的感慨大工基本上已经看不到最初的模样而且我校从原本的理工科大学变成了综合类大学学生数量翻了几倍学校的变化基本上反映了我国教育科技和工农业生产的发展实力不过我记忆中最深刻的还是那些在艰苦岁月中拼搏的经历收获最大的是在工厂与工人技术人员一起为我国造船工业的发展摸爬滚打的锻炼船舶系重视实践能力培养的有益尝试学校重视培养学生的创新精神和实践能力也令我感触很深年我以访问学者身份去日本横滨国立大学考察他们的教学科研情况有两件事对我触动很大一是横滨国立大学船模水池的试验主力是学生虽然有专职的指导教师和管理设备的技术员给予必要的指导但从试验方案设计到模型制作从试验分工到数据处理都由学生们自己组织实施他们的动手能力和组织能力给我留下深刻印象二是当时日本国内正好有中学生参加的科技比赛课题是设计一种遥控机器人的投掷球比赛上世纪九十年代咱们国家还没有这样的比赛我从预赛开始看到最后全国的决赛感觉很新鲜很羡慕日本学生有这么好的一个平台让学生从中学开始就能够动手去做科技实践那场比赛的冠军是丰田公司技校的一个学生他的父亲是丰田公司的技术工人电视记者采访他们的时候介绍了学生从事科技创作情况虽然有指导老师但整个过程基本上就是靠他自己他从小就喜欢做一些手工制作当时日本的科技和经济已经很发达了日本学生完成制作所需要的资源可以很容易地获得比如说从废品堆里就可以轻易找到各类机械电子器件等等所以年我回国以后就开始组织船舶学院的本科生进行创新实践活动以低年级学生为主每年招十名左右的学生来参加这个活动在大学生创新中心的统一安排下集中一定时间讲课有时还邀请研究生来给讲课大部分时间是分组动手创作效果还是不错的学生的动手能力在这种创新实践活动过程中得到了锻炼在创新实践的基础上我们系还开展了每年一届的航模设计竞赛分为外观设计制作和模型竞速两类组织船舶学院的学生自愿报名也接受其他专业的学生参加这项活动被团委和学生会继承下来发展成每年一届大连四所高校间航模比赛活动这个活动极大地锻炼了学生的创新实践精神在注重实践的同时我们并不轻视理论缺乏理论指导的实践必然是盲目的实践但我还是强调动手实践的重要性这种实践不但是学习科学知识的手段也是培养正确的思想方法提高学生素质的重要过程不论对本科生还是研究生来说都极为重要在实验室工作不但需要运用你的本专业的专业知识而且常常需要用到其他专业的知识和技术不如机械设计与加工工艺机电液一体化现代测试技术与仪器设备等甚至包括电机工具的使用与维修现在提倡培养学生的综合素质其中包括各种知识综合运用的能力和动手操作能力学习能力也很重要现代知识更新换代非常快学习是永无止境的稍一松懈就要落伍要培养学生终身学习的意识改革开放余年以来我校学生整体素质相对提高了具体体现在组织能力活动能力对社会的认知和探索精神都要比我们这些老一代人强我希望年轻人能更加重视实践更加务实这个务实是指正确认识自身和社会不要好高骛远要摆正自己的位置要脚踏实地地实现自己的人生价值如今的物质条件相比过去有天壤之别艰苦奋斗的精神不能放弃科学研究是干不得半点儿虚活的踏踏实实一步一个脚印地登攀才有可能抵达学科的前沿我校目前正在筹备建设国际知名的高水平研究性大学为实现这一目标这就需要我们上下一同努力既要有领导的大智慧还要靠师生员工的扎实肯干我校具有非常美好的前景作为一名老大工人我对大工的未来寄予很大的希望后记距离采访结束已经有一段时间了一直想写些什么却迟迟没有动笔有很多想说的话却不知道该从哪儿开始说起跟王教授约定采访的那天下着大雨刮着大风我打着伞背着相机却又一直找不到教授的办公楼不停地打电话跟教授确认教授却一点儿也没有不耐烦的表现当我们进了门教授很热情地招呼我们那一刻被大雨和大风所困扰的苦恼心情一扫而空在整个采访过程中王教授都很认真地回答每一个问题有时候又像是沉浸在遥远的回忆里缓缓地诉说着一个动人的故事一种岁月静好的温暖在心底蔓延时间过得很快不知不觉间采访大约持续了两个小时采访结束后王教授热情地带领我们去船舶与海洋工程专业实验室参观耐心地给我们讲解在采访时他所说的专业上的细节问题之后又跟王教授联系过多次确认稿件和原始资料上的一些问题王教授总是认认真真地回答虽然他平时实验工作很忙但他仍然尽力抽出时间来配合我的采访工作并且细心地为我修改稿件正如王教授在接受采访时所说我们一定要扎扎实实地做好每一件事情才能取得成功责任编辑张平媛复制网址打印每日推荐新华网横穿中国去访你大连理工大学一辅大连晚报大工辅导员跑男跑新疆家访吴国功校友做客大工讲坛解读穹顶之下的大连核心价值观文苑剪纸展演剪蕴中华情纸开民新疆塔里木大学校领导带队来访我校郭东明校长率团赴京参加中日大学论坛央广网大连理工大学辅导员寒假走访个新疆少关于新编历史大戏安国夫人专场演出的领票通知因足球而凝聚凌越俱乐部正式成立学风建设出实招下真功材料学风建设现成效推荐视频钱令希诞辰百年纪录片发布预告年月日大工新闻学校隆重举行庆祝中国共产党成立周年大会为梦连理大连理工大学招生宣传片焦点图片毕业季校园里那抹亮色美女毕业生遇见特色学位服毕业季大学四年最遗憾的那些事毕业季最大工难忘凌工路号那件事大工建筑篇一你不得不知道的那些楼排行榜点击我校入选国家创新人才推进计划教育部副部长鲁昕带队到我校调研泰国驻华大使率团访问我校蹇锡高院士做客研究生名师讲堂分享我的科研季凡军营生活无悔的人生体验多部门联合开展学生公寓安全检查学风建设出实招下真功材料学风建设现成名优秀本科生获得住友商事奖学金开发区校区完成运行十年来首次大规模修缮学校举行第二届组织员组织干事述职大会第一页内容缓存全文内容缓存根据设置字体大小并初始化按钮请选择投票选项最多允许选项单页阅读分页阅读单页阅读分页阅读控制内容区域的的图片大小并为过大的图片添加查看原图复制网址复制链接成功被浏览器拒绝请在浏览器地址栏输入并回车然后将设置为复制链接成功改变字号小本文地址电话版权所有大连理工大学新闻中心
-1
