http://news.dlut.edu.cn/article/kejiao/2.shtml
65
33
234
177
341
195
145
242
268
143
56
127
101
67
134
160
145
242
268
143
56
127
101
67
134
160
138
81
71
19
127
127
127
244
194
118
107
11
244
263
356
300
231
133
283
43
192
192
22
165
165
240
240
352
352
267
267
29
380
302
200
281
91
246
8
141
学术动态大工新闻网每日推荐字体大小设置清除背景颜色效果边框清除栏目内容文字居左设置调整宽度是注意对应左边栏文字居左设置导航目录颜色调整设置宣传部站群海燕网星海夜话手机版新闻线索预约采访会员投稿留言板学校要闻综合新闻菁菁校园新闻聚焦校园视点信息预告媒体大工领导论坛大工人物校友之声学术动态大工往事部院风采合作交流专题新闻校园视点信息预告媒体大工领导论坛大工人物校友之声学术动态大工往事部院风采合作交流专题新闻精彩瞬间光影四季人文艺术校史钩沉第一时间大工新闻在你身边专题报道校园文艺校园拍客今日大工大工讲坛关于团队校史故事品学校园文艺校园拍客今日大工大工讲坛关于团队校史故事品学十七点播报广播台新闻节目综艺节目外文节目专题节目广播剧下载首页新闻学术动态机械设计制造及其自动化学科教学委员会年会在大工召开年月日第六届中国管理案例学术年会在西安召开年月日建工学部多项国家计划项目启动会召开年月日辽宁省造船工程学会常务理事会议在我校召开年月日化工学部承担国家科技支撑计划项目通过结题验收年月日物理学院承担国家国际科技合作专项顺利通过结题验收年月日十二五国家科技支撑计划项目启动会在我校召开年月日大工承担国家国际科技合作专项顺利通过结题验收年月日材料学院与东京工业大学金属工学科举办第六届学术研讨会年月日第五届材料及化工过程多尺度模拟计算国际研讨会在连召开年月日新结构高性能柔性储能电极材料研究取得新进展年月日第届中国过程控制会议在大工召开年月日船舶工程学院一项科研项目通过成果评价年月日运载学部师生代表参加第届世界计算力学大会年月日第三届船舶与海洋工程专题研讨会在我校召开年月日中国船舶力学学术委员会第八届全体会议在我校召开年月日中日核聚变双边合作第七次联合工作组会议在连召开年月日上海合作组织大学经济学方向中方项目院校召开会议年月日全国高校建环学科专业指导委员会议在我校召开年月日星际物理与化学大连会议顺利召开年月日上一页下一页每日推荐人文学部王贤文副教授受邀担任国际英文期刊副主编研招进行时如火如荼开展年研究生招生宣传两学一做把政治纪律和政治规矩内化于心外化于全国近所高校教师学者来校研讨马克思主义发展观材料科学与工程学院选举产生新一届党委并成立纪委大连日报钱令希院士百年诞辰纪念展揭幕辽宁日报大工举行钱令希院士百年诞辰纪念展大工人物校友篇张阿漫胸怀海洋强国梦大工人物校友篇张阿漫胸怀海洋强国梦贯彻落实全面从严治党要求强化政治纪律和政治规推荐视频钱令希诞辰百年纪录片发布预告年月日大工新闻学校隆重举行庆祝中国共产党成立周年大会为梦连理大连理工大学招生宣传片焦点图片毕业季校园里那抹亮色美女毕业生遇见特色学位服毕业季大学四年最遗憾的那些事毕业季最大工难忘凌工路号那件事大工建筑篇一你不得不知道的那些楼排行榜点击机械工程学院新教学楼开工建设钱令希诞辰百年纪录片发布预告钱令希院士诞辰百年春风化雨润物无声中国工程院院士陈政清受聘大连理工大学兼职教钱令希院士诞辰百年宝贵的精神财富永恒群策群力抢抓机遇为大工吸引一流生源机械工程学院完成新一届党委换届及纪委成立选钱令希院士诞辰百年业精于勤奋功成于坚副校长朱泓率团访问白俄罗斯国立大学推进两校我校多部影视作品在中国高校电视奖评选中斩获电话版权所有大连理工大学新闻中心
-1
