http://news.dlut.edu.cn/article/2016/0623/67439.shtml
13
177
334
228
330
165
165
240
240
352
352
267
267
330
届毕业晚会华美落幕综合新闻大工新闻网首页新闻图片视频报纸广播首页新闻综合新闻正文届毕业晚会华美落幕驿路风华壹陆有你作者文朱淳熙董玖钰图周全应婕高雪桐郑海森来源宣传部新闻中心时间点击月日晚届毕业晚会在主楼前广场盛装启幕时间方舟盛彩起航依然记得九月路灯下诗朗声映衬青春的脸庞依然记得一馆西综材料馆你奋斗的模样林荫路绿色的剪影是你的青涩倔强凌工路号的故事永远不剧终届毕业生们用他们激扬的青春为四年的大学生活画上最后一笔像飞鸟眼中无尽的地平线彩虹出现在乌云的彼岸我的梦依然绚烂骄傲地许下对你的承诺当最难忘的级迎新晚会节目原创歌舞飞鸟的旋律再次回响在主楼上空每个人都是那样心潮澎湃思绪回到了四年前那个充满了懵懂与期许的秋天运载工程与力学学部毕业生高硕与小朋友姜雨杉的声音交织在一起正像青春的影子相互重合成长起来是人的责任担当不变的是那份热泪盈眶今天的阳光和那年九月一样蓝色的天稚嫩的脸拖着行李踏进校园的白衣少年故事开场的那个夏天以梦为马是你十八岁的宣言我们一个像夏天一个像秋天却总能把冬天变成了春天来自天南海北的我们相聚在小小的一方天地性格迥异从素不相识到相互扶持追梦的路途哪怕遇见再大的风险再大的浪也会有默契的目光奔跑的路上我们永远不是一个人在战斗怀揣着对彼此的爱我们想让那白云看得见让那白云看得见我们一起许下的诺言青春的歌唱着唱着就到了最后的夏天大一的他们青涩懵懂总是对以后的日子充满了未知和期待大四的他们经历了四年的成长愈加成熟校学生曲艺团届毕业团员梁缘高泽亚带来的对口相声预见未来让大一和大四的自己相遇以幽默风趣的口吻在欢笑声中回顾了这四年的点点滴滴那些年你们是我最大的幸运我们的青春回忆交织在清扬的旋律里因为遇见你们所有情感在这个六月温暖潮湿的空气中发酵酿成最缠绵的不舍校学生合唱团阿卡贝拉清唱队以那些年的小幸运重温四年一起走过的时光那些日常本平凡无味那些一起追过的剧本朴实无华只是身边的陪伴点点滴滴构成青春记忆炫动的舞蹈是我们对青春最好的致敬许下未来一往直前的诺言光影定格的瞬间是记忆里的流年大工的夏季还没结束你们就要离开不是落叶缤纷的季节却上演了一场又一场离别羽翼渐丰的毕业生在大学的诗句末端画上最后的标点在青春的故事末尾书写自己的末章情节传道授业的恩师在拥挤的月台上目送自己的学生在熟悉的校园里牵挂着自己的孩子由赵岩邵帅两位老师与马震王雪晴两位毕业生奉上的诗朗诵一路有你将浓浓的师生情同窗情母校情演绎的淋漓尽致四年光阴彼此分享彼此守望幸好一路有你彼此成为心中的一缕光亮让独行的灵魂不再孤单歌声里总有最美好的时光歌声里总有最真挚的情谊歌声里总有最不舍的离别最好的时光里寄予了届全体毕业生辅导员最真挚的祝福不畏人生漫漫保持单纯善良不要生活彷徨想想诗和远方山高水长忠于爱情和信仰背上行囊朝着太阳的方向青春不止放肆和张狂还有未来与梦想虽然今日他们是即将离校的毕业生但四年前毕业生也是新生他们怀着追梦赤子心来到大工在四年匆匆的时光里改变自己而如今站在凤凰花开的路口不说再见只道一声珍重朋友一生一起走海阔天空爱自由未来的路还很漫长一直勇敢方能前行我爱你大工想起你我思如泉涌一曲由全校毕业生代表演唱的我爱你大工把晚会推上了高潮时光真正的馈赠是永不离弃的朋友是母校的疼爱是师长的教诲是同学的友谊是无悔的青春大工人的征途是星辰大海大工人的期待是璀璨未来届毕业生们今夜你们注定闪耀成为夜空中最亮的星在世界中心发光一路顺风是师长的祝福前程似锦是母校的希冀祝届毕业生们毕业快乐前程似锦责任编辑张平媛复制网址打印每日推荐届毕业晚会华美落幕大连晚报分数够了提档线也不一定被录取半岛晨报本报邀专家解读填报志愿关键点两学一做建艺开展立目标赶先进争优秀特两学一做严守政治纪律和政治规矩这条生命线两学一做重读先烈诗章强化党员意识做新时央广网大连理工大学研发测量系统用于重力侵蚀东北新闻网大连理工大学研发测量系统用于重力做有价值的人创造无愧于时代的人生大连理工大学届毕业典礼暨学位授予仪式隆重举推荐视频钱令希诞辰百年纪录片发布预告年月日大工新闻学校隆重举行庆祝中国共产党成立周年大会为梦连理大连理工大学招生宣传片焦点图片毕业季校园里那抹亮色美女毕业生遇见特色学位服毕业季大学四年最遗憾的那些事毕业季最大工难忘凌工路号那件事大工建筑篇一你不得不知道的那些楼排行榜点击我们毕业了大连理工大学届毕业典礼暨学位授予仪式隆中国科学院院士赵东元教授受聘我校兼职教授物理与光电工程学院学霸寝让优秀成为一名优秀研究生学子获英特尔奖学金我校四个专业接受全国工程教育专业认证现场考郭东明校长会见国家留学基金委秘书长刘京辉大连理工大学首届校友返校日圆满举行郑州航空工业管理学院校长李勇一行访问我校紧抓机遇直面挑战统筹推进学校双一流第一页内容缓存全文内容缓存根据设置字体大小并初始化按钮请选择投票选项最多允许选项单页阅读分页阅读单页阅读分页阅读控制内容区域的的图片大小并为过大的图片添加查看原图复制网址复制链接成功被浏览器拒绝请在浏览器地址栏输入并回车然后将设置为复制链接成功改变字号小本文地址电话版权所有大连理工大学新闻中心
-1
