http://news.dlut.edu.cn/article/xiaoyou/2.shtml
66
33
234
177
341
195
145
242
268
143
56
127
101
67
134
160
145
242
268
143
56
127
101
67
134
160
138
81
71
19
56
56
56
146
170
40
147
217
146
37
94
323
109
117
277
111
328
282
125
165
165
240
240
352
352
267
267
125
130
184
282
188
359
12
15
31
159
校友之声大工新闻网每日推荐字体大小设置清除背景颜色效果边框清除栏目内容文字居左设置调整宽度是注意对应左边栏文字居左设置导航目录颜色调整设置宣传部站群海燕网星海夜话手机版新闻线索预约采访会员投稿留言板学校要闻综合新闻菁菁校园新闻聚焦校园视点信息预告媒体大工领导论坛大工人物校友之声学术动态大工往事部院风采合作交流专题新闻校园视点信息预告媒体大工领导论坛大工人物校友之声学术动态大工往事部院风采合作交流专题新闻精彩瞬间光影四季人文艺术校史钩沉第一时间大工新闻在你身边专题报道校园文艺校园拍客今日大工大工讲坛关于团队校史故事品学校园文艺校园拍客今日大工大工讲坛关于团队校史故事品学十七点播报广播台新闻节目综艺节目外文节目专题节目广播剧下载首页新闻校友之声船舶级校友基金捐赠暨奖学金颁奖仪式举行年月日大连理工大学校友设立武春友教育基金年月日工程力学系届班校友十年返校聚会年月日大连高新区创业工坊掌舵人校友胡剑锋畅谈创业年月日走近校友朱国怀以诚立人以信立本年月日创新创业六角楼校友论坛跨境电商的时代已经来临年月日运载学部青年校友刘宣作在我校设立环球达人游基金年月日大连理工大学石油与化工行业校友论坛在朝阳召开年月日化工级校友毕业周年母校再聚首年月日电子系级毕业生周年母校再聚首年月日匆匆数十载不忘母校情怀人文学院多届校友值年返校年月日莘莘学子爱暖暖大工情机械学院多届校友返校年月日土木水利学院届校友毕业十年重聚母校年月日建筑与艺术学院建筑学专业级校友值年返校年月日化环生学部校友欢聚共忆同窗往事年月日原管理学院级校友毕业十年重聚母校年月日机械系届校友荣归母校共述大工情怀年月日创业者周康让扫描从简单翻书开始年月日管理与经济学部级校友毕业周年相聚青岛年月日软件学院校友毕业五年返校重聚年月日上一页下一页每日推荐建设工程学部张鑫旺获学生竞赛团体第一名材料级校友返校暨奖学金签约仪式顺利举行海洋能源利用与节能教育部重点实验室召开学委会会我校再获辽宁省大学生电子设计竞赛最高奖杯实践在路上躬身企业行笃志中国梦全国人工环境相关学科博士生导师研讨会在我校召开我校在耐酸沸石膜微观结构的设计与调控研究取得新实践在路上怀报国之志行实践之路做合格党郭东明校长会见大连公交集团董事长孙明一行罗均炎同志逝世推荐视频钱令希诞辰百年纪录片发布预告年月日大工新闻学校隆重举行庆祝中国共产党成立周年大会为梦连理大连理工大学招生宣传片焦点图片毕业季校园里那抹亮色美女毕业生遇见特色学位服毕业季大学四年最遗憾的那些事毕业季最大工难忘凌工路号那件事大工建筑篇一你不得不知道的那些楼排行榜点击罗均炎同志逝世给科研人员松绑加油中办国办印发关于进一步完善中央财政科研郭东明校长会见大连公交集团董事长孙明一行我校在构建高性能锂离子电池负极材料研究取得学校组织召开科技成果研讨会大工代表队勇夺全国电子商务三创赛总决赛实践在路上赴渝见证传统制造业老树发新实践在路上走进企业长才干扬帆起航京津新兴电子商务的信息与物流管理教育部创新电话版权所有大连理工大学新闻中心
-1
