http://news.dlut.edu.cn/article/meiti/6.shtml
61
33
234
177
341
195
145
242
268
143
56
127
101
67
134
160
145
242
268
143
56
127
101
67
134
160
138
81
71
19
242
301
242
216
301
114
84
96
47
274
162
220
73
329
139
315
165
165
240
240
352
352
267
267
329
162
73
96
84
220
274
47
媒体大工大工新闻网每日推荐字体大小设置清除背景颜色效果边框清除栏目内容文字居左设置调整宽度是注意对应左边栏文字居左设置导航目录颜色调整设置宣传部站群海燕网星海夜话手机版新闻线索预约采访会员投稿留言板学校要闻综合新闻菁菁校园新闻聚焦校园视点信息预告媒体大工领导论坛大工人物校友之声学术动态大工往事部院风采合作交流专题新闻校园视点信息预告媒体大工领导论坛大工人物校友之声学术动态大工往事部院风采合作交流专题新闻精彩瞬间光影四季人文艺术校史钩沉第一时间大工新闻在你身边专题报道校园文艺校园拍客今日大工大工讲坛关于团队校史故事品学校园文艺校园拍客今日大工大工讲坛关于团队校史故事品学十七点播报广播台新闻节目综艺节目外文节目专题节目广播剧下载首页新闻媒体大工人民网大连理工大学援梦专列再次启程年月日中国高校之窗大连理工大学学子杨帆当选夏季达沃斯论坛代表年月日中国高校之窗大连理工大学举办第二届中外博士研究生学术论坛年月日中国高校之窗中组部人才工作局领导来大连理工大学看望千人计划万人计划专家年月日华龙网大连理工新能源材料研究院入驻蓝色硅谷年月日青岛日报大连理工新能源材料研究院入驻蓝色硅谷年月日青岛网络电视台蓝色硅谷再添生力军大连理工研究院正式入驻年月日中国高校之窗首期软件工程青才论坛在大连理工大学开发区校区举行年月日中国高校之窗大连理工大学校友王新浩出任浦发银行副行长年月日凤凰网大连理工青岛新能源材料技术研究院入驻蓝色硅谷年月日中国高校之窗大连理工大学参展年中国海创周年月日搜狐网辽宁高校毕业生薪酬排行大连理工居榜首年月日央广网大连理工大学后大学生重走长征路纪念建党华诞年月日中国教育报自由而高洁的品格从未远去年月日中国科学报大连理工大学等发现低气压等离子体中辉光条纹现象年月日光明日报交上一份更加优异的答卷年月日大连晚报大工教师一实验成果在物理顶级期刊发表年月日新商报充分发挥大连在辽宁全面振兴中的排头兵领头羊作用年月日大连电视台李希在大连调研年月日中国教育报始终坚定不移地跟着党走年月日上一页下一页每日推荐实践在路上齐风鲁韵共连理望煦寻华报国行第七届国际离散元法会议在大工召开光明日报大连理工援梦专列启程东北新闻网第十一届工业爆炸与安全防护国际学我校马克思主义学院思政课教学改革工作受媒体广泛中国教育报将信仰写在思政课堂上记大连理工深入学习领会中央省委市委精神要求确保学习教育学校召开党委全委会校长郭东明到基层党支部讲党课中国科学报好故事救活思政课推荐视频钱令希诞辰百年纪录片发布预告年月日大工新闻学校隆重举行庆祝中国共产党成立周年大会为梦连理大连理工大学招生宣传片焦点图片毕业季校园里那抹亮色美女毕业生遇见特色学位服毕业季大学四年最遗憾的那些事毕业季最大工难忘凌工路号那件事大工建筑篇一你不得不知道的那些楼排行榜点击学校召开党委全委会我校马克思主义学院思政课教学改革工作受媒体深入学习领会中央省委市委精神要求确保学习第七届国际离散元法会议在大工召开实践在路上齐风鲁韵共连理望煦寻华报国中国教育报将信仰写在思政课堂上记大连东北新闻网第十一届工业爆炸与安全防护国光明日报大连理工援梦专列启程电话版权所有大连理工大学新闻中心
-1
