http://news.dlut.edu.cn/article/2016/0823/68613.shtml
26
177
270
163
296
379
6
84
96
47
274
165
165
240
240
352
352
267
267
379
96
84
296
6
270
163
47
我校优秀研究生赴新加坡参加全球青年领袖游学营活动综合新闻大工新闻网首页新闻图片视频报纸广播首页新闻综合新闻正文我校优秀研究生赴新加坡参加全球青年领袖游学营活动感悟世界多元文化提升领导能力展示大工学子风采作者张晓峰赵毅王萌来源研究生院时间点击第五届全球青年领袖游学营于月日至月日在新加坡隆重开幕应组委会邀请我校研究生院派出人团队于月日启程赴新加坡参营在指导教师机械工程学院研究生工作助理张晓峰的带领下团队成员包括来自各学部学院的名优秀研究生含名博士生在为期天的活动中团队成员与来自亚洲欧洲北美洲大洋洲等世界各地优秀大学生代表齐聚狮城通过有意义的授课环节实践项目和访学活动充分感受了多种族多语言多元文化交融的新加坡社会提升了作为青年领袖的必备领导力理论实践相结合综合提升领导力全球青年领袖游学营的核心宗旨即是汇集全球青年精英通过理论与实践相结合的学习方式提升其领导力为青年精英未来发展做好准备本次游学营由新加坡国立大学和新加坡国家社区领袖学院共同举办在理论方面月日团队一行赴新加坡国立大学邵氏基金校友大厦会议厅参加课程学习开营仪式结束后组委会邀请了三位赞助方代表对营员进行培训来自新加坡国立大学学院的博士以他在中国云南从事扶贫支援工作的经历为营员介绍了他对救助活动的理解他认为救助应遵循平等原则不应以年龄性别种族贫困程度等来确定救助的轻重缓急救助对象不应被划分类别区别对待博士的演讲给予参营学子很大触动让所有人都为这种人文主义关怀而动容第二场课程由从事城市种植农业的公司的联合创始人先生主讲他介绍说由地理环境决定新加坡政府高度鼓励城市种植业在政策鼓励下其公司开创了在屋顶种植农作物和养殖水产品的先河为新加坡社区居民源源不断地供给食物为大大小小的社区搭建了一条获取新鲜食物的通道先生从一个创业者的角度出发向在座的各国青年领袖们阐释了创业者创业公司与社区乃至社会之间的相互信任与支撑的关系最后一场课程由国际经济学商学学生联合会的执行教练女士主讲她讲述了她作为一名学生领袖如何克服恐惧情绪不断挑战自我的故事她曾经历时小时步行公里只为挑战自己的极限女士的演讲印证了李嘉诚先生一句至深的哲理鸡蛋从外面打破只是食物而从内部打破是生命三场课程从领域到角度侧重不同营员们从中学到了作为一名学生领袖所应具备的基本素质在会后的交流中同学们对此都颇有感触在实践方面月日全体营员前往新加坡国家社区领袖学院进行研讨研讨的主题为当前全球热点问题各校营员被分为个组在规定时间内根据组委会给出的任务指示完成议题的提出讨论上报之后针对不同的议题确定不同的展示形式并进行情景模拟展示该项目训练了营员作为青年领袖必备的领导能力暨如何在商讨中确定议题如何在规定的环节中突出特色如何在指定的时间内展示精彩内容这些都需要各自营员在实践中探索商讨争论确定整个过程都是用英文进行队员自觉运用学习到的理论的过程提升自身组织力协调力也是理论实践相结合综合提成领导力的一个过程随后营员们纷纷换上各国的特色民族服饰按照组别上台展示本组的报告成果并由各高校的组委会评委进行打分这一环节也是全球青年领袖游学营的亮点环节体现了此次活动的核心意义领略多国家多种族风貌感受多语言多文化社会新加坡本身就是一个多种族多元文化社会在新加坡举办的本届全球青年领袖游学营更是秉承发展跨文化交流的主旨设计举办各项活动从报到的第一天起来自不同国家不同学校的营员就被随机分配的到个组别中以保证每个国家的营员都有机会充分接触他国成员报到当晚组委会就安排了破冰活动以打破成员间的生疏距离增进彼此了解大家在自我介绍后进行了互动游戏协作搭建等团队活动通过该环节大家互相熟悉为之后的活动打下了基础虽然大家来自不同国度但可以互相畅聊互相合作这就是文化交融的魅力行程中在组委会安排下结合团队实践项目全体营员在新加坡市中心景观及地标建筑包括空中花园金沙酒店城市重建局及圣淘沙岛等完成组委会还精心设计的团队任务在新加坡这样一个多民族多语言的国家用英语可能不能完成全部沟通任务因此就需要来自不同国家的营员用本国语言去寻找任务对象进行交流完成任务这是组委会设计该任务的目的所在所有营员都在过程中充分占我自我不断提升着自身的组织能力沟通能力协作能力参访世界顶尖高校领略学术科研魅力新加坡国立大学是本次游学营的主办方之一我们有幸在开营仪式当天下午参访了这所世界排名前十亚洲排名第一的世界顶尖高校组委会以新加坡国立大学优秀大学生为团队向导带领营员参观了新加坡国立大学的主要校园景观包括主要教学楼校史馆图书馆学生城等团队成员感受到了新加坡国立大学的学习生活环境以及浓厚的人文氛围与世界顶级高校的零距离接触使同学们都心生向往大工研究生团队更是有幸参观了我校校友所在的生物学院及通讯学院实验室共同就研究生培养体制学术科研环境等问题进行了交流号上午本次游学营举行了闭幕仪式和颁奖典礼大工研究生团队共有人次获得团队贡献奖优秀组织奖及最佳表演奖等奖项组委会也对大工团队几天来的表现给予了充分肯定会后在依依惜别中各国营员纷纷启程归国本次游学营的各项活动训练了我校研究生作为未来领袖的行为方式提升了大家的组织力协作力领导力同时帮助我校研究生结交了世界各地的优秀大学生朋友们拓展了国际化视野展现了我校研究生良好风貌促进世界各高校大学生对我校的了解与认知研究生院也将在未来致力于让更多优秀研究生们参与此类项目走出国门融汇世界培育精英为建设特色鲜明的世界一流大学做出更多贡献责任编辑龙海波相关阅读复制网址打印每日推荐我校优秀研究生赴新加坡参加全球青年领袖游学营活两学一做重温历史记忆追寻先进榜样争做合格实践在路上躬行践履念初心筑梦青春再前行党委副书记副校长宋丹率团赴龙陵县调研中澳科学家联合攻关在硅烯研究中取得突破大工学子参加第七届世界大学生领导者研讨会实践在路上齐风鲁韵共连理望煦寻华报国行第七届国际离散元法会议在大工召开光明日报大连理工援梦专列启程东北新闻网第十一届工业爆炸与安全防护国际学推荐视频钱令希诞辰百年纪录片发布预告年月日大工新闻学校隆重举行庆祝中国共产党成立周年大会为梦连理大连理工大学招生宣传片焦点图片毕业季校园里那抹亮色美女毕业生遇见特色学位服毕业季大学四年最遗憾的那些事毕业季最大工难忘凌工路号那件事大工建筑篇一你不得不知道的那些楼排行榜点击中澳科学家联合攻关在硅烯研究中取得突破第七届国际离散元法会议在大工召开实践在路上齐风鲁韵共连理望煦寻华报国党委副书记副校长宋丹率团赴龙陵县调研大工学子参加第七届世界大学生领导者研讨会两学一做重温历史记忆追寻先进榜样争做实践在路上躬行践履念初心筑梦青春再前光明日报大连理工援梦专列启程我校优秀研究生赴新加坡参加全球青年领袖游学第一页内容缓存全文内容缓存根据设置字体大小并初始化按钮请选择投票选项最多允许选项单页阅读分页阅读单页阅读分页阅读控制内容区域的的图片大小并为过大的图片添加查看原图复制网址复制链接成功被浏览器拒绝请在浏览器地址栏输入并回车然后将设置为复制链接成功改变字号小本文地址电话版权所有大连理工大学新闻中心
-1
