http://news.dlut.edu.cn/article/2016/0630/67535.shtml
18
341
339
345
345
165
165
240
240
352
352
267
267
320
322
313
279
295
131
管理与经济学部届研究生毕业典礼隆重举行菁菁校园大工新闻网首页新闻图片视频报纸广播首页新闻菁菁校园正文管理与经济学部届研究生毕业典礼隆重举行来源管理与经济学部时间点击月日上午时大连理工大学管理与经济学部届毕业典礼暨学位授予仪式在伯川图书馆报告厅隆重举行出席毕业典礼的领导和嘉宾有管理与经济学部部长苏敬勤教授副部长李文立教授陈艳莹教授宋金波教授副书记兼副部长张治宝老师部长助理闵庆飞教授教师代表系统工程研究所王旭坪教授学生工作办公室全体老师出席本次毕业典礼典礼由副书记兼副部长郑皓老师主持余名届研究生齐聚毕业盛典唱响毕业颂歌典礼以纪念视频预热开始视频共同回顾了毕业生们在大工求学的收获展示了每位毕业生的笑脸以及老师的寄语表达了对母校诚挚的爱意和感恩郑皓老师开场致辞介绍出席嘉宾伴随着雄壮有力的国歌声毕业典礼正式开始典礼伊始副部长陈艳莹教授宣读毕业生学位授予名单由副部长张治宝老师宣读优秀毕业生名单并由主席台嘉宾为获奖个人颁奖随后级信息管理与电子政务专业翟劼同学代表所有届毕业生向长期以来关心与帮助他们的领导老师致以衷心感谢同时也表达了对母校以及同学们衷心的祝贺和诚挚的祝福感谢给予我们知识赋予我们品格的母校感谢给予我们关怀的领导感谢给予我们启迪的恩师感谢陪彼此走过美好年华的同学们请允许我代表届全体毕业生祝愿我们的同学前程似锦祝愿领导老师们身体安康工作顺心万事如意祝愿我们的管经学部明天会更好级技术经济及管理专业商凤敏同学作为在校生代表发言祝贺师兄师姐顺利完成学业花开四月你们是最美的人间四月天玉兰飘香你们是花团锦簇下的追梦少年不舍别离你们不断回首深情回眸的大工学子最后的最后请允许我再向大家道一声珍重祝福各位学长学姐一路顺风花开四季前程似锦真诚而又生动的语言道出了对母校的祝福和对未来人生的美好期盼在热烈的掌声和毕业生的期待中管理学部部长苏敬勤教授发表了对毕业生的寄语他首先代表学校向毕业生同学表示祝贺向同学们的老师父母表示敬意和感谢苏教授对大家有无限的可能感到非常的自豪学校虽然地处老工业基地但是学生就业多样化并对大家提出殷切希望终身学习保持思考做好准备抓住变革中的机遇努力在实现民族复兴的伟大事业中让世界变得更美好苏敬勤教授祝福大家圆满的完成了学业今后将在工作中取得更大的成绩世界今后一定是在座的各位来创造的希望在座的各位明天更美好最后郑皓副书记寄语毕业生他说毕业不光是庆祝完成还是宣布新征程的开始欢迎大家常回来看看常关注学部的发展与进步也和学部一起分享你成长的喜悦与困惑祝同学们一帆风顺前程似锦典礼过后学部邀请各位同学和家长到中心食堂一同享用毕业午餐纵有前言万语也道不尽深深的祝福诉不完殷殷的嘱托祝愿管理与经济学部届研究生前程似锦责任编辑张平媛相关阅读复制网址打印每日推荐两学一做蹇锡高院士为领师生解读建设科技强管理与经济学部届研究生毕业典礼隆重举行大连理工大学届国际学生毕业典礼隆重举行大工人物校友篇李彬央企高管的简单人大工人物校友篇李彬央企高管的简单人营口日报大工营口研究院牵手信义玻璃光明网大连理工大学为党员精选礼物助推东北新闻网大连理工大学通过实验发现低气压等中国高校之窗大连理工大学首次通过实验发现低辽宁省高校名教师在大工完成在线开放课程培训推荐视频钱令希诞辰百年纪录片发布预告年月日大工新闻学校隆重举行庆祝中国共产党成立周年大会为梦连理大连理工大学招生宣传片焦点图片毕业季校园里那抹亮色美女毕业生遇见特色学位服毕业季大学四年最遗憾的那些事毕业季最大工难忘凌工路号那件事大工建筑篇一你不得不知道的那些楼排行榜点击大工欢迎你你的大工你定义为梦连理大连理工大学招生宣传片坚持党的领导加强党的建设为全面推进特色在现场图说庆祝中国共产党成立周年大会学校领导与毕业生共进午餐情浓意切送祝福毕业文化衫连理同心专属研究生的温暖记爱尚大工学校举行年本科招生咨询会校党委书记王寒松在全校庆祝中国共产党成立建党周年学科发展的带头人学部党建的严守政治纪律和政治规矩围绕学部发展履职尽第一页内容缓存全文内容缓存根据设置字体大小并初始化按钮请选择投票选项最多允许选项单页阅读分页阅读单页阅读分页阅读控制内容区域的的图片大小并为过大的图片添加查看原图复制网址复制链接成功被浏览器拒绝请在浏览器地址栏输入并回车然后将设置为复制链接成功改变字号小本文地址电话版权所有大连理工大学新闻中心
-1
