http://news.dlut.edu.cn/article/ztxw/0519/66729.shtml
37
15
36
133
167
167
162
162
钱令希院士诞辰百年专题新闻大工新闻网首页新闻图片视频报纸广播首页新闻专题新闻正文钱令希院士诞辰百年来源宣传部新闻中心时间点击学习慎起步要打好基础研究忌急躁要锲而不舍这是钱先生的治学之道讲台上岁高龄钟万勰院士掷地有声将恩师钱令希先生的故事娓娓道来台下余名大连理工大学师生聚精会神细细品味大师的治学之道今年月日是著名力学家教育家中国科学院资深院士钱令希先生诞辰一百周年为弘扬钱令希先生科学报国的情怀开拓创新的精神和严谨治学的风范月日钟万勰院士做客第期研究生名师讲堂与大工师生分享钱先生的治学之道这标志着大连理工大学纪念钱令希先生诞辰周年系列活动正式启动钱先生与钟万勰院士有一段令人称羡的伯乐识千里马的动人故事钱令希院士以一个专心搞学问的人不可能有什么坏思想的质朴情怀拨开重重阻力热情邀请钟万勰来到大工将本来由他主教的结构力学课程交给了我要我充分发挥作用几乎每个周日都是钱家的客人一段段故事将钱先生惜才爱才的精神展示得淋漓尽致先后引进程耿东林家浩等人钱先生在大连理工大学建设一支有影响力的力学学科学术阶梯队伍奠定了大连理工大学力学系接近半个世纪的繁荣而如今这一批人才已然成为大工力学学科的顶梁柱并在国际力学界占有一席之地钟万勰院士推动了计算力学在我国工程界广泛应用率团队成功开发出对经济建设极有实用价值的程序系统和集成程序平台程耿东院士当选国际结构与多学科优化学会主席其开创的原创拓扑优化理论对接了航空航天设计的关键要求林家浩教授原创虚拟激励法解决海洋交通等一批工程随机振动问题闯的精神一直伴随着钱先生的研究工作科学研究就是要敢闯经风雨见世面而不是总跟随人家做过的东西沿着人家的路子走钟万勰院士说钱先生敢于接受新知识和新鲜事物在国内倡导计算结构力学和结构优化设计这股闯的精神更是深入弟子们的骨髓他们延续钱先生的思路闯出了一般变分原理耐压壳稳定性辛数学方法等一系列原理和方法钱令希先生的治学之道当以国家利益为先钟万勰院士说钱先生注重将理论应用于实践将结构力学理论用于许多建筑桥梁船舶等结构工程中的大型计算任务武汉长江大桥南京长江大桥三峡大坝大连油港等重点工程都凝聚着钱先生的智慧如今大连理工大学传承钱先生的治学之道坚持以服务国家重大战略需求为己任先后获得首个国防项目计划青年科学家项目为国家航空航天工程和军工项目作出了贡献大工力学从来不是空对空地吹一通而是言之有物的钟万勰院士深有感触地说希望大工学习传承钱先生的治学之道闯出一套大工特色的专门技术钟万勰院士最后勉励广大青年学生一个半小时的讲座引起现场阵阵掌声运载工程与力学学部本科生兰宏凯深有感触得表示钱先生让我印象最深的是一个闯字在面对困境和外界压力时总是可以凭借着一个闯劲打破常规大胆任用贤才为国家作出巨大贡献作为一个新时代的大工人我们要传承钱先生闯的这股劲头放开手脚冲破束缚在学习工作中闯出一片天地延伸阅读钱令希院士诞辰百年我校赴无锡参加纪念钱令希诞辰周年活动钱令希院士诞辰百年于细微处见知著钱令希院士诞辰百年钱令希纪录片拍摄进行中钱令希院士诞辰百年钱令希先生赋钱令希院士诞辰百年力学情怀钱令希院士诞辰百年念奴娇钱令希先生百年钱令希院士诞辰百年临江仙纪念钱令希老师诞辰周年钱令希院士诞辰百年钱令希治学育人的三重奏责任编辑张平媛复制网址打印每日推荐大连理工大学聘任创新创业导师建工学子发扬有爱精神愿你被世界温柔相待第八届嘉年华为推动大工哲学社会科学繁荣发展做出积极贡献大工人物校友篇李一勇勇于开拓创新的工程迎接全国第四轮学科评估系列报道三大连理工大学在国际学生武林大会斩获佳绩组图年少的梦想熠熠星光铮铮誓言人民网武春友让绿色发展成为国家战略的光明网武春友教授一位让绿色发展成为国推荐视频钱令希诞辰百年纪录片发布预告年月日大工新闻学校隆重举行庆祝中国共产党成立周年大会为梦连理大连理工大学招生宣传片焦点图片毕业季校园里那抹亮色美女毕业生遇见特色学位服毕业季大学四年最遗憾的那些事毕业季最大工难忘凌工路号那件事大工建筑篇一你不得不知道的那些楼排行榜点击嘉年华遇见嘉年华七彩文化燃动大工第八届校园嘉年华盛装启幕全国高校辅导员工作现场会在大连理工大学召开嘉年华紧锣密鼓布展乐迎文化盛宴组图年少的梦想熠熠星光铮铮誓言嘉年华毕业之旅毕业季我们带你致青春我校个团队位教授入选科技部创新人才推进大连理工大学荣获三项海洋工程科学技术奖王寒松书记调研学校宣传思想工作第一页内容缓存全文内容缓存根据设置字体大小并初始化按钮请选择投票选项最多允许选项单页阅读分页阅读单页阅读分页阅读控制内容区域的的图片大小并为过大的图片添加查看原图复制网址复制链接成功被浏览器拒绝请在浏览器地址栏输入并回车然后将设置为复制链接成功改变字号小本文地址电话版权所有大连理工大学新闻中心
