http://news.dlut.edu.cn/article/2016/0509/66373.shtml
10
56
288
165
165
240
240
352
352
267
267
运载学部举办校友之声主题座谈会校友之声大工新闻网首页新闻图片视频报纸广播首页新闻校友之声正文运载学部举办校友之声主题座谈会作者孙墨曈来源运载工程与力学学部时间点击月日晚点校友之声与科技达人张生言共话创业梦座谈会在力学楼会议室顺利举办本次座谈会校友张生言是大连理工大学船舶与海洋工程专业届毕业生现为上海市数字内容促进中心副主任上海市辽宁商会副会长上海市创业先锋上海市青联高级工程师上海创图股份科技有限公司曾获上海市软件行业标兵荣誉称号其所在的创图科技公司以网络技术著称曾获时任中共中央政治局委员上海市委书记俞正声的赞扬与肯定获得国家科技部和中科院给予的国际领先国内首创的高度评价是网上世博会国内唯一核心技术提供商以及网上世博会中国馆云南馆重庆馆上汽通用馆世界气象馆等多个世博项目制作商会议由运载职协指导老师孙墨曈主持会议伊始孙墨曈向张生言校友及与会同学介绍了运载学部的基本情况随后张生言校友与在场同学分享了他的大学经历及创业之路他为在场同学详细地讲述了自己的奋斗里程从创业第一步组建团队讲到创业第十二步国家支撑为大家分享创业心得的同时也提醒学弟学妹们找准自己的定位选择适合自己的拼搏之路在谈到选择机遇的重要性时张生言校友说道其实努力最重要因为不努力改变自己你选择别人别人不选择你不努力提升自己你看到机遇你抓不住不努力不如买彩票人的一生真的过得很快校友诙谐幽默的语言风格赢得在场同学的阵阵掌声交流互动环节中同学们积极踊跃地向校友提出自己的疑问座谈会气氛特别活跃浓烈同学们有针对性的提问以及校友精彩的解答也把本次座谈会推上又一个高潮虽然时间很有限但是会后同学们都表示很有收获非常感谢张生言校友的分享与解答最后张生言校友与同学们合影留念至此校友之声与科技达人张生言共话创业梦座谈会圆满结束责任编辑张平媛复制网址打印每日推荐运载学部举办校友之声主题座谈会盘锦校区召开两学一做学习教育工作布置会议校友钟英武做客大工讲坛分享创业经验日本学术会议委员吉野博教授受聘为我校客座教授低维拓扑国际研讨会在我校成功举行太比雅智慧水业人才奖助学金签约党委研工部全面启动两学一做学习教育第十八届联赛东北赛区顺利闭幕媒体大工王众托院士埋头创新不刻意追问成研招进行时学校召开博士研究生复试录取工作会推荐视频钱令希诞辰百年纪录片发布预告年月日大工新闻学校隆重举行庆祝中国共产党成立周年大会为梦连理大连理工大学招生宣传片焦点图片毕业季校园里那抹亮色美女毕业生遇见特色学位服毕业季大学四年最遗憾的那些事毕业季最大工难忘凌工路号那件事大工建筑篇一你不得不知道的那些楼排行榜点击面孔校友年度人物榜样大工中共中央决定王寒松同志任大连理工大学党委书组图五四青年节我的青春我的团在现场瞬间感动大工组图第二届感动大工年度人物心声杨雪岩当选第八届全国高校辅导员年度人物大连理工大学全国第四轮学科评估迎评工作正式加强海工装备合作校企携手共谋发展赛场他们用篮球丈量青春大连理工大学研发新型超疏水表面第一页内容缓存全文内容缓存根据设置字体大小并初始化按钮请选择投票选项最多允许选项单页阅读分页阅读单页阅读分页阅读控制内容区域的的图片大小并为过大的图片添加查看原图复制网址复制链接成功被浏览器拒绝请在浏览器地址栏输入并回车然后将设置为复制链接成功改变字号小本文地址电话版权所有大连理工大学新闻中心
-1
