http://news.dlut.edu.cn/article/2011/0910/37860.shtml
10
165
165
240
240
352
352
267
267
363
26
校长在教师节表彰大会上的讲话大工新闻网首页新闻图片视频报纸广播首页新闻领导论坛正文校长在教师节表彰大会上的讲话时间点击各位老师同志们在第个教师节即将到来之际我们隆重表彰一年来在学校人才培养工作中涌现出来的先进集体和优秀教师优秀教育工作者我代表学校向各位获奖的老师表示热烈的祝贺并借此机会向全校教师和全体教职工致以节日的问候多年来广大教师牢记自己的神圣使命恪尽职守勤奋耕耘默默奉献用高尚的师德师风和人格魅力感染学生激励学生用赤诚的爱心和精湛的学识关心学生培养学生为我校人才培养和教育事业发展做出了卓越的贡献也为学校赢得了崇高的声誉在此我代表学校向全体教师全体教职工表示衷心的感谢今年四月二十四日胡锦涛总书记在清华大学百年校庆讲话中明确提出了全面提高高等教育质量的要求并提出大学的四大职能即人才培养科学研究社会服务和文化传承创新这四大职能是一个有机的整体每项职能对提高一所大学的办学质量都有着至关重要的作用和影响但是在这四大职能中人才培养是核心科学研究社会服务和文化传承创新都应为人才培养服务教师作为实现大学多项职能的主体同时要履行多项职责和任务但是教书育人是基本的职责和任务因此衡量一所大学的办学质量人才培养质量是第一标准评价一位教师的履职状况教书育人是基本准则在研究型大学中教师履行教书育人的基本职责有多种方式有讲坛授课指导研究生以及全方位育人的其它方式但是在所有方式中讲坛授课是最基本的方式研究型大学要实施精英教育培养精英人才其中本科教育是学校基础性战略性的首要任务研究生教育是学校高级层次人才培养同时促进学校科学研究发展的重要任务但是研究型大学称职的优秀的教师应该是不仅给研究生授课而且给本科生授课不仅讲授专业课而且讲授基础课不仅指导硕士生博士生研究而且指导本科生设计或论文全面提高高等教育质量是中国高等教育经历规模扩展实现大众化教育向内涵发展更好地满足人们接受优质教育需求的必然趋势是中国各行各业发展对高素质拔尖创新人才需求和对大学更高期盼的必然趋势是高等教育国际化和人才竞争国际化挑战和应对的必然趋势同时也是中国高等教育和大学自身追求的必然趋势今年暑期在广东召开的直属高校和有关高校教育工作咨询委员会第次全会上重点讨论了两个文件一个是教育部关于提高高等教育质量的若干意见一个是高等学校创新能力提升计划简称计划也许会更名为高等学校协同创新计划教育部关于提高高等教育质量的若干意见共三十条重点就改革人才培养模式建设现代大学制度加强实践育人加强师德建设提高保障水平等提出了具体措施在广泛征求意见后会很快颁布实施学校将会结合此文件在全校范围内学习讨论并制定一系列的措施全面提升大连理工大学的办学质量全面提高高等教育质量核心和重点是提高人才培养的质量借此机会我就此谈一些个人的意见首先提高人才培养质量教师的基本精力和学校的基本资源必须要放在人才培养上来教师要进一步提高履行人才培养基本职责的自觉性学校将以教师履行人才培养基本职责作为教师聘任和履职的基本要求并在教师考评晋级定编定岗岗位津贴等基本人事制度方面充分体现学校要整合和引导一切资源向人才培养资源转化包括人才培养基本平台建设学科平台和科研资源向人才培养资源转化等等其次提高人才培养质量必须要吸引优秀生源吸引优秀生源成为大工的学子与吸引优秀人才成为大工的教师同等重要两者相辅相成全体教师和职工要以提升师德师风学术水平教书育人水平管理和服务水平为引领以提升专业水平学科水平学校声誉和育人环境为基础以自觉与引导相结合的参与意识行动意识和政策措施为抓手吸引优秀生源揽天下英才而育之第三提高人才培养质量必须要改革完善人才培养模式人才培养模式的重要体现形式和实现方式是培养计划在学生不同的层次和有限的学制内构建和培养起学生什么样的知识结构什么样的才能结构需要认真研究和系统优化并体现和落实到培养计划上来本学期起学校将用近一年的时间齐头并进地修订完善本科生硕士生博士生培养计划修订完善培养计划要认真研究人才培养的层次定位和目标社会现实和未来人才需求的内在要求科学技术发展的系统成果和未来趋势以及专业和学科传统的特点和发展的趋势注重本科生通识教育学科大类基础教育和专业教育的结合注重知识传授实践环节和创新环节的有机结合注重突出专业和学科主线的专业复合学科交叉和最新成果整理吸收注重硕士博士研究生的课程体系建设研究课题的合理定位创新能力提升和创新成果并举注重本科生硕士生博士生培养计划的相对独立和有机结合努力构建本硕贯通培养本硕博贯通培养以及学术型应用型学科交叉型研究生培养模式第四提高人才培养质量必须要改革完善教学模式教学模式是如何夯实学生基础启迪学生心智激活学生自我并自主学习主动思考积极创新真正实现教与学最佳效果与最高目标的主要途径和手段要认真研究学生能够接受掌握知识灵活运用知识主动拓展和创造知识的教学模式要大力提倡和推广启发式探究式自主式的教学模式要下大力气培养学生的批评思维创新思想和善于表达踏实肯干的精神和能力第五提高人才培养质量必须要改革完善管理模式和积淀营造良好的育人环境管理模式和校园环境既是学校的制度体现又是学校的文化氛围办学没有规矩不成方圆但制度要与时俱进宽严有度并人性化身在其中能够自觉遵守而又感觉无拘无束那就是说本来就应该是这样大学办学其实很大的部分和努力是办个氛围身在其中能够如沐春风催人奋进自我感悟自觉成才我们不仅要改革完善学生第一课堂的育人环境而且要改革完善学生第二课堂的育人环境促进第一第二课堂环境的相互作用和共同提升我们不仅要关心学生勤奋学习勇于创新本领过硬成果卓著我们同样要关心学生心胸宽广思想活跃品格高尚身心健康学生在课堂之余那种热爱知识崇尚科学追求真理胸怀天下引领未来的思考辩论谋划和追求始终是我们需要关心引导和营造的氛围和环境第六提高教育质量必须要拓展有利于学生发挥才能服务乃至引领社会的就业空间我们广大教师和职工要自觉和主动地帮助和引导学生谋划学业谋划职业谋划未来帮助和引导学生研究就业行业和社会发展的需求和走向帮助和引导甚至牵线搭桥助推学生合理择业就业更好地服务和引领社会更好地实现人生的价值和个人的理想总而言之提高人才培养质量要使学生的激情梦想责任信心有大的飞跃要使学生的知识能力思想境界有质的提升让我们为实现这样一个提高人才培养质量的目标而共同努力责任编辑姜雪相关阅读复制网址打印分享到每日推荐我校处级干部参观市反腐倡廉警示教育基地标兵故事蔡晗不忘初心方得始终标兵故事蔡晗不忘初心方得始终大连日报化工与环境生命学部评选最美团支书打造软件人才创新创业的摇篮新闻聚焦打造软件人才创新创业的摇篮大工学子在全国大学生金融创意设计大赛中喜获佳绩大工记者团和广播台获辽宁省十佳校媒称号数学科学学院党委积极开展与王家村党委共建活动机械工程学院人参加入党积极分子培训推荐视频钱令希诞辰百年纪录片发布预告年月日大工新闻学校隆重举行庆祝中国共产党成立周年大会为梦连理大连理工大学招生宣传片焦点图片毕业季校园里那抹亮色美女毕业生遇见特色学位服毕业季大学四年最遗憾的那些事毕业季最大工难忘凌工路号那件事大工建筑篇一你不得不知道的那些楼排行榜点击标兵故事李思远千淘万漉虽辛苦吹尽狂标兵故事李轶瑶执一而专心致志行微而校领导就推进学校改革发展征求意见明星教师张旭泉校园交通安全再聚焦大工财务网上报账系统已正式启用大工学报社科版荣膺全国高校百强社科期刊走进校友校友年度人物耿洪臣忘字何解怎样落笔都不对运载学子在全国船舶与海洋工程设计大赛中斩获第一页内容缓存全文内容缓存根据设置字体大小并初始化按钮请选择投票选项最多允许选项单页阅读分页阅读单页阅读分页阅读控制内容区域的的图片大小并为过大的图片添加查看原图复制网址复制链接成功被浏览器拒绝请在浏览器地址栏输入并回车然后将设置为复制链接成功改变字号小本文地址电话版权所有大连理工大学新闻中心
-1
