http://news.dlut.edu.cn/article/2016/0510/66393.shtml
10
56
340
165
165
240
240
352
352
267
267
建设工程学部启动校友导师计划聘任优秀校友担任学生导师校友之声大工新闻网首页新闻图片视频报纸广播首页新闻校友之声正文建设工程学部启动校友导师计划聘任优秀校友担任学生导师作者杨永鑫来源建设工程学部时间点击为了充分利用校友资源创新人才培养模式帮助学生合理规划大学生活明确职业发展目标日前建设工程学部启动校友导师计划建立校友与母校携手共进的合作平台助推人才培养工作月日建设工程学部校友导师计划启动暨校友导师聘任仪式在综合实验三号楼四楼会议室举行仪式由学部党委副书记兼副部长王晶华主持会上建设工程学部党委副书记兼副部长李英敏介绍了校友导师计划发起源由和实施构想校友导师计划是通过校友和学生自主申报双向选择原则上以校友家乡所在地及周边地区的学生为主以校友丰富的人生阅历和工作经历指导学生树立正确的学习意识自主规划意识帮助学生搭建实习实践平台与会校友对建设工程学部校友导师计划实施方案进行了深入讨论会上校友们一致认为这一举措结合实际面向在校学生培养和未来职业规划对激励学生成长成才和走向社会谋求发展非常重要并愿以自身多年的从业经验和学生积极交流给予学生多方面的指导和帮助校友们表示非常高兴地接受学部聘任愿意为母校的人才培养工作做出自己的努力和贡献李英敏副书记为与会校友颁发聘书名优秀校友成为首批校友导师他们是李一勇级港工专业校友中交一航局李增军级港工专业校友中交一航局裴宗未级工民建专业校友北京森磊源建筑规划设计有限公司石家庄分公司孙奕级桥道工程专业校友沈阳正远建设工程有限公司杨燕舞级水利工程专业校友湖南金轩项目管理有限公司史波级结构工程专业研究生校友青岛红岛开发建设集团孙仁锋级土木工程专业校友辽宁新创达电力设计研究有限公司肖永超级土木工程专业校友贵州省建筑设计研究院责任编辑张平媛复制网址打印每日推荐建设工程学部启动校友导师计划聘任优秀校友春风万里涡轮情薪火相承工匠魂级新生学委第二期培训大会成功举办年大连市高校船海文化节盛大启幕知识产权月学校举办首届专利项目路演校长郭东明院士接受中国科学报专访谈双一流学校举行榜样大工校友年度人物颁奖典运载学部举办校友之声主题座谈会盘锦校区召开两学一做学习教育工作布置会议校友钟英武做客大工讲坛分享创业经验推荐视频钱令希诞辰百年纪录片发布预告年月日大工新闻学校隆重举行庆祝中国共产党成立周年大会为梦连理大连理工大学招生宣传片焦点图片毕业季校园里那抹亮色美女毕业生遇见特色学位服毕业季大学四年最遗憾的那些事毕业季最大工难忘凌工路号那件事大工建筑篇一你不得不知道的那些楼排行榜点击面孔校友年度人物榜样大工中共中央决定王寒松同志任大连理工大学党委书组图五四青年节我的青春我的团组图第二届感动大工年度人物心声杨雪岩当选第八届全国高校辅导员年度人物大连理工大学全国第四轮学科评估迎评工作正式赛场他们用篮球丈量青春教育部副部长朱之文一行参观我校精细化工国家王正汹樊江莉教授分获省市青年五四奖章大连理工大学研发新型超疏水表面第一页内容缓存全文内容缓存根据设置字体大小并初始化按钮请选择投票选项最多允许选项单页阅读分页阅读单页阅读分页阅读控制内容区域的的图片大小并为过大的图片添加查看原图复制网址复制链接成功被浏览器拒绝请在浏览器地址栏输入并回车然后将设置为复制链接成功改变字号小本文地址电话版权所有大连理工大学新闻中心
-1
