http://news.dlut.edu.cn/article/2016/0525/66817.shtml
10
143
165
165
240
240
352
352
267
267
72
大工人物校友篇朱敏执着科研路一生大工情大工人物大工新闻网首页新闻图片视频报纸广播首页新闻大工人物正文大工人物校友篇朱敏执着科研路一生大工情作者董玉琴金小渝来源校友工作处时间点击校友档案朱敏华南理工大学副校长年年就读于我校金相专业级年获得我校金属材料及热处理专业硕士学位年获得我校铸造专业博士学位年起在我校任教年任材料系副教授年任华南理工大学教授朱敏长期从事材料科学与工程领域的教学和科学研究工作先后主持了国家自然科学基金重点项目国家重点基础研究发展计划计划项目首席科学家教育部长江学者与创新团队发展计划创新团队项目等课题的研究在国际重要学术刊物上发表学术论文约篇年获得国家杰出青年科学基金年入选教育部长江学者奖励计划特聘教授年担任项目首席科学家研究成果先后获广东省科学技术奖一等奖教育部提名国家科学技术奖自然科学二等奖广东省教学成果一等奖还曾获得了霍英东教育基金会优秀青年教师奖广东省南粤优秀教师广东省丁颖科技奖通用汽车中国高校汽车领域创新人才奖一等奖等荣誉年中断了十年的中国高考制度得以恢复当年冬天全国万考生坐在了高考考场上万人被大专院校录取年夏天又有万人通过高考进入大学这其中就有来自江西九江年仅岁的朱敏恢复高考全力备战年冬天文革后首次恢复高考从千军万马中杀出的万考生被录取后朱敏就读的江西九江市第二中学迅速做出反应学校开了一次考前动员大会邀请被录取学生回校作报告老校长面对台下的稚嫩学子铿锵有力地表示你们要理直气壮地去参加高考这极大地震撼了朱敏因为文化大革命的特殊经历即使已经有一届学生通过了高考大家心中的疑虑也未能被完全打消老校长的一番动员校园风气骤然转变学校通过组建重点班调配师资力量尽最大努力备战高考朱敏考入的重点班约有五六十人在那半年里所有人都夜以继日地发奋学习每个礼拜都有测验墙上挂着名次表每个人都能看到自己的名次变化掉得厉害了老师就找你谈话找家长谈话心里压力还是挺大的朱敏说因为家中的两个姐姐已经错过高考机会全家都把希望放在了朱敏身上家中的一切都在为高考让步朱敏就读的高中每周休一天休息日的时候父母就让我在家里相对安静的房间里学习他们待在另一个房间或者去做别的事情尽量不打扰我挤在两间房里的五口之家尽最大努力为他创造不受干扰的学习环境经过半年全力以赴的准备朱敏顺利通过高考接到了大连工学院的录取通知书年少风华情系大工年岁的朱敏来到大连工学院就读材料系金相专业当时班里共名同学年纪最大的岁朱敏作为班里年纪最小的还被同学们起了个有趣的外号老三十三朱敏的宿舍里住个人班里两个年纪最大的同学都在他们宿舍十个人从大到小排序以兄弟相称感情非常融洽大哥二哥对老三十三也是颇为照顾朱敏回忆刚来学校时由于年纪小又第一次独立生活很多事情都不会做大哥二哥帮他洗过衣服缝过被子我们那时候的被罩跟你们现在的不一样不是套一下就完事儿的得用针线把被罩和被子缝在一起得围着被子缝一圈当时是二哥帮我缝的我特别感动感动朱敏的除了同学情还有大工爱朱敏刚一入学就收到了学校的礼物因为地处东北冬天寒冷又赶上物资匮乏的年代学校担心南方学生一时适应不了给每个人都准备了一件棉袄这让离家千里的朱敏倍感温暖谈到学习朱敏坦言自己刚读大学时并不是个严谨的学生有一门物理化学专业课相对比较难考完试我一对答案结果都对这肯定分没跑啊朱敏笑着说结果一公布成绩他只考了多分怎么想都不对朱敏找到授课老师查卷子两天之后老师把试卷带来了让朱敏汗颜的是由于马虎很多小错误导致了丢分这件事让朱敏多年之后仍记忆犹新感慨不已一是对自己不严谨不认真的反思一是对老师的敬佩当年的老师们都特别负责任经过时间的锤炼阅历的打磨朱敏对待学术的态度越发严谨不知不觉间已从当年懵懂青涩的学生走向了扎扎实实的科研之路年本科毕业后朱敏选择继续攻读金属材料及热处理专业硕士研究生这时他遇到了两位对他影响至深的导师郭可信先生杨大智老师师道传承潜心育人朱敏对材料专业的研究兴趣和热情是从研究生时期开始的研究生不同于本科的基础课程开始越来越多地讲一些追本溯源的知识老师能从一种新材料的发现引申到类似材料以及历史上的诸多理论和材料的发现这让朱敏觉得很有意思你会发现材料不仅是材料它跟物理化学数学力学都有关系我们可以从不同的学科来研究材料这让我对科学本身产生了好奇心对未知世界的好奇对未解之谜的探索欲望激励着我一路向前地研究着朱敏说郭先生有个信条清清白白做人认认真真做事他是这么要求自己也是这么要求我们的他强调创新推崇追根溯源的精神对我影响很深朱敏回忆有一次他和师兄一起做实验师兄抱怨太难做不出来正巧被郭先生听见郭先生严厉地说科学上没有解决不了的难题关键是你能不能锲而不舍地努力这句话被朱敏铭记在心每当前路迷茫每当遇到挫折每当想要放弃的时候郭先生的谆谆教诲总在耳边响起郭可信先生是当时中科院的研究员学部委员中科院院士在大工材料系做兼职系主任是第一任系主任由于郭先生不能常驻大工年郭先生委托杨大智老师担任朱敏的副导师年杨大智老师刚从美国回来正在做形状记忆合金的研究为争取科研经费和跟企业合作的机会杨大智带着朱敏背着幻灯机四处做报告做宣传游说更多的专家学者企业家了解这项新技术进而支持他们的研究那时候没有都是一张张幻灯片我们就背着幻灯机去很多地方做报告甚至去了北京科技部争取项目杨大智老师为科研所做的努力和开拓精神让今天的朱敏回想起来依旧钦佩不已在导师的身上朱敏看到了老一辈科学家对科学的信仰以及他们对这信仰的执着和努力深受两位导师影响的朱敏在硕士毕业后决定留校任教并继续攻读博士学位在大工一待就是近年后来因为不适应北方气候身体屡屡抱恙年朱敏来到了华南理工大学继续投身科研教学事业多年来朱敏在形状记忆合金纳米材料和储氢材料的研究上都颇有建树年获得国家杰出青年科学基金年入选教育部长江学者奖励计划特聘教授在国际重要学术刊物上发表学术论文约篇近年来朱敏潜心研究多年的储氢材料实现成果转化对降低电池成本和提高混合动力汽车电池的性能具有重要意义此外他发明的等离子体辅助球磨技术也开始推广应用科研路上精益求精的朱敏对学生也有着严格要求我对硕士生的要求是要有职业精神得敬业严谨刻苦有较好的沟通能力对于博士生朱敏要求必须具备科学家精神包括较好的逻辑性善于学习善于分析专注和不畏艰难的精神截止到目前朱敏已累计培养硕士博士余人年月朱敏出任华南理工大学副校长他的一部分工作重心从科研教学转移到了高校管理上朱敏认为做好管理工作要具备良好的人文情怀其实无论做科研还是做管理做到最后很重要的一点是处理人的问题这就需要不断提高人文素养需要对历史文化社会和人的认识和理解只有具备这种素质才能当好一个管理者朱敏坦言他的一生受大工影响颇深从学术到人文从科研到管理他的身上始终带着大工人专注勤奋踏实的烙印这烙印让他一生受益良多责任编辑张平媛复制网址打印每日推荐大工人物校友篇朱敏执着科研路一生大工国际学生体验红旗谷文化之旅大工附校教师参加辽宁省历史研讨会中国电子科技集团重庆声光电有限公司代表团访问我坚持两个牢牢把握推动两学一做学习教育两学一做建工学部四种结合推动学习教育扎大连日报坚持马克思主义指导地位推动高校哲日本城西大学代表团访问大工关注心理健康谱写美好研途尚七网大连理工大学出访英国爱尔兰推动学校推荐视频钱令希诞辰百年纪录片发布预告年月日大工新闻学校隆重举行庆祝中国共产党成立周年大会为梦连理大连理工大学招生宣传片焦点图片毕业季校园里那抹亮色美女毕业生遇见特色学位服毕业季大学四年最遗憾的那些事毕业季最大工难忘凌工路号那件事大工建筑篇一你不得不知道的那些楼排行榜点击组图微瞬间以青春之名共赴运动盛宴大连理工大学年春季运动会成功举行组图赛场上的速度与激情在现场爱舞即舞舞蹈团专场坚持马克思主义指导地位推动大工哲学社会科郭东明校长率团访问俄罗斯白俄罗斯迎接全国第四轮学科评估工作系列报道一学校召开关于全国第四轮学科评估第二轮工作会运动会赛前训练人心齐泰山移校园文化节天山百灵天籁之音唱响大第一页内容缓存全文内容缓存根据设置字体大小并初始化按钮请选择投票选项最多允许选项单页阅读分页阅读单页阅读分页阅读控制内容区域的的图片大小并为过大的图片添加查看原图复制网址复制链接成功被浏览器拒绝请在浏览器地址栏输入并回车然后将设置为复制链接成功改变字号小本文地址电话版权所有大连理工大学新闻中心
-1
