http://news.dlut.edu.cn/article/2016/0630/67413.shtml
15
143
165
165
240
240
352
352
267
267
320
322
313
279
295
264
大工人物校友篇李彬央企高管的简单人生大工人物大工新闻网首页新闻图片视频报纸广播首页新闻大工人物正文大工人物校友篇李彬央企高管的简单人生作者朱志伟来源校友工作处时间点击校友档案李彬中国中化集团公司副总裁党组成员年年就读于我校化学工程专业级年月担任沈阳化工研究院副院长年月担任沈阳化工研究院院长年月兼任党委书记年月兼任中国中化集团副总裁党组成员集团科技委员会主任先后主持完成课题余项国家重点攻关项目项其中吨年二氯喹啉酸中试和吨年基础设计于年获化工部科技进步二等奖于年获国家科技进步二等奖氯甲基苯胺于年获山东省科技进步二等奖在九五期间完成的国家重点攻关项目酸溶剂法氧化于年获辽宁省科技进步二等奖并被专家一致认定达到了国际先进水平年荣获国家发改委国家创新能力建设先进工作者年荣获中国农药工业杰出贡献奖在各类学术刊物和国内外学术会议上发表论文余篇年享受国务院政府特殊津贴目前兼任中国化学会副理事长中国化工学会副理事长中国农药工业协会副理事长辽宁省精细化工行业协会理事长听说李彬院长的母校要来拍摄他日常工作的场景年轻的同事和学生们非常兴奋早已身着白大褂在会议室等待院长到来悉心交流学术细致通报工作进展温暖聊着家常本来只准备拍摄一两个镜头的我们开玩笑的说看来会议开实了这就是李彬一位看起来并不那么像高管的央企高管一生只做一件事年正在面朝黄土背朝天做知青的李彬幸运地参加了文革后恢复的第一届高考成为大连工学院化工系的一名学生大学毕业后怀揣着科技强国的梦想走进了当时的化学工业部沈阳化工研究院从化学工程研究室的一名普通技术员到化工行业的知名专家这一待就是三十余年三十余年的科研之路也在寂寞和坚守里更加踏实初入研究院李彬有幸与研究室主任王尊孝老先生从事萘氧化制苯酐项目的研究也正是王老先生在这个项目上付出的心血让他目睹了科研工作者的艰辛与不易老先生一生基本与该项目为伴从风华正茂到耄耋白发直至病榻之上仍旧惦念进展功夫不负有心人年该项目终获国家科技进步一等奖得知喜讯的老先生拖着病体赶到北京领奖却在领奖一个月后不幸与世长辞老主任的一生主要只从事了这一个项目的研究他的辞世让李彬明白了科研道路上没有鲜花与掌声甚至没有终点这条道路注定漫长艰辛要想做好只能踏踏实实耐住寂寞即使没有成功也要不留遗憾这样的信念支撑着李彬不断奋斗在国家六五期间跟随王老先生获国家科技进步一等奖后李彬在国家七五期间参与的利用流态化技术实现杀菌剂代森锰锌干燥项目获国家科技进步三等奖在国家八五期间主持的二氯喹啉酸项目获得国家科技进步二等奖并在多岁时获国务院政府津贴年轻的李彬受到研究院的高度重视年被任命为化学工程研究室主任年起担任院长助理年担任副院长年担任常务副院长年升任为院长在科研道路上的跋涉一干就是年年来无论是风霜雨雪还是晨钟暮鼓亦或是失败教训从未阻挡这位年轻学者前进的脚步时至今日李彬仍然记得在东北最热的三伏天里顶着烈日炙烤骑四个小时自行车去东北第六制药厂调研的场景虽说辛苦却乐在其中虽然自己经历过的条件颇为艰苦可李彬还是把更多宽容留给了年轻的后辈他说八十年代初期国家百业待兴虽然科研工作者的客观条件困难但科研领域空白让我们有了更多的发展空间而随着社会的飞速发展科研领域的竞争压力空前加大年轻的科研工作者们比我们面临的压力更大难度也更大希望社会能给予他们更多的体谅和支持李彬反复的说科研工作者的一生很简单只需要做好一件事就可以把这件事做到极致精益求精仅此而已一生都要有担当年纪轻轻就获得国务院政府津贴多项国家省部级科技进步奖项先后参与多个国家重大科技攻关项目研究就在科研路上已经见到曙光的时候国家开始了大规模的科技体制改革科研机构被完全推向市场企业经营压力剧增一系列的问题摆在眼前李彬放慢了自己喜欢的科研脚步转而投入到企业的经营管理中来沈阳化工研究院的历史上按照国家统一部署经历过大大小小的十次业务分家每一次分家都是国家和上级机构有计划地把沈阳化工研究院的骨干成熟业务分离并另立而每一次骨干业务的分离都让研究院发生不小的调整探索研发调整再探索企业的发展牵动着每个员工的命运也牵动着李彬的心可无论怎样都没有让这位年轻的实干家发生过动摇当今天回首这段往事的时候李彬坦诚地表示虽然在科研进展上仍带着些许遗憾但却从未后悔他说那时面对研究院的实际情况必须要勇于承担即使放弃个人发展也不能辜负企业和员工的期望重托九十年代初期的中国下海大潮扑面而来颇有学识的李彬被很多商人看中向其抛出了橄榄枝然而面对正在发展中的研究院正在发展的化工行业李彬谢绝抛出的橄榄枝继续坚守自己的事业和企业他说人的一生有很多机遇但更重要的是有担当国家培养我们不易决不能因为个人原因给国家造成损失这是母校教给我的也是我必须要做到的于是李彬又用一个年铸造了与企业共荣辱的命运共同体研究院尚不同于其他企业需要兼顾国家企业员工多方利益唯一要亏欠的就是自己然而李彬却丝毫没有抱怨而是一直践行着自己的诺言年在国家的新一轮调整中当时已是国务院国资委直接管辖的大型科技企业的沈阳化工研究院与老牌世界强企业中国中化集团重组李彬也因为出色的管理能力进入集团担任副总裁同时继续担任沈阳化工研究院院长职务一生不忘再学习作为研究院的老院长年近花甲的李彬本可以颐养天年但这样的安排让这位老院长又一次成为了新兵在中化集团担任副总裁的李彬分管集团科技管理工作业务涵盖能源化工农业等多个领域这与其在沈阳化工研究院的业务相距甚远于是这位老院长又开始了新的学习征程李彬说大工人最不怕的就是学习上大学时非常珍惜来之不易的学习机会每天自习到深夜还不舍得离开直到传达室大爷强行拉下电闸为了能够挤出更多学习时间找来了电子管及收音机里的小变压器接上小电珠罩上牛皮纸灯罩在晚自习后躲在被窝里继续读书今天他仍能清晰地记得三十多年前的基础知识也仍在办公室里留存当年的学习文献比起那时候的条件现在学习就是件小事了而我们大工人最大的优点不就是善于学习嘛李彬如是说就这样一位已经岁高龄的新学生再次拿出了学习的劲头凭借着大工人特有的执着与钻研精神阅读文献讨论实验亲赴田间地头与农民朋友探讨作物生长以大工人的魄力开启新的征程过去只能代表经历看学历而不惟学历这是一位肯登攀能担当永远在奋斗路上的大工人李彬对后辈们的建议也是对自己一生不变的要求责任编辑张平媛复制网址打印每日推荐大工人物校友篇李彬央企高管的简单人营口日报大工营口研究院牵手信义玻璃光明网大连理工大学为党员精选礼物助推东北新闻网大连理工大学通过实验发现低气压等中国高校之窗大连理工大学首次通过实验发现低辽宁省高校名教师在大工完成在线开放课程培训中组部两学一做学习教育督导组到大工实地督导加强党性锤炼做忠诚干净担当的好干部党中央治国理政新理念新思想新战略有奖知识竞评论党旗猎猎别样红誓言铮铮壮征程推荐视频钱令希诞辰百年纪录片发布预告年月日大工新闻学校隆重举行庆祝中国共产党成立周年大会为梦连理大连理工大学招生宣传片焦点图片毕业季校园里那抹亮色美女毕业生遇见特色学位服毕业季大学四年最遗憾的那些事毕业季最大工难忘凌工路号那件事大工建筑篇一你不得不知道的那些楼排行榜点击大工欢迎你你的大工你定义为梦连理大连理工大学招生宣传片坚持党的领导加强党的建设为全面推进特色在现场图说庆祝中国共产党成立周年大会学校领导与毕业生共进午餐情浓意切送祝福毕业文化衫连理同心专属研究生的温暖记爱尚大工学校举行年本科招生咨询会我校与中科院联合培养的首届华罗庚班学子顺利校党委书记王寒松在全校庆祝中国共产党成立建党周年学科发展的带头人学部党建的第一页内容缓存全文内容缓存根据设置字体大小并初始化按钮请选择投票选项最多允许选项单页阅读分页阅读单页阅读分页阅读控制内容区域的的图片大小并为过大的图片添加查看原图复制网址复制链接成功被浏览器拒绝请在浏览器地址栏输入并回车然后将设置为复制链接成功改变字号小本文地址电话版权所有大连理工大学新闻中心
-1
