http://news.dlut.edu.cn/article/2012/0911/44323.shtml
10
165
165
240
240
352
352
267
267
363
26
申长雨校长在大连理工大学级新生开学典礼上的讲话大工新闻网首页新闻图片视频报纸广播首页新闻领导论坛正文申长雨校长在大连理工大学级新生开学典礼上的讲话来源宣传部新闻中心时间点击在大连理工大学级新生开学典礼上的讲话校长申长雨院士年月日各位同学各位老师各位来宾大家晚上好今天大连理工大学的校园内充满了节日的欢乐因为今天既是我们国家的第个教师节也是级新同学的开学典礼今天下午学校隆重举行了教师节庆祝表彰大会今天晚上我们又隆重举行级新生开学典礼欢迎来自全国各地的名本科生名硕士生和名博士生以及来自全世界余个国家的余名留学生来到大连理工大学读书学习这对同学们来说既是一个庄重而热烈的欢迎仪式也是大家入学后的第一堂集体课在这里我首先代表学校全体师生员工向各位新同学的到来表示热烈的欢迎向辛勤培养你们的老师致以节日的祝福向含辛茹苦供养你们的家长致以崇高的敬意同学们选择了大工这是对大工的信任作为学校一定不辜负你们和家长的期望努力把你们培养成才大连理工大学是新中国成立前夕我们党缔造的第一所正规大学也是首批进入国家工程和较早进入工程的重点大学建校多年来经过几代大工人的艰苦奋斗励精图治学校由小到大由弱到强现已成为国内外享有较高声誉的高水平大学正在朝着国际知名的高水平研究型大学迈进大连理工大学办学实力雄厚基础条件坚实校园环境优美是读书学习的理想场所学校现有三个校区总占地面积亩设有个学部个独立建制学院教学部个专门学院个独立学院有个本科专业学科专业涵盖理工经管文法哲等多个学科门类全日制在校生万人其中博士生人硕士生近万人本科生余人有个一级学科国家重点学科个二级学科国家重点培育学科个一级学科博士点个二级学科博士点个一级学科硕士点个二级学科硕士点种专业学位授权种类个博士后流动站在岗教职工人其中专职院士人双聘院士人国家千人计划人才人长江学者特聘教授和讲座教授人国家杰出青年基金获得者人教授等正高职人员人副教授等副高职人员人国家创新研究群体个教育部创新团队个有个国家重点实验室个国家工程研究中心设有国家大学科技园个教育部和辽宁省重点实验室工程技术研究中心还有一流的图书馆和体育场馆等公共设施这些为同学们的成长成才提供了良好的保障同学们从今天起你们将开启人生崭新的一页面对新的环境新的起点在这里我想对大家提几点希望和要求一是要志存高远温家宝总理曾寄语青年学生要仰望星空脚踏实地仰望星空就是要有远大的理想和高远的志向关注国家命运关注社会发展关注人类未来理想是否远大志向是否高远很大程度上决定着一个人将来成就的高低对社会贡献的大小我们大工多年的办学历史涌现出了一大批学术大家治国之士商界精英社会名流培育了成千上万的优秀人才他们虽然所处时代不同从事领域不同工作岗位不同但有一点是相同的那就是自觉地继承和发扬着大工的精神和传统把勇担社会责任服务国家造福人民作为自己的追求赢得了社会的广泛赞誉树立了大工的良好形象同学们你们是当代青年的佼佼者在你们身上承载着国家的未来民族的希望这就要求你们必须树立远大的理想把自己的人生价值主动融入到民族振兴和国家进步之中做一个有理想有抱负有学识有社会责任感的人成为国家的栋梁社会的中坚二是要立德树品立人先立德树人先树品古往今来以德为先都是做人做事的基本要求家庭有家庭美德职业有职业道德社会有社会公德师有师德医有医德而这一切的基础都是个人的道德意大利诗人但丁曾经讲过一个知识不全的人可以用道德去弥补而一个道德不全的人却难以用知识去弥补大家之所以向往大学在于大学是社会道德的坚守者社会前进的引领者她以学生良好的道德养成为最大关切以学生的全面发展为根本使命以探究真知追求真理为核心价值大学生的道德水平在很大程度上决定着社会当下与未来的精神风貌因此同学们在学习知识的同时更要学会做人养成良好的道德努力成为德才兼备的高素质人才做社会道德的守护者社会风尚的引领者三是要勤学善思学生以学为主而大学的学与中学有很大不同研究生与本科生的学也有所不同大学教育作为一种专业教育更加强调学习的自主性创造性批判性实践性大学的学习不再是老师追着学生而是学生主动问教于老师多数时候还要和老师相互切磋做到教学相长大学的学习也不再局限于课堂和教材与同学讨论交流听学术讲座参加社会实践等都成为了学习的形式书本知识也不再是学习的唯一内容眼界学识文体特长社交能力组织才干等都成了学习的重要内容因此大家要进一步明确学习的目的从被动学习转化为主动学习培养自主学习的能力掌握获取知识的方法要充分利用学校的各种资源积极主动地向老师学向同学学从课堂里学从书本上学从实践中学充分领略大学学的魅力要在学习中善于发现提出问题并能够用所学的知识解决问题在不断的学习中充实自己提升自己完善自己最后我想以我们老校长钱令希先生的一首诗结束今天的讲话年在参加全国科学大会期间年过六旬的钱老激动不已夜不能寐信手写下了下面的诗句献身科教效春蚕岂容华发待流年翘首中华崛起日更喜英才满人间真诚地希望各位新同学继承钱老的遗愿珍惜大好时光发奋读书力争早日成为国家的栋梁为中华崛起贡献自己的青春和力量祝同学们在大工学习顺利生活愉快学业有成谢谢责任编辑龙海波相关阅读国家知识产权局局长申长雨回母校访问申长雨校长致社会各界的一封信申长雨出席第八届中日大学校长论坛申长雨主持召开建立综合改革试验区座谈会申长雨主持召开建立综合改革试验区座谈会申长雨一行到软件学院调研申长雨出席第八届中日大学校长论坛校长申长雨到各学部调研中共中央国务院任命申长雨为我校校长申长雨校长着力提升高校科技创新能力复制网址打印分享到每日推荐我校处级干部参观市反腐倡廉警示教育基地标兵故事蔡晗不忘初心方得始终标兵故事蔡晗不忘初心方得始终大连日报化工与环境生命学部评选最美团支书打造软件人才创新创业的摇篮新闻聚焦打造软件人才创新创业的摇篮大工学子在全国大学生金融创意设计大赛中喜获佳绩大工记者团和广播台获辽宁省十佳校媒称号数学科学学院党委积极开展与王家村党委共建活动机械工程学院人参加入党积极分子培训推荐视频钱令希诞辰百年纪录片发布预告年月日大工新闻学校隆重举行庆祝中国共产党成立周年大会为梦连理大连理工大学招生宣传片焦点图片毕业季校园里那抹亮色美女毕业生遇见特色学位服毕业季大学四年最遗憾的那些事毕业季最大工难忘凌工路号那件事大工建筑篇一你不得不知道的那些楼排行榜点击标兵故事李思远千淘万漉虽辛苦吹尽狂标兵故事李轶瑶执一而专心致志行微而校领导就推进学校改革发展征求意见校园交通安全再聚焦明星教师张旭泉大工财务网上报账系统已正式启用大工学报社科版荣膺全国高校百强社科期刊走进校友校友年度人物耿洪臣忘字何解怎样落笔都不对运载学子在全国船舶与海洋工程设计大赛中斩获第一页内容缓存全文内容缓存根据设置字体大小并初始化按钮请选择投票选项最多允许选项单页阅读分页阅读单页阅读分页阅读控制内容区域的的图片大小并为过大的图片添加查看原图复制网址复制链接成功被浏览器拒绝请在浏览器地址栏输入并回车然后将设置为复制链接成功改变字号小本文地址电话版权所有大连理工大学新闻中心
-1
