http://news.dlut.edu.cn/article/byfc/0719/68187.shtml
23
67
141
91
0
260
29
165
165
240
240
352
352
267
267
252
65
276
35
29
380
302
2
200
两学一做材料学院师生党员认真学习习总书记七一重要讲话部院风采大工新闻网首页新闻图片视频报纸广播首页新闻部院风采正文两学一做材料学院师生党员认真学习习总书记七一重要讲话作者李鹏来源材料学院时间点击月日上午习近平总书记在庆祝中国共产党成立周年大会上发表的重要讲话向全党同志发出了不忘初心继续前进的时代号召按照上级党委的工作部署材料学院党委认真贯彻执行学习习总书记建党周年重要讲话的要求动员和组织各基层党支部认真开展专题学习活动掀起了学习贯彻七一重要讲话精神的热潮学院推动学明确学习任务七一前夕学院党委认真传达学校党委宣传部关于组织收听收看庆祝中国共产党成立周年大会的工作要求要求各党支部依据自身条件在确保正常教学和工作秩序的前提下集中组织收听收看大会实况及有关报道大会结束后学院党委将学习习总书记七一重要讲话列为两学一做学习教育的一项紧迫工作要求各党支部立刻组织学习活动通过主题党日主题党课专题组织生活会等活动形式将学习活动与开展两学一做学习教育统筹起来深刻把握不忘初心继续前进的主题深入领会讲话的主要内容和精神实质采取的主要措施有一是以两学一做每周工作计划上报为入手点要求各党支部必须将学习计划列入上报内容及时掌握党支部开展学习活动的进度二是统筹协调材料馆铸造中心三束实验室等楼宇的会议室及多媒体资源统一提供视频资料及网络学习渠道提供及时服务避免时间安排冲突为各党支部开展学习活动提供有力的保障三是检查各党支部学习活动的组织与落实情况委派组织专干依照上报计划进行现场督学现场检查的党支部数量超过总数的书记集中学强化学习责任月日材料学院面向党支部书记及学生党员工作部同志召开习总书记建党周年讲话学习会曁党支部书记培训会目的在于通过集中学习与培训进一步提高党支部书记思想意识和责任担当发挥好党支部书记在两学一做学习教育中的组织和领导作用会上大家集体观看了习总书记建党周年重要讲话的视频并结合南海仲裁风波南方抗洪等热点话题展开热烈的讨论大家在发言中认为习总书记建党周年重要讲话回答了党为什么出发到哪里去如何走的重大问题是党重要理论创新成果党员同志要与党中央保持高度一致就要落实到学习中去认真加以贯彻领会等等讲话也如同灌顶醍醐提高了党员同志对待南海仲裁等现实问题的政治领悟力进一步坚定了政治立场会议同时传达了上级党组织关于两学一做学习教育中深入学习贯彻习近平总书记在建党周年重要讲话精神的通知要求支部书记要立即在所在支部组织开展专题学习让每一名党员都能把握讲话所蕴含的新思想新观点新论断此外会议还就暑假前学院两学一做的主要工作进行了布置要求各党支部务必按照要求和计划完成本学期的全部学习教育任务支部分头学落实学习行动习总书记发表七一重要讲话以来学院的教工与学生党支部积极响应陆续开展专题党日活动或专题组织生活会进行学习习近平总书记的讲话鼓舞人心催人奋进在师生党员中引发了强烈的反响材料博学生党支部在学习讨论中认为作为一名党员博士要始终铭记党带领广大人民群众走过的历经坎坷而波澜壮阔的年光辉历程青年党员不能把坚定理想信念和艰苦奋斗仅仅停留在口头上而是要真真切切地付诸行动时时处处做到坚守崇高信仰保证思想不变质信念不动摇用行动践行理想信念针对习总书记关于关心和勉励青年成长的讲话内容硕材料学学生党支部在学习中认为习总书记的讲话极大的鼓励了广大青年正值青春年华的研究生党员在完成好学习科研任务的同时要发挥党员的热力以一颗真诚的心去回馈社会无数小我的奉献精神汇聚民族复兴的中国梦就一定能实现结合两个一百年的奋斗目标材料机关教工党支部的一名年轻教工党员为自己的算了一笔时间账从年两个一百年奋斗目标的提出到年中国梦的实现共计年正是岁参加工作到岁接近退休的时间段个人的职业生涯与民族复兴的中国梦完整的吻合起来因此要时刻铭记身上肩负的伟大历史使命深刻理解与把握习总书记不忘初心继续前进的时代号召自觉用讲话精神武装头脑指导实践砥砺前行为实现党和国家的宏图伟业而努力奋斗责任编辑张平媛复制网址打印每日推荐两学一做材料学院师生党员认真学习习总书记我校多部影视作品在中国高校电视奖评选中斩获佳绩机械工程学院完成新一届党委换届及纪委成立选举工大连理工大学首个国际学生文化实践基地揭牌郭东明校长会见长兴岛经济区党工委书记杨广志光明网钱令希院士献身科教效春蚕岂容华发东北新闻网钱令希传略东北新闻网宝贵的精神财富永恒的前行动力人民网钱令希院士百年诞辰纪念展揭幕仪式举行机械工程学院新教学楼开工建设推荐视频钱令希诞辰百年纪录片发布预告年月日大工新闻学校隆重举行庆祝中国共产党成立周年大会为梦连理大连理工大学招生宣传片焦点图片毕业季校园里那抹亮色美女毕业生遇见特色学位服毕业季大学四年最遗憾的那些事毕业季最大工难忘凌工路号那件事大工建筑篇一你不得不知道的那些楼排行榜点击为母校成就自豪助母校实现腾飞年青少年高校科学营大连理工大学分营开营切实做好本科招生录取工作为学校选拔优质生钱令希诞辰百年纪录片发布预告我校论文被计算机视觉及模式识别领域国际顶尖机械工程学院新教学楼开工建设钱令希院士诞辰百年春风化雨润物无声中国工程院院士陈政清受聘大连理工大学兼职教王立鼎院士与两岸学子分享科研历程钱令希院士诞辰百年宝贵的精神财富永恒第一页内容缓存全文内容缓存根据设置字体大小并初始化按钮请选择投票选项最多允许选项单页阅读分页阅读单页阅读分页阅读控制内容区域的的图片大小并为过大的图片添加查看原图复制网址复制链接成功被浏览器拒绝请在浏览器地址栏输入并回车然后将设置为复制链接成功改变字号小本文地址电话版权所有大连理工大学新闻中心
-1
