http://news.dlut.edu.cn/article/2012/0305/39718.shtml
10
165
165
240
240
352
352
267
267
363
26
张德祥书记在双代会闭幕式上的讲话大工新闻网首页新闻图片视频报纸广播首页新闻领导论坛正文张德祥书记在双代会闭幕式上的讲话来源宣传部新闻中心时间点击在十届一次教代会暨第十六次工代会闭幕式上的讲话校党委书记张德祥年月日各位代表老师们同志们在全校师生的关心支持下我校第十届一次教职工代表大会暨第十六次工会会员代表大会经过各位代表的共同努力圆满完成了预定的各项议程即将胜利闭幕这次大会是在我们喜迎党的十八大胜利召开认真学习贯彻党的十七届六中全会精神是在党和国家对高等教育提出新要求学校全面贯彻落实中长期发展战略规划和十二五发展规划的新形势下召开的会议始终洋溢着民主团结求真务实的气氛是一次统一思想凝聚人心的大会是一次谋划未来团结奋进的大会为学校进一步做好各项工作落实十二五改革发展目标任务奠定了坚实的思想基础大会听取并审议通过了欧校长所作的学校工作报告听取并审议了宁桂玲副校长所作的学校财务工作报告以及第九届教代会民主管理委员会及第十五届工会委员会工作报告等学校党委也向大会书面通报了年的工作代表们一致认为学校工作报告认真总结了年各方面的工作实事求是地指出了存在的不足明确提出了年改革发展的主要任务和工作措施财务工作报告准确全面客观地反映了学校的财务整体运行状况教代会民主管理委员会和工会报告认真总结了四年来的工作情况并对下一步工作提出了新的设想会议还选举产生了新一届教代会民主管理委员会和工会委员会工会经费审查委员会大会期间各位代表积极参会切实履行自己的职责以高度的责任感和使命感踊跃发言建言献策提出了大量的建设性意见和建议体现了大家对自身责任和使命的深刻理解对学校各项事业的高度关心和支持会后学校将对代表们提出的意见和建议进行梳理认真研究充分采纳以便改进学校的工作教代会制度是社会主义民主政治在高校的重要体现是教职工依法参与学校民主管理和民主监督的基本形式也是建设现代大学制度的必然要求多年来我校在发扬传统的同时以改革创新精神积极探索民主管理的有效实现形式创造性地设立了教代会民主管理委员会制定了教代会及民主管理委员会的章程建立了相对完备的民主管理制度全面加强了教代会提案工作提案的征集和办理工作水平得到有效提升在全国高校中率先实施了提案内容及答复结果网上公示制度等等这些举措充分保障了以教师为中坚力量的广大教职工在办学中的主体地位很好地落实了广大教职工的知情权参与权表达权和监督权过去的四年第九届教代会和第十五届工会委员会围绕中心服务大局在调动教职工积极性发挥教职工主人翁作用在集中教职工智慧和力量加强学校民主科学决策在维护教职工合法权益实现公平公正在协调利益关系妥善解决学校的难点和热点问题在加强对干部的监督密切党群干群关系等方面发挥了重要作用取得了可喜的成绩我提议让我们以热烈的掌声对第九届教代会各位代表及其民主管理委员会第十五届工会委员会的各位同志为学校事业和全校教职工做出的奉献和贡献表示深深的敬意和感谢对新当选的第十届教代会代表民主管理委员会和第十六届工会委员会委员表示热烈的祝贺教代会在凝聚人心汇聚共识集聚合力促进学校改革发展稳定促进校园和谐等方面正发挥着愈加重要和不可替代的作用希望第十届教代会及民主管理委员会第十六届工会委员会依照法律和章程开展工作秉承好传统总结新经验开辟新渠道不断探索民主管理的新的有效实现形式全面促进学校办学水平的提升要不断推进校务公开工作逐步扩大校务公开的内容和范围自觉接受教职工监督推进学校民主政治建设的发展与深化要重视教代会提案工作本着高度负责的精神认真处理好每一份提案切实维护广大教职工的合法权益要按照有关工作规定和要求行使评议学校工作和学校领导干部的职权要更加关心教职工的冷暖力所能及地帮助教职工解决工作生活上的困难总之我们要始终坚持从学校事业发展这一根本目标出发在改革发展中集中教职工智慧体现教职工意志凝聚教职工力量积极营造一心一意谋发展和衷共济干事业的良好局面各位代表同志们欧校长的工作报告对学校年的工作做了全面的部署各单位各部门要认真学习领会贯彻落实高质量地完成各项任务就如何做好全年的工作再谈几点意见一做好迎接十八大学习宣传贯彻十八大精神工作年是党的十八大召开的喜庆之年是实施学校十二五规划的关键之年我们一定要深刻认识今年工作的新特点新要求突出迎接党的十八大胜利召开和学习宣传贯彻党的十八大精神这条主线将思想和行动统一到中央的决策和部署上来深入开展各项主题宣传教育和学习活动努力营造良好氛围全面推动学校改革发展稳定要继续抓好党的十七届六中全会精神的学习宣传和贯彻落实要把学习践行社会主义核心价值体系作为贯彻十七届六中全会精神的一项重要任务抓好坚持用马克思主义中国化的最新成果武装师生用中国特色社会主义共同理想凝聚师生用民族精神和时代精神鼓舞师生用社会主义荣辱观引领师生要进一步增强文化自觉文化自信以社会主义核心价值体系为根本以文化育人为核心加强我校大学文化建设大学文化是大学的血脉是师生的精神家园是学校发展的内驱力和支撑力同时大学文化又是重要的育人课堂重要的育人课程我们的学生要通过课堂培养我们的学生还要在学校文化环境中成长大学文化对学生的影响是潜移默化的是全面的持久的甚至是一生的这是大学文化的一些特点也是我们为什么要重视大学文化的原因所在今年我们还要修订学校文化建设纲要并以此来推动学校文化建设大学是一个国家的文化高地是优秀文化传承的重要载体和思想文化创新的重要源泉作为高水平大学我们一方面要建设好大学文化同时要为社会主义文化的大发展大繁荣为文化强国建设做出贡献要进一步办好我校的人文和社会科学充分发挥大学思想库和智囊团作用积极开展国际文化交流二加强战略管理全面落实学校中长期战略规划和十二五规划学校的中长期战略规划和十二五规划集中了全校智慧汇聚了全校共识把握了学校的发展命运和前进方向是我们共同的行动纲领当前和今后的相当长一段时期我们的重要任务就是要坚定不移地推进这两个规划的落实通过长期不懈努力把蓝图变成现实推进规划的落实必须加强战略管理我们要根据确定的发展目标结合外部形势的变化和学校各项工作的进展适时对学校学部学院发展规划的执行情况进行检查评估要明确分工分解任务落实责任以规划确定的目标和指标为考核依据对各级领导班子及专项规划的负责人的工作进行考核加强对贯彻落实十二五发展规划的情况进行督促检查更好地推动工作的开展我们还要及时调查研究和解决实施规划中遇到的问题和困难创造条件扎实工作保证规划确定的目标的实现和任务的完成三找准提高办学质量的两个着力点总书记在清华百年校庆的重要讲话对促进高等教育科学发展进一步提高质量影响深远为落实讲话精神教育部已经把出台关于全面提高高等教育质量的若干意见和高等学校创新能力提升计划两个文件列入年度工作要点贯彻落实好这两个文件进一步提高人才培养质量进一步提升创新能力是我们全年工作的两个着力点我们要紧紧抓住贯彻落实教育部关于全面提高高等教育质量的若干意见的契机进一步提高人才培养质量要切实把育人为本作为我们工作的指导方针作为我们的基本办学理念内化于心外化于行要发扬我校在人才培养方面的好传统认真总结我校十四次本科教育教学研讨会以来我校在人才培养方面取得的好经验要认真分析我校人才培养工作的现状明确我们工作的方向和着力点要进一步营造好的制度环境和文化环境激发广大教师教书育人的责任感和热情修订本科人才培养方案和研究生培养方案是今年我校人才培养两项重点工作十分重要这需要各个单位和广大教师高度重视积极参与共同努力切实抓好协同创新工作根据胡锦涛总书记提出的要积极推动协同创新的战略部署教育部和国家有关部委正在制定计划推动这项工作协同创新是科学发展大趋势的必然要求是提高我们国家创新能力建设创新型国家的必然要求也是全面提高高等教育质量的必然要求协调创新是推动高等教育发展的新引擎我们要紧紧把握这个机遇通过参与和实施协同创新促进我们更加关注科学前沿国家急需和区域发展促进我们进一步深化改革突破影响学科建设人才培养和科研发展的体制机制障碍促进我们整合校内资源汇聚校外资源形成我校新的优势占据新的制高点做好协同创新同样需要全校上下高度重视共同谋划积极争取四做好党建工作为学校改革发展稳定提供根本保障要加强领导班子和干部队伍建设要坚持和完善党委领导下的校长负责制努力提高领导班子的办学治校水平把领导班子建设成为坚持正确办学方向善于领导科学发展团结奋进的坚强集体要加强干部队伍建设做好干部的选拔和任用要继续完善党员干部教育培训体系努力打造一支与建设国际知名高水平研究型大学相适应的政治强业务精纪律严作风正视野开阔善于开拓勇于创新的高素质干部队伍要结合深入开展创先争优活动着力提升基层组织的凝聚力和战斗力中央确定今年为基层组织建设年我们要按照中央抓落实全覆盖求实效受欢迎的要求夯实学校基层党组织的基础使基层党组织建设谋划好思路建设好制度管理好阵地开展好活动发挥好作用要重视青年教师工作要切实增强青年教师队伍思想政治建设工作的实效性政治上加以引导专业上着力培养生活上热情关心引导他们志存高远不慕虚名静下心来倾心育人潜心治学要建设好学校的思想文化阵地加强对校园网络的管理正确引导舆论努力营造昂扬向上团结奋进的校园氛围要继续全面落实安全稳定工作责任制进一步加强对工作的前瞻性研判完善突发事件应急预案认真做好重点时期重点场所重点活动的安全防范工作充分发挥政治思想工作优势畅通意见表达渠道加强对热点难点问题的引导及时化解矛盾主动释疑解惑促进校园和谐五转变作风切实提高工作效率和水平要端正思想作风各级领导干部广大党员和各位代表及广大教职员工要以解放思想实事求是与时俱进的科学态度认真研究和解决工作中的热点难点问题大力发扬求真务实积极探索敢于创新勇于实践的精神敢于和善于提出符合实际的新观点新思路新思想要转变工作作风各级领导干部要广泛听取师生员工的意见深入基层调查研究多听真话多摸实情关心师生思想工作学习生活情况充分调动广大师生员工的办学积极性和创造性认真解决学校改革和发展中面临的新情况新问题切实纠正工作中存在的官僚主义形式主义等弊端求真务实锐意进取强化师德师风要加强教师的职业道德教育倡导科学严谨的治学态度坚持教学质量的高标准营造浓浓的科研风气引导广大教师爱岗敬业勤奋踏实乐于奉献严谨治学用良好的师德风范来教育和引导学生形成正确的世界观价值观人生观以良好的教风带动良好的学风各位代表老师们同志们今年的工作目标和任务已经明确下一步关键是抓好落实会后希望各学部学院各部门认真学习传达和贯彻落实好本次会议精神按照会议要求认真研究部署本单位各项工作全面落实大会提出的各项任务各位代表老师们同志们让我们坚定信心振奋精神抢抓机遇扎实苦干为加快国际知名的高水平研究型大学建设而努力共同谱写大连理工大学事业发展的新篇章以优异的成绩向党的十八大献礼责任编辑曲长生相关阅读贯彻落实十八大精神加强教代会代表参事议事的工作贯彻落实十八大精神加强教代会代表参事议事工作落实教代会精神加快学校事业发展学校召开年度教代会提案工作会议张德祥书记参加宾州州立大学孔子学院理事会会议校党委书记张德祥一行到软件学院调研张德祥参加欧洲部分孔子学院联席会议张德祥会见沙河口区区委书记于德泉一行张德祥会见中国建设银行大连市分行行长林忠治校领导张德祥郭东明看望盘锦校区师生员工复制网址打印分享到每日推荐我校处级干部参观市反腐倡廉警示教育基地标兵故事蔡晗不忘初心方得始终标兵故事蔡晗不忘初心方得始终大连日报化工与环境生命学部评选最美团支书打造软件人才创新创业的摇篮新闻聚焦打造软件人才创新创业的摇篮大工学子在全国大学生金融创意设计大赛中喜获佳绩大工记者团和广播台获辽宁省十佳校媒称号数学科学学院党委积极开展与王家村党委共建活动机械工程学院人参加入党积极分子培训推荐视频钱令希诞辰百年纪录片发布预告年月日大工新闻学校隆重举行庆祝中国共产党成立周年大会为梦连理大连理工大学招生宣传片焦点图片毕业季校园里那抹亮色美女毕业生遇见特色学位服毕业季大学四年最遗憾的那些事毕业季最大工难忘凌工路号那件事大工建筑篇一你不得不知道的那些楼排行榜点击标兵故事李思远千淘万漉虽辛苦吹尽狂标兵故事李轶瑶执一而专心致志行微而校领导就推进学校改革发展征求意见明星教师张旭泉校园交通安全再聚焦大工财务网上报账系统已正式启用大工学报社科版荣膺全国高校百强社科期刊走进校友校友年度人物耿洪臣忘字何解怎样落笔都不对运载学子在全国船舶与海洋工程设计大赛中斩获第一页内容缓存全文内容缓存根据设置字体大小并初始化按钮请选择投票选项最多允许选项单页阅读分页阅读单页阅读分页阅读控制内容区域的的图片大小并为过大的图片添加查看原图复制网址复制链接成功被浏览器拒绝请在浏览器地址栏输入并回车然后将设置为复制链接成功改变字号小本文地址电话版权所有大连理工大学新闻中心
-1
