http://news.dlut.edu.cn/article/2015/1216/64659.shtml
9
127
165
165
240
240
352
352
267
267
辽宁省教改项目研讨会在大连理工大学召开学术动态大工新闻网首页新闻图片视频报纸广播首页新闻学术动态正文辽宁省教改项目研讨会在大连理工大学召开作者舒海文来源建设工程学部时间点击月日由大连理工大学建设工程学部端木琳教授主持的辽宁省教改项目基于评估标准的建环专业人才培养体系的研究与实践研讨会在大连理工大学国际会议中心举行该项目由大连理工大学主持参加单位有大连大学和辽宁科技大学为了获得用人单位的反馈意见会议还邀请了国内与大连市部分用人企业的专家参加参与的企业包括中国建筑设计研究院有限公司麦克维尔中央空调有限公司大连市建筑设计研究院有限公司大连市民用建筑设计研究院有限公司大连冷冻机股份有限公司和大连中盈机电工程有限公司等会上首先由端木琳教授介绍了大连理工大学建筑环境与能源应用工程专业的办学历程学生培养与就业等方面的内容该专业于年成立年获批硕士点与博士点年列入学校和重点建设学科年获批辽宁省重点学科年通过了住建部高等教育建筑环境与能源应用工程专业的本科教学评估与会专家对大连理工大学建环专业在较短的时间内取得的长足进步予以充分肯定并根据本单位的人才成长经验提出了对学校本科教学工作的建议中国建筑设计研究院刘轶和大连市建筑设计研究院叶金华等几位暖通专业总工都着重强调了基础知识和专业基础知识在专业人才培养中的重要性同时学生的专业表达能力也非常重要扎实的专业知识加上良好的表达能力可以说服业主接受自己的方案另外与会专家还分别从实习的重要性理论联系工程实际的能力不同专业工作对人才的不同需求等方面发表了自己的观点很多观点获得了多数专家的一致认同会议研讨气氛热烈收获颇丰会议最后由大连理工大学建设工程学部副部长王宝民教授进行了总结发言对各位专家提出的宝贵意见表示衷心感谢并介绍了国家在本科教学方面即将推出的改革措施突出强调了大学本科专业建设的重要性同时也希望各位专家能够一如既往地对大连理工大学进行教学和录用毕业生等多方面的大力支持责任编辑张平媛复制网址打印每日推荐学校党委就两学一做学习教育工作作出安排人民网具有模拟生理功能的类器官微流控芯片在中国高校之窗大连理工大学研发具有模拟生理功学校召开党委学习中心组扩大学习会议两学一做化环生学部四个注重力求学习教育大工学子在大连市高校船海文化节斩获佳绩弘扬体育精神展示大工风采两学一做能动学院开展两学一做学习教育核心价值观大工青年携手红三连共谱青春篇大连理工大学哲学社会科学研究成果获教育部采纳推荐视频钱令希诞辰百年纪录片发布预告年月日大工新闻学校隆重举行庆祝中国共产党成立周年大会为梦连理大连理工大学招生宣传片焦点图片毕业季校园里那抹亮色美女毕业生遇见特色学位服毕业季大学四年最遗憾的那些事毕业季最大工难忘凌工路号那件事大工建筑篇一你不得不知道的那些楼排行榜点击面孔学术之星我校承担的中国工程院咨询研究重点项目启动会我校赴无锡参加纪念钱令希诞辰周年活动大连理工大学在全国专业学位研究生教育中获表校友总会第六届理事会第二次会议召开大连理工大学哲学社会科学研究成果获教育部采大连理工大学研发具有模拟生理功能的类器官微两学一做全校名学生预备党员参加培训研究生学术科技节聆听名师讲堂畅饮学术甘两学一做学校二级党组织陆续开展两学一第一页内容缓存全文内容缓存根据设置字体大小并初始化按钮请选择投票选项最多允许选项单页阅读分页阅读单页阅读分页阅读控制内容区域的的图片大小并为过大的图片添加查看原图复制网址复制链接成功被浏览器拒绝请在浏览器地址栏输入并回车然后将设置为复制链接成功改变字号小本文地址电话版权所有大连理工大学新闻中心
-1
