http://news.dlut.edu.cn/article/2016/0510/66399.shtml
11
143
211
211
165
165
240
240
352
352
267
267
大工人物校友篇王晓辉淡看荣誉寄情科研大工人物大工新闻网首页新闻图片视频报纸广播首页新闻大工人物正文大工人物校友篇王晓辉淡看荣誉寄情科研作者董柏琪朱志伟来源校友工作处时间点击校友档案王晓辉中国科学院沈阳自动化研究所研究员博导曾任水下机器人研究室主任现任工程项目处处长年年就读于我校自动控制专业年年硕士就读于我校工业自动化专业长期从事水下机器人领域科研及科研管理工作是重级作业型遥控潜水器项目负责人国内首台自走式海缆埋设机控制系统负责人国家十五重大专项米载人潜水器蛟龙号副总设计师控制系统子课题负责人荣获国务院政府特殊津贴中科院杰出科技成就奖全国五一劳动奖章等多项荣誉在别人看来他是身上有着诸多光环的优秀科技工作者但在王晓辉看来他只是一个平凡的科研人员面对鲜花和掌声他总是淡然一笑荣誉只是短暂的辉煌更值得回味的是其背后凝聚的艰辛与汗水是曲折逆境中的进步与感动是从起点到达终点的光辉历程为蛟龙号打造强大龙脑年月王晓辉被调到沈阳自动化研究所水下机器人研究室担任普通科员从此与水下机器人结下了不解之缘从解剖机器人控制机械手臂开始他一头扎进了科学研究的海洋里每天孜孜不倦地工作着针对遇到的各种技术难题他更是不断地学习各类知识为自己充电好像一棵小树在拼命汲取营养通过参与研制重级作业型遥控潜水器国内首台自走式海缆埋设机并担任项目负责人他展现出扎实的技术功底和过硬的项目把控能力渐渐成为了这一领域的专家年科技部将深海载人潜水器研制列为计划重大专项启动蛟龙号载人深潜器的自行设计自主研制工作第二年王晓辉被聘为中科院沈阳自动化研究所水下机器人研究中心副主任开始了蛟龙号控制系统研发的艰难历程蛟龙号主控制系统被誉为中国龙脑技术非常复杂要求也非常严格世界上能自主研发此类设备的国家屈指可数摆在王晓辉面前的是块硬骨头根本没有任何国内先例可借鉴他只能凭借研制水下机器人的些许经验带领技术团队开始了一系列的攻坚克难路漫漫其修远兮艰苦卓绝而求索他下班不回家周末不休假几乎把全部精力都放在了工作上咬紧牙关殚精竭虑一干就是好几年头上的白发也悄然增多研发过程中他始终以谨小慎微如履薄冰的态度对待每个环节他说未验证过的技术轻易不能使用任何一点失误都可能导致非常严重的后果在开发新技术的同时王晓辉更加注重基础研究虽然它不是一种特定的技术短时间内还看不到太明显的进展但不搞基础研究就没有新技术可用经过大量的基础研究技术攻关试验调试他带领团队一路披荆斩棘在破解技术难题的同时也积累了大量技术经验宝剑锋从磨砺出梅花香自苦寒来成功没有捷径唯有一步一个脚印地向前走漫长的付出终于有了回报王晓辉团队最终圆满完成了任务他们开发的控制系统在蛟龙号海试过程中从未出现过故障多次获得上级领导的表扬科研过程中的享受比成功时的喜悦更持久年月蛟龙号米海试取得圆满成功标志着蛟龙号的工作范围可以覆盖全球的海域中国也成为拥有世界上作业深度最大的作业型载人潜水器的国家消息传来举国欢庆中国深度振奋人心从年立项到年收官历经的十年是中国科技不断突破硕果累累的十年更是中国科研人员呕心沥血埋头苦干的十年王晓辉带领研发团队十年磨一剑终于用汗水浇灌出科技之花成功的那一刻所有的艰辛都化成了甜澧兴奋和喜悦溢于言表回望这段艰辛和荣耀的历程王晓辉感慨颇多一路走来虽然饱经风雨但是勇敢者的脚步从未退缩想要追求卓越就一定要历经磨难要相信困难都会被克服掉只是时间长短的问题岁不寒无以知松柏事不难无以知君子自强不息坚韧不拔是中华民族固有的精神基因面对现代化征程中的困难与挑战无数王晓辉一样的优秀中华儿女正一路引吭高歌砥砺前行辉煌过后王晓辉又投入到了紧张忙碌的工作中他的办公桌上摆放着一艘蛟龙号模型在阳光的照耀下熠熠生辉看着这部模型王晓辉的脸上有一丝欣慰也有一丝淡然蛟龙号只是我科技生涯中的一个科研项目而已没有什么太了不起其实科研人员很平凡古语云谦谦君子卑以自牧在他的言行中总是流露出科技工作者谦逊儒雅的本色荣誉都是短暂的奋斗才是永恒的科研的过程虽然充满艰辛但却弥足珍贵我更享受科研开发的过程它比成功的喜悦更持久传道授业亦师亦友如今的王晓辉还在带着研究所的学生们一起做项目搞基础研究我提供的并不是知识的传播更多的是经验的指导踏实严谨团结协作谦虚好学是科研人员的基本素质唯有踏实严谨才能下苦功夫少犯错误唯有团结协作才能凝聚力量实现共赢唯有谦虚好学才能不满现状不断进步带学生过程中王晓辉十分注重学生个人素质的培养希望他们做德才兼备的科技人才大学时光是短暂而难忘的回想起自己在大工学习的经历王晓辉记忆犹新大学里他十分刻苦每天沉醉在知识的海洋里如饥似渴地学习他大部分时间都呆在教室和图书馆里阅读大量书籍构建自己的知识体系他不但学习成绩优秀学生工作也很出色在担任学生干部的过程中他严谨处事积极为别人着想培养自信锻炼自己的组织沟通能力这些也为他今后的管理工作打下了基础大学里重要的不是学到多少知识而是快速掌握知识的方法学校里学到的知识能应用到实际工作中而实际工作中又会不断涌现新的知识让你去学习参加工作几十年来大学里养成的学习习惯和方法令王晓辉受益匪浅你付出的每一点艰辛努力在日后工作中都会不同程度的回报和学生们在一起王晓辉从来不认为自己是老师而是他们的朋友他会把平生所学所知所悟毫无保留地传授给学生们甘当人梯甘当铺路石以人格魅力引导学生心灵以科研造诣开启学生的智慧之门看似寻常最奇崛成如容易却艰辛在科研的沃土上王晓辉始终秉承团结进取求实创新的大工精神不断耕耘着收获硕果累累彩霞满天责任编辑张平媛复制网址打印每日推荐国际学生体验大连理工大学知华企业行大工人物校友篇宁忠培大型国企转型中的领大工人物校友篇宁忠培大型国企转型中的领学校党委就两学一做学习教育工作作出安排人民网具有模拟生理功能的类器官微流控芯片在中国高校之窗大连理工大学研发具有模拟生理功学校召开党委学习中心组扩大学习会议两学一做化环生学部四个注重力求学习教育大工学子在大连市高校船海文化节斩获佳绩弘扬体育精神展示大工风采推荐视频钱令希诞辰百年纪录片发布预告年月日大工新闻学校隆重举行庆祝中国共产党成立周年大会为梦连理大连理工大学招生宣传片焦点图片毕业季校园里那抹亮色美女毕业生遇见特色学位服毕业季大学四年最遗憾的那些事毕业季最大工难忘凌工路号那件事大工建筑篇一你不得不知道的那些楼排行榜点击面孔学术之星我校承担的中国工程院咨询研究重点项目启动会我校赴无锡参加纪念钱令希诞辰周年活动大连理工大学在全国专业学位研究生教育中获表校友总会第六届理事会第二次会议召开大连理工大学哲学社会科学研究成果获教育部采大连理工大学研发具有模拟生理功能的类器官微两学一做全校名学生预备党员参加培训学校党委就两学一做学习教育工作作出安排两学一做学校二级党组织陆续开展两学一第一页内容缓存全文内容缓存根据设置字体大小并初始化按钮请选择投票选项最多允许选项单页阅读分页阅读单页阅读分页阅读控制内容区域的的图片大小并为过大的图片添加查看原图复制网址复制链接成功被浏览器拒绝请在浏览器地址栏输入并回车然后将设置为复制链接成功改变字号小本文地址电话版权所有大连理工大学新闻中心
-1
