http://news.dlut.edu.cn/article/2016/0701/67573.shtml
14
341
265
70
165
165
240
240
352
352
267
267
254
20
190
建设工程学部开展西藏少数民族学生就业经验交流会菁菁校园大工新闻网首页新闻图片视频报纸广播首页新闻菁菁校园正文建设工程学部开展西藏少数民族学生就业经验交流会作者韩晓雨来源建设工程学部时间点击月日下午建设工程学部在综合实验三号楼五楼会议室开展了西藏少数民族学生综合素质提升计划第三期就业经验交流会本次交流会邀请到届毕业西藏学生次仁扎西和边巴曲塔建设工程学部辅导员代表及西藏少数民族学生参加了本次活动届毕业生辅导员韩晓雨老师首先对本学年西藏毕业生总体签约情况进行了介绍签约中国农业银行阿里分行的次仁扎西同学介绍了自己在就业过程中的经历和经验建议同学们将眼界放宽多关注各大网站的招聘信息在找工作的过程中多尝试给自己创造更多机会签约西藏自治区勘察设计院的边巴曲塔同学介绍了自己丰富的实习经历他以自己的亲身体验和感受告诉大家应该努力学习专业知识尽最大可能提升自己的成绩多充实自己为入职后的实际工作做好准备针对在座同学的提问两位毕业生学长以各自的亲身体验和感受分别给与了细致而生动的回答他们真诚的建议和幽默的话语让同学们意犹未尽交流话题不断氛围热烈同学们十分认真边听边记录重要的信息张硕老师对西藏地区的就业形势政策以及往届西藏毕业生的去向进行了介绍为同学们讲解了提高简历制作水平和面试技巧的方法她要求同学们在即将到来的求职前充分了解招聘的企事业单位准备好个人简历等求职资料并在求职过程中保持耐心决心和信心让企业认识了解自己给自己更多的机会本次交流会的成功开展为西藏少数民族学生解决了许多实际的问题为帮助西藏少数民族学生增强自身素质提升就业竞争力打下了良好基础为进一步提升少数民族思想政治教育工作起到了积极的作用责任编辑张平媛复制网址打印每日推荐第六届电子信息与电气工程学部科技文化节落幕建艺研究生志愿者返爱社会放飞梦想两学一做全燮教授在环境研究生中开展导师带两学一做化环生学部党委委员张淑芬教授到基层两学一做遵崇党章遵守党规做合格党员两学一做数学科学学院师生党员集中学习党章党钱令希院士诞辰百年系列纪念活动将掀高潮两学一做以丰富的党日活动庆祝党的岁华诞首期软件工程青才论坛在开发区校区举行建党周年机关党委举办系列党课活动推荐视频钱令希诞辰百年纪录片发布预告年月日大工新闻学校隆重举行庆祝中国共产党成立周年大会为梦连理大连理工大学招生宣传片焦点图片毕业季校园里那抹亮色美女毕业生遇见特色学位服毕业季大学四年最遗憾的那些事毕业季最大工难忘凌工路号那件事大工建筑篇一你不得不知道的那些楼排行榜点击面孔优秀共产党员党务工作者掠影辽宁省委书记李希视察大连理工大学组图心声师生热议习总书记建党周年校长郭东明会见荆楚理工学院校长谭晓明中组部两学一做学习教育督导组到大工实地钱令希院士诞辰百年胡文瑞院士做客大工评论党旗猎猎别样红誓言铮铮壮征程辽宁省社科联主席孙成杰一行来我校调研大连理工大学在辽宁省大学生创新创业年会中再我校首次通过实验发现低气压等离子体中的辉光第一页内容缓存全文内容缓存根据设置字体大小并初始化按钮请选择投票选项最多允许选项单页阅读分页阅读单页阅读分页阅读控制内容区域的的图片大小并为过大的图片添加查看原图复制网址复制链接成功被浏览器拒绝请在浏览器地址栏输入并回车然后将设置为复制链接成功改变字号小本文地址电话版权所有大连理工大学新闻中心
-1
