http://news.dlut.edu.cn/article/2016/0720/68322.shtml
27
177
300
231
133
283
43
192
192
22
281
165
165
240
240
352
352
267
267
29
35
380
302
200
2
281
91
246
研招进行时如火如荼开展年研究生招生宣传综合新闻大工新闻网首页新闻图片视频报纸广播首页新闻综合新闻正文研招进行时如火如荼开展年研究生招生宣传作者刘易杭来源研究生院时间点击为保障我校研究生生源质量月中旬开始由研究生院招生办公室组织推动各院系积极配合我校全面开展了年研究生招生宣传工作本年度招生宣传工作以重点生源地区全覆盖信息发布渠道全覆盖和考生关注焦点全覆盖为目标采用请进来的优秀大学生学术夏令营和走出去的赴外校研招宣讲会两种方式并结合大工研究生招生微信公众号等新媒体形成宣传合力吸引优质生源请进来学术夏令营诚邀优秀学子今年月伊始由研究生招生办公室组织个院系提交申请开展我校大学生学术夏令营活动此次学术夏令营共吸引了来自全国各高校的名大学生报名经过院系和学校的审核最终邀请来自所国内知名高校的名同学到我校参营夏令营活动中各院系通过组织营员聆听知名学者报告实地参观实验室等活动使考生对我校的历史变革发展特色师资队伍科研机构学科建设人才培养就业情况等方面有了深入的了解部分院系还组织了导师与营员的双向交流会方便考生在报考前了解学科前景和选择导师夏令营期间恰逢我校开展纪念钱令希院士诞辰一百周年活动运载学部组织全体营员到令希图书馆参观了钱令希院士百年诞辰纪念展参观过后很多同学聚在钱老的著作和手稿前观看和讨论感受钱老的治学精神和学在大工的深厚底蕴久久不忍离去走出去研招宣讲会与教授零距离交流月至月间研究生招生办公室工作人员和各院系专业教师分别前往中国海洋大学华中科技大学东北大学西北农林科技大学中国地质大学中国石油大学哈尔滨工程大学等十余所国内高水平大学开展研招宣讲会场发放本校研招手册余份行程近两万公里其中运载工程与力学学部副部长侯文彬教授马克思主义学院副院长徐成芳教授水利工程学院副院长于龙教授和船舶工程学院副院长刘刚教授分别前往武汉地区沈阳地区西安地区和广州地区的研招宣讲会现场介绍学院情况并与考生零距离沟通交流招生宣传过程中研招办工作人员针对各场研招宣讲会提前定工作计划确定行程和发布信息采取现场宣讲发放研招手册现场答疑等方式耐心细致地回答了前来咨询的考生和家长普遍关心的师资力量录取政策住宿条件大连气候等各类问题并进一步就我校优势学科特色专业的发展前景做了详尽介绍年我校赴各高校的研招宣讲会得到了考生和家长的高度关注和一致好评也展示了我校研究生招生宣传老师们良好的风貌多渠道多种媒体搭起研招信息桥梁研究生院招生办公室和各院系高度重视研究生招生宣传活动精心设计了我校年研究生招生宣传手册并积极运营大工研究生招生微信公众号研究生招生宣传手册中针对学校概况研究生学制学费执行标准奖助学金简介夏令营优惠政策上一年度研招数据和研招办及各院系研究生招生负责老师联系方式进行了详细介绍宣传手册集中了考生报考录取过程中关注的全部问题节约了考生在网站上查找相关政策的时间成本方便考生查询的同时将我校研招政策广而告之在大学生群体微信使用率越来越高的前提下研招办积极管理并运营大工研究生招生微信公众号将我校研究生的各类招生简章和招生政策通知发布到微信公众号使考生可以在任何地点任何时间方便地使用手机进行查询同时将学科科研导师简介活动通知和校园风光等内容定期推送加强考生对我校的认知大工研究生招生微信公众号的成功运营使我校研招政策发布更有效率也便于考生轻松查阅政策和活动通知年研究生招生宣传活动向考生和家长展示了我校的科研成就培养特色和校园文化提高了我校的知名度和社会影响力让诸多有志于报考我校的考生近距离了解到学校丰富多彩的校园生活和平易近人的导师形象进一步激发了广大考生对我校的憧憬和向往研究生招生下一阶段的工作重点为将于月中旬启动的推免生接收工作招生宣传的重心也将由校外转至校内此外研究生招生办公室已于月日开通推荐免试攻读硕士博士学位研究生预报名系统为接收推免生工作做好了充足的准备责任编辑张平媛复制网址打印每日推荐研招进行时如火如荼开展年研究生招生宣传两学一做把政治纪律和政治规矩内化于心外化于全国近所高校教师学者来校研讨马克思主义发展材料科学与工程学院选举产生新一届党委并成立纪委大连日报钱令希院士百年诞辰纪念展揭幕辽宁日报大工举行钱令希院士百年诞辰纪念展大工人物校友篇张阿漫胸怀海洋强国梦大工人物校友篇张阿漫胸怀海洋强国梦贯彻落实全面从严治党要求强化政治纪律和政治规群策群力抢抓机遇为大工吸引一流生源推荐视频钱令希诞辰百年纪录片发布预告年月日大工新闻学校隆重举行庆祝中国共产党成立周年大会为梦连理大连理工大学招生宣传片焦点图片毕业季校园里那抹亮色美女毕业生遇见特色学位服毕业季大学四年最遗憾的那些事毕业季最大工难忘凌工路号那件事大工建筑篇一你不得不知道的那些楼排行榜点击机械工程学院新教学楼开工建设钱令希诞辰百年纪录片发布预告我校论文被计算机视觉及模式识别领域国际顶尖钱令希院士诞辰百年春风化雨润物无声中国工程院院士陈政清受聘大连理工大学兼职教钱令希院士诞辰百年宝贵的精神财富永恒王立鼎院士与两岸学子分享科研历程群策群力抢抓机遇为大工吸引一流生源机械工程学院完成新一届党委换届及纪委成立选钱令希院士诞辰百年业精于勤奋功成于坚第一页内容缓存全文内容缓存根据设置字体大小并初始化按钮请选择投票选项最多允许选项单页阅读分页阅读单页阅读分页阅读控制内容区域的的图片大小并为过大的图片添加查看原图复制网址复制链接成功被浏览器拒绝请在浏览器地址栏输入并回车然后将设置为复制链接成功改变字号小本文地址电话版权所有大连理工大学新闻中心
-1
