http://news.dlut.edu.cn/
206
33
234
177
341
195
145
242
268
143
56
127
101
67
134
160
145
242
268
143
56
127
101
67
134
160
138
81
71
19
209
209
82
82
367
367
22
22
29
29
200
200
195
284
173
72
362
145
93
34
166
69
160
321
50
326
134
199
174
137
306
235
41
67
83
248
210
52
351
169
209
234
201
73
329
139
167
177
338
270
163
296
379
6
84
96
162
308
361
191
237
357
208
290
341
37
309
373
226
14
28
123
318
286
223
154
257
85
7
85
293
68
18
106
214
224
121
366
180
103
245
27
171
119
262
92
242
47
274
220
315
63
225
158
233
222
105
82
82
82
82
190
190
254
254
313
313
320
320
287
287
127
263
5
76
104
312
132
253
288
56
94
155
89
57
345
86
75
305
143
192
155
89
345
319
86
305
374
101
1
112
369
176
272
285
179
332
379
96
84
296
6
338
270
163
47
201
20
29
367
322
209
325
251
241
200
371
大工新闻网大连理工大学学校要闻综合新闻栏目图标调整学校要问标题过长防止换行宣传部站群海燕网星海夜话手机版新闻线索预约采访会员投稿留言板学校要闻综合新闻菁菁校园新闻聚焦校园视点信息预告媒体大工领导论坛大工人物校友之声学术动态大工往事部院风采合作交流专题新闻校园视点信息预告媒体大工领导论坛大工人物校友之声学术动态大工往事部院风采合作交流专题新闻精彩瞬间光影四季人文艺术校史钩沉第一时间大工新闻在你身边专题报道校园文艺校园拍客今日大工大工讲坛关于团队校史故事品学校园文艺校园拍客今日大工大工讲坛关于团队校史故事品学十七点播报广播台新闻节目综艺节目外文节目专题节目广播剧下载建党节党代会标语钱令希院士百年诞辰学术思想座谈会召从首届毕业生毕业决心书中传承红大连理工大学召开第三十五次学生代表贯彻落实全面从严治党要求强化政治机械工程学院新教学楼开工建设钱令希院士诞辰百年宝贵的精神财更多新闻聚焦导师带我学理论让师生爱党情怀流空间智能硬件团队用青春坚守的创业运动会赛前训练人心齐泰山移篮球筑梦巾帼征战显雄风更多校园视点诚信应考勿忘初心教师节老师最需什么礼和校园里的传单说再见这些年我们一起抛弃的名著更多专题新闻建党周年第八届嘉年华钱令希院士诞辰百年更多合作交流大连理工大学中国建筑第八工程局有限和期刊主编访问我校人第二届滨城夏都三城发现之旅落化工与环境生命学部师生赴日本北九州市大连市人社局人才服务中心和君集团与我校参加全国高中与高校拔尖创新人才培更多部院风采两学一做远教院领导班子带头学教务处召开实验室会议强化经费规范管理两学一做人文学部领导班子开展中两学一做建工材料师生党员参观大管理与经济学部召开全体教职工大会暨期管经学部召开第二次党员代表大会钱令希院士百年诞辰学术思想座谈会召开年是著名的力学家和教育家我国计算力学的开拓者中国科学院资深院士钱令希先生诞辰一百周年月日大连理工大学在伯川图书馆多功能厅召开钱令希院士更多学校要闻郭东明校长会见白俄罗斯国立大学校长阿布拉缅因科谢深入学习领会中央省委市委精神要求确保学习教育扎实学校召开党委全委会校长郭东明到基层党支部讲党课美国密歇根大学副校长胡仕新教授应邀作专题报告更多综合新闻我校优秀研究生赴新加坡参加全球青年领袖游学营活动两学一做重温历史记忆追寻先进榜样争做合格党员实践在路上躬行践履念初心筑梦青春再前行党委副书记副校长宋丹率团赴龙陵县调研中澳科学家联合攻关在硅烯研究中取得突破大工学子参加第七届世界大学生领导者研讨会实践在路上齐风鲁韵共连理望煦寻华报国行第七届国际离散元法会议在大工召开我校马克思主义学院思政课教学改革工作受媒体广泛关注第三届全国颗粒材料计算力学会议在大连理工大学召开两学一做坚定理想信念传承红色基因我校在人类乳腺癌治疗策略的研究中取得新进展基于合金薄膜电极的高效电化学催化产氢取得新进实践在路上印象辽宁梦想中国心系辽东绿韵连理第十一届工业爆炸与安全防护国际学术会议在大连召开更多菁菁校园建设工程学部张鑫旺获学生竞赛团体第一名软件学院创新师资聘任方式加强学生实践能力培养电信学部青年教师和学生参观革命纪念馆缅怀革命先烈体育教学部赴云南龙陵支教团启程物理学院开展社会工作奖学金打擂评审机械工程学院举办年全国优秀大学生学术夏令营建筑材料研究所师生赴大连三川集团参观实习建艺学院举行筑梦艺行社会实践团成立仪式打造多元化精英咨询团队开拓招生宣传工作新局面数学学院举办年全国优秀大学生数学学术夏令营建设工程学部校友田熹东来校作创新创业报告软件学院圆满完成江苏福建及大连金州开发区招生宣传信息预告通知讲座关于举办党中央治国理政新理念新思大工讲坛引力波探测中国空间太文苑第期嘉年华定制版瑰文苑第期以文化的视角论百家讲管理讲堂严峻形势考验下传统企业的大连理工大学附属学校小学新生入学通文苑第期古韵今风国粹传承关于举行大工讲坛报告会的通知创业与风险投资市场实战经验分享会讲亚洲共同体主题讲座暨亚洲财团卓越学管经学部邀请亚洲一体化基金理事长佐辽宁省好记者讲好故事报告团巡回炎黄文化与中华民族伟大复兴党报记者进校园系列讲座第四讲大工微访谈央视新闻中心主任编辑王党报记者进校园第三讲用冷静语言讲媒体大工更多光明日报大连理工援梦专列启东北新闻网第十一届工业爆炸与安中国教育报将信仰写在思政课堂上中国科学报好故事救活思政课天健网大连理工大学讲好故事激央广网第十一届工业爆炸与安全防中国科学报大连理工大学锂离子中国科学报编译创新源代码中国日报网大工思政课让课堂活人民网大连理工大学思政课案例教视频新闻更多钱令希诞辰百年纪录片发布预年月日大工新闻学校隆重举行庆祝中国共产党成立为梦连理大连理工大学招年月日大工新闻年月日大工新闻更多从首届毕业生毕业决心书中传承红色基因作为我们党在新中国成立前夕亲手创办的新型正规大学大工与新中从首届毕业生毕业决心书中传承红色基因组图心声师生热议习总书记建党周年讲话面孔优秀共产党员党务工作者掠影在现场图说庆祝中国共产党成立周年大会大工欢迎你你的大工你定义毕业晚会散场离歌时却难说再见更多学术动态人文学部王贤文副教授受邀担任国际英文期刊副主编大数据与交通出行需求管理创新论坛在我校成功举办中国建筑学会工程管理分会青年委员会学术论坛在我校举办项目中国区第二次项目推进会召开第四届建筑结构基础理论与创新实践论坛在大连召开马克思主义学院举办第二届文化强国高层论坛马院两项国家社科基金项目分别以优秀良好结项低维拓扑国际研讨会在我校成功举行更多校友之声材料级校友返校暨奖学金签约仪式顺利举行大工人物校友篇大工合伙人李欣张生言包嘉会大工人物校友篇陈松执着担当的理工男原管理学院经济系届本科校友毕业十周年重聚母校大工人物校友篇李彬央企高管的简单人生大工人物校友篇李吉宝富有情怀和责任感的企业家校友齐聚返校日共叙情谊游大工大工人物校友篇李一勇勇于开拓创新的工程师更多大工人物大工人物校友篇张阿漫胸怀海洋强国梦大工人物校友篇大工合伙人李欣张生言包嘉会大工人物校友篇陈松执着担当的理工男大工人物校友篇李彬央企高管的简单人生大工人物陈晓晖因为热爱所以坚守大工人物校友篇李吉宝富有情怀和责任感的企业家大工人物校友篇李一勇勇于开拓创新的工程师武春友教授一位让绿色发展成为国家战略的推动者更多大工往事走近老教授张丽美英语系创建团队的普通一兵走近老教授李阳春两个历史性事件走近老教授蒋中权中国工业科技管理大连培训中心走近老教授周玉凤由教材的变迁看数学系的发展走近老教授王天明辉煌的应用数学系走近老教授陈方培在历史风云中艰难重建的物理系走近老教授冯锡钰第一代师资力量从学生中选拔走近老教授王少新船舶系在创新实践中大发展周月新闻排行中澳科学家联合攻关在硅烯第七届国际离散元法会议在实践在路上齐风鲁韵共党委副书记副校长宋丹率大工学子参加第七届世界大我校优秀研究生赴新加坡参两学一做重温历史记忆实践在路上躬行践履念光明日报大连理工援郭东明校长会见白俄罗斯国辽宁省委书记李希视察大连机械工程学院新教学楼开工大连理工大学召开第三十五坚持党的领导加强党的建钱令希院士百年诞辰学术思年全国十六所工科重点落实十三五发展规划郭东明校长会见剑桥大学副钱令希院士诞辰百年宝大工附校中考成绩再创历史校内网站大连理工大学学校办公室研究生院教务处学生处人事处大工就业网友情链接人民网新华网搜狐思拓合众果实网空中课堂中国大学生在线电话版权所有大连理工大学新闻中心
-1
