http://news.dlut.edu.cn/article/2016/0805/68532.shtml
29
177
282
125
359
31
188
12
159
30
184
130
165
165
240
240
352
352
267
267
130
125
184
188
359
12
15
31
159
282
学校组织召开科技成果研讨会综合新闻大工新闻网首页新闻图片视频报纸广播首页新闻综合新闻正文学校组织召开科技成果研讨会作者孔凌来源科学技术研究院时间点击为了推动各学部学院加强科技成果的总结凝练和谋划做好成果奖励工作月日科学技术研究院在四楼中心会议室组织召开了科技成果研讨会教育部科技发展中心周静副主任应邀到会做了推进奖励改革激励科技创新的专题报告各学部院部院长科研部院长国家杰出青年基金获得者长江学者特聘教授部分关注知识产权和科研成果奖励申报的教师以及科研院相关人员等近人参加了会议会议由科学技术研究院常务副院长王博教授主持周静副主任从高校有关科研活动概况教育部科技奖励工作改革教育部科技奖励工作现状以及报奖中需注意的问题四个方面详细介绍了教育部科技奖励工作的发展过程主要内容以及工作流程对教育部科技奖励改革的指导思想基本原则总体思路主要内容等几方面进行了全面解读对教育部科技奖的奖励范围和评审程序等作了详细介绍并对奖励推荐工作中需注意的主要问题逐条进行具体分析研讨会期间周静主任考察了海洋能源利用与节能教育部重点实验室等科研平台并与部分科研团队的教师代表进行了座谈座谈会上教师们围绕着成果的积累凝练和知识产权的总结规划与周静副主任进行了深入的交流周静副主任对我校知识产权转化情况以及建设知识产权信息服务平台的建议和意见进行了调研通过研讨和座谈交流参会教师对奖励申报工作有了更全面的了解也深刻认识到做好科技奖励工作的关键在于平时科研工作中的系统性规划和不断地总结提升此次研讨会对我校科技成果奖励工作具有积极推动作用责任编辑王增强复制网址打印每日推荐郭东明校长会见大连公交集团董事长孙明一行罗均炎同志逝世学校组织召开科技成果研讨会实践在路上走进企业长才干扬帆起航京津冀我校在构建高性能锂离子电池负极材料研究取得新进大工代表队勇夺全国电子商务三创赛总决赛特等新兴电子商务的信息与物流管理教育部创新团队人民网大连理工大学名学生到云南龙陵辅导学中办国办印发关于进一步完善中央财政科研项目给科研人员松绑加油推荐视频钱令希诞辰百年纪录片发布预告年月日大工新闻学校隆重举行庆祝中国共产党成立周年大会为梦连理大连理工大学招生宣传片焦点图片毕业季校园里那抹亮色美女毕业生遇见特色学位服毕业季大学四年最遗憾的那些事毕业季最大工难忘凌工路号那件事大工建筑篇一你不得不知道的那些楼排行榜点击给科研人员松绑加油罗均炎同志逝世中办国办印发关于进一步完善中央财政科研我校在构建高性能锂离子电池负极材料研究取得学校组织召开科技成果研讨会大工代表队勇夺全国电子商务三创赛总决赛实践在路上赴渝见证传统制造业老树发新实践在路上走进企业长才干扬帆起航京津新兴电子商务的信息与物流管理教育部创新郭东明校长会见大连公交集团董事长孙明一行第一页内容缓存全文内容缓存根据设置字体大小并初始化按钮请选择投票选项最多允许选项单页阅读分页阅读单页阅读分页阅读控制内容区域的的图片大小并为过大的图片添加查看原图复制网址复制链接成功被浏览器拒绝请在浏览器地址栏输入并回车然后将设置为复制链接成功改变字号小本文地址电话版权所有大连理工大学新闻中心
-1
