http://news.dlut.edu.cn/article/2014/1213/59186.shtml
10
165
165
240
240
352
352
267
267
363
26
校园交通安全再聚焦校园视点大工新闻网首页新闻图片视频报纸广播首页新闻校园视点正文校园交通安全再聚焦作者记者团张一许可心来源宣传部新闻中心时间点击编者按近期我校校园内摩托车含电动助力车以下简称摩托车数量急剧增加已引发数起交通事故学校为维护校园秩序和交通安全营造良好校园环境保障师生员工人身安全根据国家有关法律法规规定并结合我校实际决定在我校校园内禁止外来摩托车通行新闻网再次聚焦校园交通安全为校园平安保驾护航打开手机点击软件就可以呆在宿舍静等美味快餐出现随着订餐软件的大肆流行大学生对外卖送餐的需求量与日俱增中午高峰期时校园内随处可见风驰电掣的小摩托送餐车闪转腾挪上演时间争夺战享受便利的同时屡有交通事故发生小编不禁呼吁送餐小哥慢点飞行人走路多谨慎奔跑的外卖带来交通安全隐患自从外卖送餐涌入校园校园内几乎每天都能看到外卖师傅们骑着车各处奔到了饭点校园内奔跑的外卖随处可见外卖之所以如此持久地受到同学们的青睐其主要原因还是在于价格便宜叫餐方便送餐到楼下也使得很多人可以足不出户解决一日三餐外卖的大量市场需求日益扩大带来大量外卖送餐工作岗位几乎每个商家都有到位送餐人员这些人员中有一部分则是校内的学生数据显示有些店家每天每位送餐人员送出的外卖份数多达多份这也就说明如果在中午高峰期两小时内就要到份平均每送出份仅占用不到分钟的时间如此高效的工作时间显得尤为紧迫不少送餐人员提高开车速度随之而来的便是越来越多的安全隐患外卖送餐车与车车与人刮蹭相撞事件在校园内并不鲜见但是往往都未能引起足够的重视天气冷了穿得都多还大包小包那么多份饭不灵活也影响视线一位送餐人员接受采访时说咱都给人送餐也不能送得比别人慢看别的送得多不急么车速快也就难免攀比和竞争心理在一定程度上也影响着送餐人员加之中午和晚上用餐高峰时段校园内人流量激增道路也不那么畅通在订餐电话的催促下很多送餐人员只能边接电话边开车发生事故的可能性便更大其他几位接受采访的送餐师傅纷纷表示最近天气冷地上还结了冰为了不再发生事故也为了自己和同学们的安全会尽量放慢速度避开行人淡化的安全意识亟需提高外卖送餐安全隐患凸显校园内因送餐人员车速快不遵守交通规则抢行而导致的人车刮碰事件已发生多起我们也发现很多师生在校园里过马路时时常不注意来往车辆三五成群行走在马路中央一则觉得校园内车速并不快很多人便不把交通安全问题放在心上二则因为很多人默认为在校园里理应是车避让行人无论是何种心态轻视校园交通安全的做法都是不可取的保安人员表示大学校园中的交通安全应该引起大家的足够重视同学们也应该更加注重自身安全避免不必要的伤害目前学校针对近期校园内摩托车含电动助力车以下简称摩托车数量急剧增加已引发数起交通事故的情况为维护校园秩序和交通安全营造良好校园环境保障师生员工人身安全根据国家有关法律法规规定并结合我校实际决定在我校校园内禁止外来摩托车通行从月日起禁止各种外来摩托车进入校园和在校园内通行保卫处派专人在各校门入口处进行严格检查校园交通安全从你我做起校园交通安全关乎每个人的切身利益在此呼吁校园内行驶的车辆按照规定速度行驶集中精神提高预判礼让行人行人过马路时多留心减少给自己和他人造成的危险因素西山生活区和教学楼周围熙熙攘攘的人群里究竟有多少人会有过马路前停顿一下环顾四周的习惯呢请倍加小心不要等到为时已晚后懊悔不迭关注交通安全从现在做起外卖给人们带来方便的同时也暗藏着食品安全隐患请师生们选好商家谨慎订餐少订慢催为舒缓校园交通出份力校园交通安全时刻放心上责任编辑张平媛相关阅读复制网址打印每日推荐助学筑梦铸人大工颁发助学金寒冬送暖梳理凝炼共建网络信息化平台核心价值观让传统文化与校园文化有机融合电信学部名自强学子获得华畅专项资助金大工与白俄罗斯国立大学签署共建联合研究中心协议全国高校校园好声音大赛东北区域决赛大连理工大学年中外学生联欢会天健网大工学子摘全国大学生金融创意设计大赛大连新闻网大连学子在高校移动互联网应用开发光明网大连学子在高校移动互联网应用开发创新推荐视频钱令希诞辰百年纪录片发布预告年月日大工新闻学校隆重举行庆祝中国共产党成立周年大会为梦连理大连理工大学招生宣传片焦点图片毕业季校园里那抹亮色美女毕业生遇见特色学位服毕业季大学四年最遗憾的那些事毕业季最大工难忘凌工路号那件事大工建筑篇一你不得不知道的那些楼排行榜点击标兵故事李思远千淘万漉虽辛苦吹尽狂校领导就推进学校改革发展征求意见明星教师张旭泉标兵故事蔡晗不忘初心方得始终校园交通安全再聚焦就业榜样冯小丽圆梦阿里拥有专属于自忘字何解怎样落笔都不对走进校友校友年度人物耿洪臣奔跑的摩托校园内止步的第一天大工处级干部参观市反腐倡廉警示教育基地第一页内容缓存全文内容缓存根据设置字体大小并初始化按钮请选择投票选项最多允许选项单页阅读分页阅读单页阅读分页阅读控制内容区域的的图片大小并为过大的图片添加查看原图复制网址复制链接成功被浏览器拒绝请在浏览器地址栏输入并回车然后将设置为复制链接成功改变字号小本文地址电话版权所有大连理工大学新闻中心
-1
