http://news.dlut.edu.cn/article/2015/0921/63062.shtml
12
195
364
364
165
165
240
240
352
352
267
267
55
新的方向新生辅导员原创歌曲诞生记新闻聚焦大工新闻网首页新闻图片视频报纸广播首页新闻新闻聚焦正文新的方向新生辅导员原创歌曲诞生记来源学生工作处时间点击你走过千山万水来到这同一个地方离开家乡背上行囊寻找那新的方向父母笑你是永远长不大的孩子模样我知道再小的翅膀也会有新的方向每年的这个时候大学校园都会迎来一群活力四射的小鲜肉他们的朝气蓬勃青春阳光让总会给我们的大工带来一抹青春的亮色为了迎接来自于四面八方的新大工人学校各个机关部处学部学院的师生们早在假期就着手于迎新工作在迎新的师生中还有这样的一群人他们将会是新生们最亲近的老师是新人们初入大工最初的导师他们也会是同学们未来大学时光中生活最贴心的知心朋友他们就是学校级本科生新生辅导员老师在新生辅导员老师队伍中有工作十年以上的辅导员老前辈也有刚刚脱下学位服初入职场的小先生面对着大工这座巍巍学府最最新鲜的血液新生辅导员们都精神饱满一方面他们以最严谨的态度对待着纷繁的迎新工作一方面他们也满怀激情想用心为级新同学们准备一份最别致的迎新礼物辅导员老师们原创的迎新歌曲辅导员原创迎新歌曲送给新生的文化传统自年起已有年从年的挚爱到年的和我一起唱作为非音乐专业的辅导员老师们总会用心为学生们送上最有诚意的作品今年也不例外在学校学生工作处的策划与支持下早在暑假歌曲就开始征集创作辅导员老师们利用业余时间集思广益走访采风假期中通过网络聊天把握新生同学们关心的热点话题通过新生家访走到新生成长的环境中了解学生的成长通过恶补乐理知识努力谱出最朗朗上口的旋律通过一丝不苟的字斟句酌写出最接地气的迎新心情月中旬由学校运载工程与力学学部张永达老师谱写的新的方向的样片终于被敲定之后历时余天在外请专业音乐老师的帮助下经过反复讨论与修改月初歌曲的最终版制作完成新的方向初露芳容迎新歌曲计划在月日的学校迎新晚会上与广大新生见面而歌曲的制作完成只是工程的一半另一项最重要的工作歌曲的制作随即展开的制作是每年迎新歌曲的点睛之笔人文与社会科学学部陈伟男老师团队承担了这个时间紧任务重要求高的工作重担一方面要制作出最亲和最有大工特色的视频效果另一方面从制作团队到参演老师都要严把保密工作留给新生们惊喜为此制作团队和新生辅导员老师们克服困难在工作时间处理好千头万绪的迎新事务精打细算挤出时间在学生军训场边在学校景点建筑前偷偷完成视频录制视频中偶尔会发现老师们青春的笑容里潜藏着些许倦意而这些疲惫却充满幸福个学部学院名新生辅导员老师近人的后期制作团队历时余天累积工作近小时学生处校团委党委宣传部等部门的通力合作终于催生了新的方向原创迎新月日在学校迎新晚会舞台上的惊艳亮相当新生们说出原来大学是这样的原来大工这么美我爱大工谢谢老师的话语时新生辅导员们深深感慨汗水与泪水都值得随着庆典的礼花在夜空中落下飘散迎新系列工作渐渐进入尾声但学校对新同学们的祝福不会结束全体学生工作者都在育人的导航之路上继续奔跑永不停歇走过身边的每一个路口都有些迷茫来来回回寻寻觅觅找不到新的方向直到你遇见梧桐林立还有玉兰花香他们说那里是读书做学问的好地方全体级新同学们大连理工大学欢迎你们回家相信你们会在大工找到你们人生前进的新的方向责任编辑张平媛龙海波复制网址打印每日推荐新的方向新生辅导员原创歌曲诞生记新闻聚焦新的方向新生辅导员原创歌曲诞生研招进行时周密部署吸引更多优秀生源报考我校大连日报大连理工大学开展职业生涯导航日活动学校开展纪念九一八事变周年系列活动大连理工大学研究生支教团云南分团召开工作座谈会歌颂祖国初展风采建工学部新生朗诵比赛落幕求职工作坊为毕业生求职助力导航学生代表品评后勤拟采购食材盘锦校区百名年度新教工接受岗前培训推荐视频钱令希诞辰百年纪录片发布预告年月日大工新闻学校隆重举行庆祝中国共产党成立周年大会为梦连理大连理工大学招生宣传片焦点图片毕业季校园里那抹亮色美女毕业生遇见特色学位服毕业季大学四年最遗憾的那些事毕业季最大工难忘凌工路号那件事大工建筑篇一你不得不知道的那些楼排行榜点击在现场级迎新晚会精彩瞬间学校隆重举行级新生开学典礼大工年推免工作正式启动迎新晚会你让我对大工的爱一发不可收郭东明校长在年开学典礼上的讲话尹卓少将为级新生解读我国周边安全形势研招进行时教育部发布年研究生招生考大工承办教育部直属高校纪委第三片组第三次会盘锦校区级新生开学典礼隆重举行李林于起峰院士与我校研究生共话学术人生第一页内容缓存全文内容缓存根据设置字体大小并初始化按钮请选择投票选项最多允许选项单页阅读分页阅读单页阅读分页阅读控制内容区域的的图片大小并为过大的图片添加查看原图复制网址复制链接成功被浏览器拒绝请在浏览器地址栏输入并回车然后将设置为复制链接成功改变字号小本文地址电话版权所有大连理工大学新闻中心
-1
