http://news.dlut.edu.cn/article/byfc/0628/67520.shtml
28
67
148
289
189
131
239
313
42
368
46
165
165
240
240
352
352
267
267
320
287
330
322
313
279
295
264
334
228
两学一做向原著学向传统学向老党员学部院风采大工新闻网首页新闻图片视频报纸广播首页新闻部院风采正文两学一做向原著学向传统学向老党员学人文与社会科学学部开展领导班子党支部书记专题培训作者庞源来源人文与社会科学学部时间点击为深入推进学部两学一做学习教育月日上午人文与社会科学学部在文科楼举行领导班子专题学习暨党支部书记培训邀请党龄满六十三年的学部退休党员张绣老师作题为学习马克思主义理论树立共产主义信念专题报告学部领导班子成员和党支部书记参会学习学部党委副书记田晓明主持会议张绣教授回顾了自己加入中国共产党和到学校工作的历程结合一生教书育人的经验与参会党员一起畅谈了共产党宣言马克思主义经典著作党史等学习方法和体会她说马克思主义经典著蕴含了马克思主义立场观点和辩证唯物主义的方式方法是解决各种重大理论和实践问题的总纲领党史是我们党的奋斗史博大精深值得每一个共产党人认真研读习总书记系列讲话是当代中国最鲜活的马克思主义是指导我们学习干事创业的根本指南要立志真信真学真懂真用切实增强四个意识刘教授寄语党员同志们要把握政治方向这个生命线牢牢站稳政治立场无论身处何种岗位都要挺起理想信念这个主心骨补精神之钙固思想之元培为政之本解决好世界观人生观价值观这个总开关问题从而以信仰的力量凝聚意志力量统一思想行动田晓明在主持会议中指出张绣老师的一生是实实在在为党奉献的一生是真真切切为学部发展耕耘的一生全体党员同志都要以她为榜样为标杆为自己设定更高的标准和要求做到以实际行动和表现成为普通党员的表率和模范切实坚定理想信念深刻理解两学一做的精神内涵坚持以马克思主义为指导忠诚践行五个坚持四讲四有做坚守信仰的优秀共产党员邀请学部离退休老教师到支部讲党课是人文与社会科学学部党委在两学一做学习教育中发挥学科优势延续学部传统营造全员推进学习教育氛围的重要举措学部党课将把这些精品课程录制为视频公开党课持续推进学部学习教育全覆盖有特色见实效责任编辑张平媛复制网址打印每日推荐两学一做向原著学向传统学向老党员学建设工程学部召开本科生培养方案论证会人文学部举行届毕业生学位授予仪式暨毕业典礼建党周年把心交给学生的良师严守政治纪律和政治规矩围绕学部发展履职尽责建党周年以党建品牌为引领建设学习型服务组图在现场图说庆祝中国共产党成立周年大毕业季属于机械学子的独家机忆真心传递母校情真爱融注毕业季新版学位证书背后的故事推荐视频钱令希诞辰百年纪录片发布预告年月日大工新闻学校隆重举行庆祝中国共产党成立周年大会为梦连理大连理工大学招生宣传片焦点图片毕业季校园里那抹亮色美女毕业生遇见特色学位服毕业季大学四年最遗憾的那些事毕业季最大工难忘凌工路号那件事大工建筑篇一你不得不知道的那些楼排行榜点击大工欢迎你你的大工你定义毕业晚会散场离歌时却难说再见大连理工大学届毕业典礼暨学位授予仪式隆坚持党的领导加强党的建设为全面推进特色在现场图说庆祝中国共产党成立周年大会学校领导与毕业生共进午餐情浓意切送祝福毕业文化衫连理同心专属研究生的温暖记我校与中科院联合培养的首届华罗庚班学子顺利届毕业晚会华美落幕做有价值的人创造无愧于时代的人生第一页内容缓存全文内容缓存根据设置字体大小并初始化按钮请选择投票选项最多允许选项单页阅读分页阅读单页阅读分页阅读控制内容区域的的图片大小并为过大的图片添加查看原图复制网址复制链接成功被浏览器拒绝请在浏览器地址栏输入并回车然后将设置为复制链接成功改变字号小本文地址电话版权所有大连理工大学新闻中心
-1
