http://news.dlut.edu.cn/article/2016/0504/66253.shtml
12
85
366
378
165
165
240
240
352
352
267
267
238
关于举行大工讲坛报告会的通知通知大工新闻网首页新闻图片视频报纸广播首页新闻信息预告通知正文关于举行大工讲坛报告会的通知来源宣传部新闻中心时间点击为进一步弘扬大工精神宣传校友业绩以其奋进的思想突出的事迹引领优秀的大工人不断向前借校友年度人物表彰之机学校特邀请英国皇家工程院院士曼彻斯特大学激光加工研究中心主任李琳校友和北京趣加科技有限公司首席执行官联合创始人钟英武校友做客大工讲坛现将报告会相关安排通知如下报告一创新务实的科研路主讲人李琳校友时间年月日周六上午地点八角楼报告二梦想还是要有的万一实现了呢后创业经验分享主讲人钟英武校友时间年月日周五下午地点软件学院图书馆报告厅主讲人简介李琳英国曼彻斯特大学激光加工研究中心主任工程与物理学部副部长美国激光学会主席前国际光子与激光工程学会主席年年级就读于我校自动控制专业曼彻斯特大学激光加工中心的创始人累计发表余篇论文获得有关激光先进制造专利项年被授予皇家工程院颁发的弗兰克维特爵士勋章英国工程最高成就奖之一年当选为英国皇家工程院院士年获得英国皇家协会沃尔夫森优秀科研奖曼切斯特大学年度人物最佳科研者勋章钟英武岁北京趣加科技有限公司首席执行官和联合创始人年考入我校热能与动力工程专业年转入软件工程专业就读年毕业年获得美国大学计算机硕士学位先后担任贝尔实验室搜索工程师公司技术产品总监公司技术及产品副总裁早在年就致力于社交应用程序和游戏的研发年月创办北京趣加科技有限公司目前是上排名前的游戏开发商手机游戏方面在欧洲处于领先位置在中东地区排名第一支持完全本地化的种语言拥有超过个国家的员工经过两轮融资总的融资金额超过万美元年月以亿美元将子公司点点互动出售给上海中技控股是中国迄今数额最大的一桩游戏公司交易也是未上市游戏公司交易中金额最大的交易之一复制网址打印每日推荐关于举行大工讲坛报告会的通知大工人物校友篇钟英武打造全球化的游戏帝东北新闻网大连理工大学一项国家科技重大专项央广网大连理工大学一项国家科技重大专项课题加强海工装备合作校企携手共谋发展学校举行研究生学术科技节表彰大会郭东明校长会见广西壮族自治区副主席黄日波一行运载学部赴医科大学开展两学一做实践学习远教院召开两学一做学习教育工作会议机械白手套畅游魅力软件传播公益理想推荐视频钱令希诞辰百年纪录片发布预告年月日大工新闻学校隆重举行庆祝中国共产党成立周年大会为梦连理大连理工大学招生宣传片焦点图片毕业季校园里那抹亮色美女毕业生遇见特色学位服毕业季大学四年最遗憾的那些事毕业季最大工难忘凌工路号那件事大工建筑篇一你不得不知道的那些楼排行榜点击面孔他们感动大工在现场瞬间感动大工在现场梅兰芳以舞蹈之形写京剧之大连理工大学一项国家科技重大专项课题通过验学校举行颁奖典礼表彰感动大工年度人物第七届校园文化节盛装启幕知名专家齐聚大工献策力学学科规划程耿东院士做客云南科学大讲坛解读数值模东北赛区比赛将于月日在盘锦校区开幕大工人物校友篇李琳创新务实的科研第一页内容缓存全文内容缓存根据设置字体大小并初始化按钮请选择投票选项最多允许选项单页阅读分页阅读单页阅读分页阅读控制内容区域的的图片大小并为过大的图片添加查看原图复制网址复制链接成功被浏览器拒绝请在浏览器地址栏输入并回车然后将设置为复制链接成功改变字号小本文地址电话版权所有大连理工大学新闻中心
-1
