http://news.dlut.edu.cn/article/2016/0628/67499.shtml
21
177
42
368
46
165
165
240
240
352
352
267
267
320
287
330
322
279
295
264
334
228
真心传递母校情真爱融注毕业季综合新闻大工新闻网首页新闻图片视频报纸广播首页新闻综合新闻正文真心传递母校情真爱融注毕业季建设工程学部届毕业文化纪实作者韩晓雨来源建设工程学部时间点击如诗岁月似水流年又是一年毕业季一件件学位服昭示了大学生涯的完美收官一个个青春故事也从相聚走到别离在届毕业生临别之际为了营造良好的毕业氛围让毕业生在大学最后的时光里留下美好的回忆感恩母校满怀信心和热情步入未来的工作和学习中建设工程学部精心策划了毕业季系列活动开放式的露天典礼与晚会热烈的毕业酒会精心设计制作的毕业纪念品以及形式新颖主题鲜明的毕业文化活动赋予了毕业文化崭新的内涵见证神圣时刻毕业典礼暨学位授予仪式庄严神圣的毕业典礼是培育毕业生感恩母校建功立业情怀的良好契机年月日上午点建设工程学部毕业生毕业典礼在建工后院广场举办学部领导校友代表胡立雄教师代表学生家长以及全体辅导员届研究生及本科生出席了本次典礼建设工程学部副部长王宝民宣读届优秀毕业班集体集体及优秀毕业生名单学部领导为毕业生先进集体及优秀个人颁奖建设工程学部部长董国海致欢送词他希望毕业生们要继承读书人的情怀学会明辨分清是非树立终身学习的理念勇于创新创造把自身发展和国家建设紧密结合起来争创一流业绩在校生代表张荣麟发言为届毕业生送去真诚祝福毕业生代表吴璐帆的发言则道出了全体毕业生对母校学部的浓浓眷恋以及对老师们孜孜以求执着奉献的真挚谢意建筑材料研究所张婷婷老师代表全体任课教师发言她用自己的亲身经历道出了顺境逆境及平淡的生活中应有的态度祝福同学们能够编织属于自己的似锦前程校友胡立雄先生鼓励毕业生们坚持梦想不忘初心掌握过硬的专业知识闯出自己的一片天空届毕业班班主任老师代表学部全体教师接受届毕业生的献礼一束束鲜花代表了毕业生最衷心的感谢和最真挚的祝福最后党委书记杨庆教授部长董国海教授为所有届毕业生授予学位同学们依次来到台上接受学位授予喜悦而感动四年的大学生涯自此画上了完美的句点仪式中家长们或热烈盈眶或欣慰微笑和毕业生们一起度过了这一神圣庄严的时刻定格精彩瞬间壹陆有你主题毕业晚会多年来学部坚持举行毕业生自编自演的毕业晚会诠释毕业生们对母校学部老师及同学们的深挚情义和不舍情怀月日晚六点半在中交第四航务工程局有限公司的大力支持下建设工程学部壹陆有你届毕业晚会在学部后院如期举行激情四射的开场舞拉开了晚会的序幕精心制作的视频访谈记录了同学们的成长历程道出了学部领导老师们对学生们的深情寄语原创乐队演出好好学习天天向上被全体观众共同唱响真挚的歌曲串烧打动人心小幸运带领学生缅怀青春憧憬未来小品职场精英诙谐幽默辅导员韩晓雨老师带来的歌曲情歌将老师与学生间的真情对白娓娓道出朗诵我们四个展示了寝室四年的点滴回忆个小时的时间追梦启航惜别三个篇章的节目带领毕业生们回顾了大学生活中的点滴小事喜怒哀乐青春激情和美好梦想也表达了毕业生们对母校对同窗浓浓的不舍和依恋在歌曲凤凰花开的路口的悠扬歌声中全场观众或静默思索或悄然拭泪随着音乐的渐渐消逝本次毕业生晚会落下了帷幕但落不下的是毕业生们对母校的深深眷恋和对共同走过大学时光的师长同窗们的浓浓情谊赠蛋糕送祝福激情燃烧毕业酒会为了更好地营造毕业氛围打造轻松活泼的毕业文化激发毕业生的青春激情在毕业晚会结束后学部精心筹备组织了毕业酒会酒会上长米高米写有我们毕业了祝建工届毕业生前程似锦等祝福语的四层巨大毕业蛋糕代表了学部真挚的祝福同学们看到大蛋糕兴奋异常纷纷合影留念酒会伊始于贵书老师向全体同学敬酒诉说与同学们四年来的真挚情谊李英敏老师为同学们切下第一块蛋糕祝贺每一位毕业生顺利完成学业并祝愿毕业生们努力拼搏大展事业告诉同学们建工学部永远是每一位毕业生温暖的家辅导员老师为学生们一一切蛋糕道离情同学们回味昨日畅想未来举杯共饮在热烈奔放的音乐中在这一方自由的舞台上自由的诉说欢唱嬉闹驰骋留下了属于届毕业生独有的珍贵回忆装载青春记忆专属毕业纪念品为了给学生们留下最美好的青春记忆学部为每位毕业生制作了学部专属毕业生纪念品镌刻着毕业生专业姓名和学号的旋转笔筒作为学部送给毕业生们的珍贵礼物笔筒上镌刻了金色的校徽和部徽是建工人明亮的标志专业姓名学号是每个人的专属证明了毕业生是学部引以为傲的一员绿树成荫的主楼广场无数次行程从这里开始大学生活也将在这里落幕土木楼神秘而高贵的静立于校园的一角是我们记忆里温馨的避风港期待毕业生们从这里出发飞向更广阔的天空偷偷溜走的时光是我们无法定格的岁月但一只只旋转的笔筒华美的设计精致的制作记录了毕业生们四年生活的点点滴滴也装载着学部对毕业生们最诚挚的祝福成长足迹最后的级队会在毕业之前两个毕业生级队分别召开了最后一次级队会一级队辅导员韩晓雨老师在级队会上将毕业纪念品毕业生合影照片现场赠送给毕业生并与同学们共同观看了精心制作的班级电子相册她对学生千叮万嘱总有不放心的地方总有说不完的话级二级队辅导员于贵书老师在级队会上与同学一起回顾了大学的点点滴滴和同学们的成长足迹并给全体毕业生送上了最真挚最美好的祝福时光荏苒悄然走过栀子花开的季节挥手分别的时刻在不擅长的告别中我们都体会到了深深的不舍和绵延的眷恋至此建设工程学部届毕业生文化活动圆满落幕凤凰花开的路口毕业分别的季节建设工程学部对毕业生们寄托了无限的希望和关注衷心祝愿全体届毕业生在今后的人生道路上一路顺风前程似锦责任编辑张平媛复制网址打印每日推荐毕业季属于机械学子的独家机忆真心传递母校情真爱融注毕业季新版学位证书背后的故事两学一做加强党性修养践行合格党员东北新闻网大连理工大学铜酞菁和碳电极用于央广网大连理工大学六千师生党员集体重温入党建党周年建设工程学部举行系列纪念活动建党周年软件学院召开两优一先表彰大会电缆网大连理工大学研究钙钛矿太阳能电池取得太阳能产业权威数据信息中心大连理工大学钙推荐视频钱令希诞辰百年纪录片发布预告年月日大工新闻学校隆重举行庆祝中国共产党成立周年大会为梦连理大连理工大学招生宣传片焦点图片毕业季校园里那抹亮色美女毕业生遇见特色学位服毕业季大学四年最遗憾的那些事毕业季最大工难忘凌工路号那件事大工建筑篇一你不得不知道的那些楼排行榜点击大工欢迎你你的大工你定义毕业晚会散场离歌时却难说再见大连理工大学届毕业典礼暨学位授予仪式隆坚持党的领导加强党的建设为全面推进特色物理与光电工程学院学霸寝让优秀成为一学校领导与毕业生共进午餐情浓意切送祝福毕业文化衫连理同心专属研究生的温暖记我校与中科院联合培养的首届华罗庚班学子顺利届毕业晚会华美落幕做有价值的人创造无愧于时代的人生第一页内容缓存全文内容缓存根据设置字体大小并初始化按钮请选择投票选项最多允许选项单页阅读分页阅读单页阅读分页阅读控制内容区域的的图片大小并为过大的图片添加查看原图复制网址复制链接成功被浏览器拒绝请在浏览器地址栏输入并回车然后将设置为复制链接成功改变字号小本文地址电话版权所有大连理工大学新闻中心
-1
