http://news.dlut.edu.cn/article/2016/0711/67831.shtml
20
234
61
135
165
165
240
240
352
352
267
267
70
185
44
61
266
32
60
175
79
郭东明校长应邀出席中俄大学校长峰会并作主题演讲学校要闻大工新闻网首页新闻图片视频报纸广播首页新闻学校要闻正文郭东明校长应邀出席中俄大学校长峰会并作主题演讲来源国际教育学院时间点击当地时间月日作为中俄两国政府人文合作委员会第次会议配套活动的中俄大学校长峰会在莫斯科国立大学召开此次峰会由中俄两国教育部主办共吸引了中俄余所院校的余位代表参会中国国务院副总理刘延东与俄罗斯联邦政府副总理奥尔加戈洛杰茨出席峰会并发表主旨演讲我校校长郭东明院士应邀出席峰会并作了题目为加强中俄大学教育科研合作谱写协同创新新篇章的主题演讲郭东明校长指出中俄友好是大势所趋人心所向推动两国大学合作既是中俄全面战略合作的重要内涵也是培育中俄世代友好的重要途径希望在一带一路战略和大欧亚伙伴关系倡议的指引下两国高校能够切实加深合作增进友谊在人才培养科学研究成果转化等方面取得新成绩和新突破共同谱写属于中俄高校协同共赢的新篇章当天下午两国高校还就一带一路与欧亚经济联盟项目合作大学全球排名与提高中俄大学在世界教育领域的国际竞争力中俄科技教育合作的组织与法律形式及社会文化合作等议题分别进行了深入讨论峰会的召开对推动两国高校的务实合作起到了重要作用峰会期间郭东明校长还分别与莫斯科大学校长萨多夫尼奇院士太平洋国立大学校长伊万琴科教授莫斯科国立师范大学校长谢苗诺夫院士以及南乌拉尔大学校长谢斯塔可夫教授举行会谈并达成广泛的合作共识月日上午郭东明校长访问了俄罗斯科学院会见了国际合作局局长女士双方就科研合作及成果转化等问题进行了深入探讨为今后我校与俄罗斯科学院的合作奠定了基础责任编辑姜雪复制网址打印每日推荐郭东明校长应邀出席中俄大学校长峰会并作主题演讲光明日报青年学子成长的知心人建党周年先进基层党组织掠影二基建进行时学校基本建设正在加紧推进中两学一做电信学部自动化教工党支部开展讲规两学一做建工学部交通学院师生党员开展导师两学一做检验学习效果争做合格党员央广网大连理工大学教师获日本水环境学会年度建党周年先进基层党组织掠影一加强马克思主义学院建设培养信仰坚定的优秀人才推荐视频钱令希诞辰百年纪录片发布预告年月日大工新闻学校隆重举行庆祝中国共产党成立周年大会为梦连理大连理工大学招生宣传片焦点图片毕业季校园里那抹亮色美女毕业生遇见特色学位服毕业季大学四年最遗憾的那些事毕业季最大工难忘凌工路号那件事大工建筑篇一你不得不知道的那些楼排行榜点击钱令希院士诞辰百年系列纪念活动将掀高潮校友许宪平调任通用技术集团董事长大连理工大学校友会新增国际化成员基建进行时学校基本建设正在加紧推进中王凤海校友出任大商所党委副书记总经理严守党的政治纪律和政治规矩做政治上的明白中组部人才工作局领导来校看望千人计划大连理工大学举办第二届中外博士研究生学术论我校学子杨帆当选夏季达沃斯论坛代表王众托院士做客研究生名师讲堂畅谈求学教学第一页内容缓存全文内容缓存根据设置字体大小并初始化按钮请选择投票选项最多允许选项单页阅读分页阅读单页阅读分页阅读控制内容区域的的图片大小并为过大的图片添加查看原图复制网址复制链接成功被浏览器拒绝请在浏览器地址栏输入并回车然后将设置为复制链接成功改变字号小本文地址电话版权所有大连理工大学新闻中心
-1
