http://news.dlut.edu.cn/article/2016/0531/66972.shtml
11
143
374
374
165
165
240
240
352
352
267
267
武春友教授一位让绿色发展成为国家战略的推动者大工人物大工新闻网首页新闻图片视频报纸广播首页新闻大工人物正文武春友教授一位让绿色发展成为国家战略的推动者记大连理工大学生态规划与发展研究所所长武春友教授作者吕东光来源宣传部新闻中心时间点击观照人类未来创造人与自然和谐共生的生态美经济社会发展从资源消耗型向绿色发展方式转变今天中国人的认识比以往更加深刻和更富责任感大连理工大学生态规划与发展研究所所长武春友教授应该是国人中最早有此觉醒意识中的一位一位担当意识强烈的知识分子得知武春友教授正在为大连市绿色增长提供战略项目研究建议书记者欣然前去采访确定正确的绿色增长战略是进行绿色转型的基础大连曾经被誉为最适合人类居住的城市由于近年来发展受高高消耗和高污染影响使大连市环境问题越来越严峻城市越来越沉重东北三省经济正处于爬坡过坎儿关键阶段大连作为龙头城市必须把绿色增长提升到大连市最重要的战略高度武春友教授说这个走到哪里都将绿色发展理念进行传播的布道者用他的热忱和知识分子应有的担当精神为经济社会转型奋力疾呼实施绿色增长关键在理念转变有了绿色发展理念才能化不绿色的为绿色的实现绿色化绿色增长不等于经济不增长它约束经济不能乱增长没有绿色增长就没有绿色发展只有全过程的绿色增长包括生产方式生活方式价值行为取向都绿色发展才能真正实现绿色发展因此绿色增长的实施需要国家战略的支持正是基于此种考虑去年两会期间武春友教授和原大连市政协常委全国政协委员冯丹龙就尽快制定实施绿色增长国家战略提出政策建议并由冯丹龙向全国政协提交关于促进可持续发展把绿色增长提升到国家战略高度的提案得到中央高度重视十八届五中全会将绿色发展作为国家战略纳入到十三五发展规划中虽然不能说全是武春友教授团队提案的作用至少是中央绿色发展理念和目标的决策的先期支持和倡导者之所以提交该提案武春友教授解释我国针对循环经济低碳经济和生态工业园出台了若干支持政策客观上有效地支持了绿色增长但在国家制度体系层面并没有跟上因此迫切需要从国家层面确立绿色增长战略促使绿色增长从单纯的理念转向社会经济实践把经济环境社会的发展集中在一个综合框架下制定国家绿色增长战略以有效地支持两个拐点的实现使中国的可持续发展能有效地支持具有中国特色的社会主义发展能为国家发展献计出力武春友教授倍感欣慰他说十八届五中全会要求必须牢固树立并切实贯彻创新协调绿色开放共享的发展理念绿色发展作为五大发展理念之一意味着绿色发展正式成为党和国家的执政理念表明了我国政府坚定地走绿色发展道路的决心绿色发展作为国家战略纳入到十三五发展规划中指导我国未来经济社会环境资源协调发展让我们对未来充满信心特别是两个拐点目标的实现一位善于开展国际合作的学术领军人武春友教授能够对国家发展进行前瞻性思考提出关乎国家长远发展的战略性问题源于他从上世纪末就开始围绕绿色增长进行持续的理论及实践研究抓住机遇大力开展国际合作在学习借鉴中提升研究水平和实力在大量项目完成中积累丰富经验经过十几年不懈努力武春友教授团队研究结合区域产业企业发展在绿色化绿色增长绿色转型与绿色发展等方面取得了生态规划与环境管理研究的丰硕成果年武春友教授参加了辽宁省政府组织的辽宁省煤炭工业转型研究前往法国矿业大学交流学习开始了资源转型研究资源型城市中资源型产业转型及管理研究获得国家自然科学基金支持从年开始参加加拿大国际发展署重大国际合作项目中国沿海社区生态规划与环境管理的申请预研武春友教授团队在滑铁卢大学牵头的组合团队中与个团队竞争中成功胜出项目总资助金额为万加元折合人民币多万元是加拿大滑铁卢大学历史上最大的项目同时也是我校历史上最大的国际合作项目项目研究期间团队个人获得每人个月个人获得每人个月到加拿大滑铁卢大学研修的机会因此项目研究不仅拓展了国际合作领域也对人才培养做出了贡献作为项目负责人年成功申请了中德联合基金项目生态产业发展的定量化研究项目直接资助人次去德国进行共个月的研修工作同时德国政府为支持项目预研于年月全额资助人到德国莱比锡大学合作举办首届中德工业园可持续发展与管理国际研讨会目前武春友教授正在进行的科研项目是绿色增长理论与实践的国际比较研究获批国家自然科学基金重大国际合作研究项目支持是国内唯一一个绿色发展实现的绿色增长研究的获批团队并得到英国帝国理工学院加拿大滑铁卢大学和国际生态生命安全科学院等国际合作伙伴的支持同时主持国家社会科学基金委资助的重点项目区域中心城市绿色转型要素的协同演化研究武春友教授团队先后获得国家自然科学基金项目多项在研项国家社科基金重点项目项一般项目项教育部博士点基金项霍英东基金项省自然科学基金社科基金等多项其中自然科学基金结题项目中项评价为优一项评价为特优武春友教授在年月至年月担任大连理工大学管理学院院长现为管理与经济学部年主持申请了技术经济及管理博士点年月主持申请了自主设置的中国最早的环境管理博士和硕士点年主持申请了工商管理博士后流动站目前相关学科正蓬勃发展一位积极服务国家地方经济建设的科技带头人技术经济研究最重要的是将理论付诸实践在服务国家地方经济发展中根据国情和地区环境制定设计方案和实施路径从而为政府和企业制定可持续发展的绿色管理系统武春友教授十几年实践努力在生态工业园循环经济低碳城市的创建中发挥着应有的作用年武春友教授曾主持完成中国第一批开发区生态工业园建设规划项目中的天津开发区与大连开发区项目当时在项目竞标中高校只有大连理工大学其他的都是专业设计单位由于武春友教授团队对生态工业园的设计充分体现绿色发展在生态产业链循环链和水电梯级利用上都有完整系统规划并且提出生态工业园企业间小循环园区内中循环园区内外大循环的先进构想以至于竞标顺利胜出而且武春友团队编制规划的两个开发区年双双被国家环保总局现在的环保部发文批准为国家生态工业示范园区创建单位全国共三个开发区武春友教授还主持完成中国第一批和第二批循环经济试点单位实施方案编制项目中的大连开发区和大连松木岛化工园区项目主持大兴安岭地区低碳经济发展规划等国家层面的实践项目年至今先后承接了大连市循环经济发展规划营口鲅鱼圈生态港区建设规划深圳福田保税区生态工业园建设规划大连市金普新区旅游发展总体规划湖北省兴山县旅游发展规划大连高新园区生态建设与环境保护研究大连市生态科技创新城概念方案研究等个主要规划与决策类研究项目大量的且具有较大规模的规划制定和将实战经验上升为科学理论的科研工作大大提升大连理工大学生态规划与发展研究所团队的能力和形象同时锻炼了青年教师和学生使其获得迅速成长武春友教授最后说绿色发展是国家体制改革最有力的举措之一高校要为国家和地方经济发展发挥智库作用继续提供强有力的绿色技术创新支持和可持续发展的政策理论咨询这是科技工作者的责任也是科研工作的努力方向大连十大环保人物评选投票地址责任编辑侯庆敏复制网址打印每日推荐辽宁日报大连理工大学在营口建打印中心中国科学报中国科学院院士钟万勰伏枥讲坛研究生党员志愿者在行动践行两学一做打学校召开两学一做学习教育基层党组织负责人培中国教育报空间创客基地我校参加第二届国际创新创业大会暨跨国技术转移大武春友教授一位让绿色发展成为国家战略的推大工人物武春友教授一位让绿色发展成为首届大工出版论坛聚焦全民阅读与书香校园新商报社区挂职锻炼为未来打基础推荐视频钱令希诞辰百年纪录片发布预告年月日大工新闻学校隆重举行庆祝中国共产党成立周年大会为梦连理大连理工大学招生宣传片焦点图片毕业季校园里那抹亮色美女毕业生遇见特色学位服毕业季大学四年最遗憾的那些事毕业季最大工难忘凌工路号那件事大工建筑篇一你不得不知道的那些楼排行榜点击嘉年华遇见嘉年华七彩文化燃动大工第八届校园嘉年华盛装启幕全国高校辅导员工作现场会在大连理工大学召开嘉年华紧锣密鼓布展乐迎文化盛宴王寒松书记郭东明校长看望我校两院院士王寒松书记郭东明校长看望我校部分离任老领坚持两个牢牢把握推动两学一做学习王寒松书记看望屈伯川遗孀徐烈英老人嘉年华毕业之旅毕业季我们带你致青春第一页内容缓存全文内容缓存根据设置字体大小并初始化按钮请选择投票选项最多允许选项单页阅读分页阅读单页阅读分页阅读控制内容区域的的图片大小并为过大的图片添加查看原图复制网址复制链接成功被浏览器拒绝请在浏览器地址栏输入并回车然后将设置为复制链接成功改变字号小本文地址电话版权所有大连理工大学新闻中心
-1
