http://news.dlut.edu.cn/article/2016/0503/66231.shtml
14
56
197
197
128
128
165
165
240
240
352
352
267
267
238
重学术兴科研校友助力促发展校友之声大工新闻网首页新闻图片视频报纸广播首页新闻校友之声正文重学术兴科研校友助力促发展材料学院新增奖励学生科研成果的材料九二校友阳光奖学金作者王超来源材料学院时间点击为了更好地为母校的人才培养尽一份力材料九二级校友经过集体决议后在学院设立了专门奖励学生科研成果的材料九二校友阳光奖学金旨在奖励那些热爱材料专业能够潜心研究并在科研上取得一定成绩的优秀本科生这项奖励饱含了校友对母校的感恩对学弟学妹成长成才的希冀和对专业深厚的情怀也为学科建设增添了新的动力心系母校情系材料年恰逢材料九二级校友毕业周年期间涌现出一批教授学者企业干部等优秀的人才和榜样成为材料科研领域和企业行业中的中流砥柱虽然毕业多年但校友们仍心系母校发展关心后辈成长为支持高等教育事业的发展和学院高精尖人才培养积极吸纳优秀学子到材料学院学习鼓励材料学子钻心学术和科研全方面提升科研学习能力和科研水平材料九二级校友决议在材料科学与工程学院设立材料九二校友阳光奖学金感恩母校培养助力学科发展九二阳光助力成长奖学金十五万等你来挑战只要你热爱材料专业只要你潜心科学研究只要你有丰硕科研成果材料九二校友阳光奖学金将为你提供支持和保障鼓励你勇攀科研高峰完成了不起的学术挑战材料九二校友阳光奖学金奖励在在影响因子的国际学术期刊上发表高水平学术论文的材料科学与工程学院全体在读本科生每人奖励元崇尚科研合力育人材料九二校友阳光奖学金是校友学成材料反哺母校的情怀而校友在材料科学领域的坚守成就与信心更加坚定了每一位材料人选材料学材料爱材料成材料的决心全院联动齐心科研营造浓郁学术氛围在全体材料人的共同努力下材料学科取得学科排名前日内瓦国际发明展览会金奖国家技术发明二等奖等多项傲人成绩助推了学院浓郁科研氛围的营造使人人要科研人人爱科研成为一种常态化正如材料九二级校友吴爱民老师所说学术科研不仅仅是研究生的专利更应该是本科生大学期间的重要经历激发主动科研意识注重科研素质养成学院重视本科生的养成教育尤其是科研能力的培养通过积极开展创新实验计划本科生进实验室铸造大赛金相大赛等多项活动和科研赛事大力激发学生主动科研的意识引导鼓励其将学术科研作为重要的学习习惯促进材料人才培养推动材料学科发展接下来的工作中学院将继续以学术科研为导向以多项措施为保障积极引导大学生科研认识及水平的提升进一步推动学院高精尖人才培养更加充分的挖掘出材料学科的科研潜力助推材料学科拔尖创新型人才培养责任编辑张平媛复制网址打印每日推荐重学术兴科研校友助力促发展运载本科党总支开展两学一做学习教育活动林皋院士筑科学研究之坝树人才培养丰碑大工人物林皋院士筑科学研究之坝树人才培钟万勰院士独复从道以求辛大工人物钟万勰院士独复从道以求知识产权月学校举办知识产权系列宣传展评论感动激励我们前行蒋庄德院士做客大工讲坛解读中国制造中国工程院院士何友教授受聘大工兼职教授推荐视频钱令希诞辰百年纪录片发布预告年月日大工新闻学校隆重举行庆祝中国共产党成立周年大会为梦连理大连理工大学招生宣传片焦点图片毕业季校园里那抹亮色美女毕业生遇见特色学位服毕业季大学四年最遗憾的那些事毕业季最大工难忘凌工路号那件事大工建筑篇一你不得不知道的那些楼排行榜点击面孔他们感动大工在现场瞬间感动大工在现场梅兰芳以舞蹈之形写京剧之大连理工大学一项国家科技重大专项课题通过验第七届校园文化节盛装启幕知名专家齐聚大工献策力学学科规划学校举行颁奖典礼表彰感动大工年度人物程耿东院士做客云南科学大讲坛解读数值模东北赛区比赛将于月日在盘锦校区开幕大工人物校友篇李琳创新务实的科研第一页内容缓存全文内容缓存根据设置字体大小并初始化按钮请选择投票选项最多允许选项单页阅读分页阅读单页阅读分页阅读控制内容区域的的图片大小并为过大的图片添加查看原图复制网址复制链接成功被浏览器拒绝请在浏览器地址栏输入并回车然后将设置为复制链接成功改变字号小本文地址电话版权所有大连理工大学新闻中心
-1
