http://news.dlut.edu.cn/article/2015/1017/63524.shtml
10
177
165
165
240
240
352
352
267
267
377
国际文化节各美其美大美与共综合新闻大工新闻网首页新闻图片视频报纸广播首页新闻综合新闻正文国际文化节各美其美大美与共作者张平媛记者团采编部来源宣传部新闻中心时间点击晨光熹微的菁英路上人头攒动五颜六色的气球和彩带点缀出多彩的天空汇聚五洲精彩沟通世界文化月日上午余个国家的文化展示帐篷沿着菁英路一道排开大连理工大学第三届国际文化节正式启幕云云人潮涌四海大工情欢声笑语交织成华美的乐章在大工校园的上空久久回响人之美五湖四海皆如一家异乡求学国际文化节是留学生展示本国文化的平台更是大家难得的团聚时光来自厄瓜多尔的安德丽亚刚刚到中国一个半月可她却花了整整一个月的时间来准备这次文化节从构思到现场布置每个流程她都积极参与我们不只是代表着我们的国家我们更代表着拉丁美洲我们想让人们更加了解拉美她用不太流利的中文说到我们拉美有十分友善的人很美味的食物和让人惊叹的舞蹈她的语气和表情里满满的都是对拉美的热爱与自豪不仅如此柬埔寨留学生郭湖林略带羞涩地谈论起她这两天为国际文化节所做的准备虽然脸上有些许的疲惫但是兴奋和激动之情仍然溢于言表国际文化节让我们所有在大连的柬埔寨留学生都聚集起来了我们就像一个大家庭共同为这次活动做准备我在这里感受到了家的温暖校园内随处可见志愿者紫衫军忙碌的身影为了这次文化节的成功举办他们早早地来到会场开始了工作在菁英路上洒下辛勤的汗水见证着服务之美管理与经济学部的杨运美已经为文化节服务两年了每一次志愿活动她都收获与体验了不一样的风情接受采访的过程中她一边跑向超市为俄罗斯摊位准备食材一边微笑着说道我十分热爱志愿者活动这让我不仅学到了国外新奇的文化也结交到更多真诚的朋友同时参与了多届文化节的我也为活动举办的逐渐成熟完善而感到十分欣喜肆意飘香的美食与激情四射的表演吸引了众多游客大一的小鲜肉为这新鲜的盛景兴奋不已人文与社会科学学部新生张译丹从开幕后就一直流连于各摊位间边走边吃的她格外推崇韩国正宗的年糕外国语学院的楚云博在品尝日本的炒面之后用甄嬛体说到炒面油而不腻刚来到这里就感受到浓厚的异域氛围真真是极好的肤色语言民族性别任何的缘由都无法在今日成为阻碍沟通的界限四海五湖相聚大工美人之美情绽菁英衣之美锦袍华缎民族风情中国有礼仪之大故称夏有服章之美谓之华服装作为民族文化的缩影凝结着民族发展的历史彰显着民族进步的未来在本届国际文化节上留学生身着最具民族特色的传统服饰展示风采霓裳翩翩翻飞文化气韵衣袂飒飒流转民族风情漫步万国风情街无论是白俄罗斯飘逸唯美的蓝白花古典长裙日本静雅端庄的斑斓传统式和服还是土库曼斯坦豪放洒脱的披风伊朗那围着头巾一身清爽的白衣都让人记忆犹新俄罗斯美女身着节日盛装萨拉范红色短裙点缀着蓝色刺绣颜色鲜艳夺目却不媚俗自然活泼令人眼前一亮粉色碎花和服木屐鞋一袭长裙落地汉语言文学专业的日本姑娘松本夏月说这是在家乡的重大聚会和节日中穿的传统服饰希望能在今天的国际文化节上来展示与大家一起分享自己国家的文化蒙古女孩身着蒙古袍载歌载舞笑容淳朴动人裙摆飘扬的一瞬间仿佛看到了蒙古女孩骑骏马奔驰在草原的英姿在华美的服装背后掩藏着许多大家不了解的文化内涵服装就是一种民族气质就像韩服高贵雍容色彩鲜明埃及服饰朴素大方自然从容服装是历史文化的徽章是时间流转的见证者来自印度尼西亚的林瑰丽同学说她现在的衣服是古代权贵才能穿的布料也很有讲究图案花纹也有严格的规定而如今她们也能穿上以前权贵的服饰还可以想更多的人展示她也感到很骄傲同样来自印尼的工业设计的符爱娜也穿着由本国布料制成的衣服还向我们展示了她们国家产的布料她还向我们表达了对于中国传统服饰汉服的热爱艺之美魅力五洲异彩纷呈第一教学馆前的舞台表演是本届国际文化节的一大亮点来自各国的文化表演汇聚于此精彩绝伦异彩纷呈第一个出场的是我校管理与经济学部的啦啦操队年轻靓丽的女孩子们身着蓝色舞服激情四射的舞步洋溢着青春的气息让现场气氛骤然升温随后来自大连医科大学个国家的留学生同学身着充满异域风情的民族服饰一起共舞将现场推向高潮热烈奔放的舞蹈过后悠扬的歌声飘来音域宽广音色优美令观众深深的沉浸在这音乐的海洋里表演该节目的是美丽的英国姑娘安佳婵这个蓝色头发皮肤白皙的姑娘先后唱了三首歌曲她说我一点都不感到疲惫反而一首比一首兴奋尤其是这首歌给我一种很浪漫的感觉随着一阵激烈的鼓点两名泰国舞者手持金杯来到了舞台的中央她们身姿优美舞步婀娜金色的头饰和裙子彰显着浓浓的异域风情每一次旋转都引起了台下的阵阵掌声一名韩国同学面带羞涩地走上了舞台浑厚的声音将台下的气氛又带入了一个高潮初来乍到的他一度不敢登上舞台但是真正投入表演时大工人的热情给了他无限的鼓励玄妙莫测的魔术表演用互动拉近了台上台下的距离粗旷豪迈的蒙古式呼麦唱法带来了一股苍茫的草原情怀白俄罗斯的玛莎表演的吉他弹唱让我们领略到了浓厚的异域风情华韵汉服社带来的舞蹈落花情清雅古典以浓浓的汉韵古风向各国友人展示了中国的传统文化胜日寻芳泗水滨无边光景一时新吟唱团带来的春日和渔歌子让人沉醉在中国诗词的优美意境中来自俄罗斯的主持人罗正阳发表了充满感情的演讲言语中都是对中国文化的热爱恋恋不舍是他在形容曾经离开中国时的心情这是他第二次担当国际文化节的主持人在他眼中国际文化节在发展中规模不断扩大形式日臻完善国际文化节作为大工人了解世界的窗口展示着世界各国的风采短短的一条街让世界就在眼前食之美尝遍天下大快朵颐美食可谓是每一届国际文化节的亮点留学生们制作的精美食品为每一位游客带来不出大工吃遍世界的新奇体验欢声笑语中大工人踏上了一场梦幻的舌尖之旅上午排列成字样的提拉米苏大蛋糕新鲜出炉蛋糕周围镶嵌各色的鲜花既象征各国留学生的欢聚又代表大连理工大学的欣欣向荣繁荣发展大蛋糕的发放引起了现场的第一次高潮甜润的奶油丝滑的蛋糕和浓香的巧克力给同学们带来柔适的味蕾感受大蛋糕为文化节带来了美好的开端同学们怀抱更高的期待开启寻觅各国的美食之旅走进哈萨克斯坦留学生的摊位便能闻到一股馥郁的面包香味留学生自制的三种烤面包形状各异外表精美不同于中国面包的做法留学生在烤制时将分熟的牛肉夹在面包中同面包一起烤制如此既保持了牛肉的鲜美又留有面包的香脆来自哈萨克斯坦的留学生塞亚说我们花费了很多心血制作这些面包为的就是让所有人能品尝到地道的哈萨克斯坦风味在国际文化节开始一个小时后哥斯达黎加留学生的摊位上仍只有一道菜肴米布甸这道美食引得无数人驻足该摊位的负责人潘玮同学说为了能够让大家吃到新鲜的美食我们决定现做现卖所以到现在仍旧只有这一道菜剩下的两道菜的材料正在运送途中香软的猪排用咸香作料煎烤至金黄色滋滋岩烤声向上散发的香气便引人进入韩国岩烤独特而奇妙的世界活泼的韩国小妹尹珍熙向我们介绍道在中秋春节等重大节日我们有一道必不可少的美食煎饼煎饼以面粉为主要原料鱿鱼猪肉做辅料加上洋葱蒜大葱胡椒的调味平底锅恰到好处的煎烤使得几种材料充分融合煎饼黄金的外色酥脆的饼皮丰富的内料令人体会韩式料理独特的风味另一道佳肴是韩式年糕白色圆柱形的体型可爱喜人小火煎炸过的外皮微金配以甜辣的韩式酱料和浓香的花生酥仁让人一口难忘美食蕴含着一种情怀它不仅是民族的符号更是文化的象征足不出户国际文化节便让我们体味世界的不同感知各国的独特味道愿美食似舟行于国际之海扬帆起航探索各国文化之美大美文化节美哉华服冠带美哉玉食珍膳美哉五洲同乐听闻海内存知己今观天涯若比邻金秋时节国际文化节如缕缕清风友人之谊在其间芳香满溢在今天的大工里我们是一家人无关肤色无关国度大工之情沁人心扉源远流长责任编辑张平媛复制网址打印每日推荐大工讲坛中美新型大国关系中的文化外交郭东明校长会见国家留学基金委来华事务部主任李彦肖明江研究员解读哲学社会科学研究与意识形态工作大连日报活力大连牵手世界青春精彩跨越国界大连晚报大工第三届国际文化节盛大开幕海力网大连理工大学第三届国际文化节隆重举行央广网大连理工大学第三届国际文化节隆重举行新商报大工举办第三届国际文化节天健网大连理工大学第三届国际文化节汇聚五洲中国科学网大连理工大学隆重举办第三届国际文推荐视频钱令希诞辰百年纪录片发布预告年月日大工新闻学校隆重举行庆祝中国共产党成立周年大会为梦连理大连理工大学招生宣传片焦点图片毕业季校园里那抹亮色美女毕业生遇见特色学位服毕业季大学四年最遗憾的那些事毕业季最大工难忘凌工路号那件事大工建筑篇一你不得不知道的那些楼排行榜点击国际文化节缤纷国际梦九彩大工情面孔优秀大学生标兵社区驿站让家的感觉更好聚焦国际化插上交流的翅膀从这里走向世肖桂山教授获批国际胰腺疾病中心基金资助项目大工勇夺全国大学生金相技能大赛团体优胜奖全省所高校机械专业教师来校培训提升工程实大工战队斩获机器人在线竞赛冠亚军大连理工大学第三届国际文化节盛装启幕国际文化节各美其美大美与共第一页内容缓存全文内容缓存根据设置字体大小并初始化按钮请选择投票选项最多允许选项单页阅读分页阅读单页阅读分页阅读控制内容区域的的图片大小并为过大的图片添加查看原图复制网址复制链接成功被浏览器拒绝请在浏览器地址栏输入并回车然后将设置为复制链接成功改变字号小本文地址电话版权所有大连理工大学新闻中心
-1
