http://news.dlut.edu.cn/article/2016/0504/66244.shtml
10
177
165
165
240
240
352
352
267
267
238
大工人物校友篇钟英武打造全球化的游戏帝国综合新闻大工新闻网首页新闻图片视频报纸广播首页新闻综合新闻正文大工人物校友篇钟英武打造全球化的游戏帝国作者金小渝董玉琴来源校友工作处时间点击校友档案钟英武岁北京趣加科技有限公司首席执行官和联合创始人年考入我校热能与动力工程专业年软件学院成立后转入软件工程专业就读年毕业年获得美国大学计算机硕士学位先后担任贝尔实验室搜索工程师公司技术产品总监公司技术及产品副总裁早在年就已致力于社交应用程序和游戏的研发年月创办北京趣加科技有限公司目前是上排名前的游戏开发商手机游戏方面在欧洲处于领先位置在中东地区排名第一支持完全本地化的种语言拥有超过个国家的员工经过两轮融资总的融资金额超过万美元年月以亿美元将子公司点点互动出售给上海中技控股是中国迄今数额最大的一桩游戏公司交易也是未上市游戏公司交易中金额最大的交易之一我们在中关村总部见到了钟英武他比媒体上的照片略微瘦一点没那么严肃很爱笑很健谈思考的时候习惯性地单手推眼镜这让他看起来跟别的后大男孩似乎并没有太大的差别直到他开口说话讲述他的游戏王国创新做一家全球领先的游戏公司钟英武的职业生涯大概可以追溯到大四大三暑假贝尔实验室北京分部面向全国招聘实习生钟英武凭借着精心准备的面试和若干编程成果如愿被录取在贝尔实验室度过了大学的最后一年贝尔实验室是一家非盈利科研组织专注前沿研究创新是其最重要的理念之一这对钟英武产生了很深远的影响让他看到了创新的价值并在随后的这些年里从未放弃对创新的追求年大学毕业后的钟英武前往美国大学继续深造年获得该校计算机硕士学位硕士毕业后钟英武先后供职于和两家公司做游戏开发钟英武进入公司第一年就开发了社交应用年在全球月活跃排名第二随后带领团队开发了第一款游戏在的全球排名上位列前十这奠定了他在公司举足轻重的地位也让他在游戏圈站稳了脚跟随后钟英武出任公司技术和产品总监公司技术及产品副总裁就在他一切都顺风顺水的时候钟英武做了个让很多人吃惊的决定辞职创业在一个环境待久了竞争意识就会变弱我享受不断迎接挑战克服挑战的过程人生只有不断地挑战才能不断地创新探索更多未知的精彩这是钟英武创业的初衷在年月正式成立钟英武对的定位是一家全球性游戏公司全球市场意味着创新抄袭引进借鉴这些手段统统行不通所以我们需要面向全球招聘招聘最有梦想最精英的游戏人钟英武坦言在创业初期确实有些步履维艰创业伊始钟英武带了一支人左右的团队用了个月打造出的第一款游戏家庭农场家庭农场上线第一天就吸引了万用户第一周就实现了公司盈利半年后做到了月收入百万美金在钟英武看来成功的秘诀很简单就是创新家庭农场最大的创新是我们更加细致地模拟人的生活摆脱了其他农场类游戏简单地播种收获卖钱的模式我们把游戏变得更贴近真实的生活成立初期钟英武的目光首先瞄准了欧洲市场在随后的一年里游戏在欧洲市场屡创佳绩先后在荷兰本土社交网站德国的及上的日活跃用户排名中进入前三开始崭露头角开放以国际视野促进人才融合早期游戏均基于平台发布尽管在上屡创佳绩在欧洲游戏圈风生水起国内对这家公司却知之甚少年子公司点点互动以亿美元被上海中技控股收购这是迄今为止中国游戏行业最大的并购案钟英武和开始走入国人视野卖掉点点互动是一次取舍我很清楚自己并不想过多参与资本市场的运作我只想专注游戏本身做一家优质的全球化游戏公司这对我们来说意义非凡钟英武说这是一次取长补短的合作年月钟英武凭借的全球市场优势启动了一项名为的全球发行业务即搭建一个发布平台为移动游戏开发者提供研发资金设计全球营销和本地化运营等方面的支持相对于游戏发布平台钟英武还将形容为一个全球化流动的游戏人才圈对于入驻的游戏除了提供资金外还提供开发期间的各种支持如果一个团队的某个职位缺少一个牛人而内部刚好有这样一个人我们会将这个牛人推荐给开发团队让他们一起做一款伟大的游戏出来游戏完成后他可以选择留在这个开发团队也可以回工作据钟英武介绍目前已经借出了两个人对他们任务结束后的去留他并不担心钟英武认为一家游戏公司能不能留住人才主要取决于两点第一是对产品的态度即公司愿不愿意投入大量时间精力做最好的产品第二公司的机制能不能让员工永远保持创新的状态基于这两点钟英武对的人才吸引力很有信心依托着全球化公司与生俱来的创新基因和独有的开放包容公司从年创立至今从几人的小团队发展到多名员工其中近四分之一的员工为外籍员工来自世界上多个国家和地区钟英武坦言作为一个跨国团队的管理者并不容易除了要有开放和包容的心态还需要相当的学习能力和统筹管理能力年计划推出一款策略性游戏钟英武在各个环节都配备最牛的员工联合北京旧金山两地合力打造这款游戏然而这款汇集了众多精英的游戏却因为东西方设计师设计游戏理念不同再加上一些远程沟通上的问题差点流产提起这段经历钟英武遗憾地表示在游戏研发过程中两地团队存在一些文化上的差异和碰撞而两地团队远程协助沟通不畅是更重要的原因经过这次失误的游戏开发都会集中在一个工作室完成如果需要远程协作就会让团队都集中到一个办公室比如说中国和美国工作室的合作项目目前都会在旧金山办公室工作这样沟通问题解决了而且大家会有更多的机会去学习本地文化取长补短开阔视野视界师者启蒙者钟英武年考入大连理工大学热能与动力工程专业一学期后他发现自己对本专业并不感兴趣相反对语言计算机却非常痴迷热衷钻研课外时间钟英武经常泡在机房里用语言编程尝试做网站自学别的语言因为喜欢所以做这些事情都觉得很有趣钟英武说年我校软件学院成立面向全校选拔学生钟英武毫不犹豫地报了名面对高出原专业近一倍学费的新专业家人对他的决定表示了极大的支持家人还特意买给他一台笔记本电脑转入软件工程专业的钟英武如鱼得水对每门课程都报以极大的兴趣和热情让他至今仍印象深刻的是大三上学期的一门课程计算机图形学实验讲授这门课程的老师从法国留学回来在海外她和朋友们开过一家游戏公司课堂上她偶尔提及这些经历和曾经开发过的游戏有心的钟英武下课后就去网上搜索这些游戏琢磨背后的代码也尝试着自己敲代码写游戏游戏本身远不及游戏背后的代码对他更有吸引力老师偶然提及的经历却为钟英武打开了一扇全新的大门老师的视野对学生的影响是不可估量的它会在不经意间激发学生的潜力老师的视野足够高远会更好地激发有潜力的学生钟英武说大学里的多个专业课老师都在不同程度上提升了他的视界让他在计算机行业越走越远如今岁的钟英武掌舵这家全球化的游戏公司回忆起母校时光他仍感慨不已我很感谢当年的老师们是他们启蒙了我最初的兴趣与格局谈到的未来钟英武说我们希望用三到五年时间把打造成全球游戏公司的领跑者创新专注开放包容这些大工特质在钟英武身上表现得淋漓尽致当年轻的钟英武站在中关村最高端的写字楼云淡风轻地讲述他对游戏事业的专注和对公司未来的规划我们期待着一个由大工学子打造的享誉全球的游戏帝国责任编辑张平媛复制网址打印每日推荐大工人物校友篇钟英武打造全球化的游戏帝东北新闻网大连理工大学一项国家科技重大专项央广网大连理工大学一项国家科技重大专项课题加强海工装备合作校企携手共谋发展学校举行研究生学术科技节表彰大会郭东明校长会见广西壮族自治区副主席黄日波一行运载学部赴医科大学开展两学一做实践学习远教院召开两学一做学习教育工作会议机械白手套畅游魅力软件传播公益理想化环生学部分钟微党课变灌输学为主动学推荐视频钱令希诞辰百年纪录片发布预告年月日大工新闻学校隆重举行庆祝中国共产党成立周年大会为梦连理大连理工大学招生宣传片焦点图片毕业季校园里那抹亮色美女毕业生遇见特色学位服毕业季大学四年最遗憾的那些事毕业季最大工难忘凌工路号那件事大工建筑篇一你不得不知道的那些楼排行榜点击面孔他们感动大工在现场瞬间感动大工在现场梅兰芳以舞蹈之形写京剧之大连理工大学一项国家科技重大专项课题通过验学校举行颁奖典礼表彰感动大工年度人物第七届校园文化节盛装启幕知名专家齐聚大工献策力学学科规划程耿东院士做客云南科学大讲坛解读数值模东北赛区比赛将于月日在盘锦校区开幕大工人物校友篇李琳创新务实的科研第一页内容缓存全文内容缓存根据设置字体大小并初始化按钮请选择投票选项最多允许选项单页阅读分页阅读单页阅读分页阅读控制内容区域的的图片大小并为过大的图片添加查看原图复制网址复制链接成功被浏览器拒绝请在浏览器地址栏输入并回车然后将设置为复制链接成功改变字号小本文地址电话版权所有大连理工大学新闻中心
-1
