http://news.dlut.edu.cn/article/hzjl/0714/67855.shtml
28
10
76
77
33
80
167
167
162
162
145
163
和期刊主编访问我校人工光合作用研究中心合作交流大工新闻网首页新闻图片视频报纸广播首页新闻合作交流正文和期刊主编访问我校人工光合作用研究中心作者精细化工国家重点实验室来源化工与环境生命学部时间点击月日应孙立成教授的邀请出版集团旗下期刊主编先生和主编博士访问了精细化工国家重点实验室和人工光合作用研究中心上午在人工光合作用研究中心王梅教授主持下主编先生作了题为的专题报告介绍了及其姊妹期刊的发展情况及影响力我国作者在期刊上论文发表情况以及论文攥写期刊选择稿件递交评审出版等论文发表过程中应注意的问题报告结束后两位主编参观了精细化工国家重点实验室并与人工光合作用研究中心的师生进行了座谈详细了解了人工光合作用研究中心的研究方向和近期的研究成果中心的部分师生结合自己的研究课题与两位主编进行了深入的交流和探讨此次邀请两位主编来访为我校师生提供了与国际高水平期刊主编面对面交流的宝贵机会对我们今后在优秀国际期刊上发表高水平论文起到了积极推动作用责任编辑张平媛复制网址打印每日推荐和期刊主编访问我校人工光合作用建筑材料研究所师生赴大连三川集团参观实习建艺学院举行筑梦艺行社会实践团成立仪式副校长朱泓率团访问白俄罗斯国立大学推进两校合作建党周年王立鼎院士与两岸学子分享科研历程我校论文被计算机视觉及模式识别领域国际顶尖期刊两学一做盘锦校区党工委召开专题二学习研讨会东北新闻网年青少年高校科学营大连理工大打造多元化精英咨询团队开拓招生宣传工作新局面推荐视频钱令希诞辰百年纪录片发布预告年月日大工新闻学校隆重举行庆祝中国共产党成立周年大会为梦连理大连理工大学招生宣传片焦点图片毕业季校园里那抹亮色美女毕业生遇见特色学位服毕业季大学四年最遗憾的那些事毕业季最大工难忘凌工路号那件事大工建筑篇一你不得不知道的那些楼排行榜点击落实十三五发展规划推动学校发展实现新校友许宪平调任通用技术集团董事长基建进行时学校基本建设正在加紧推进中大连理工大学校友会新增国际化成员加强马克思主义学院建设培养信仰坚定的优秀郭东明校长应邀出席中俄大学校长峰会并作主题为母校成就自豪助母校实现腾飞大连理工大学附属学校举行届学生毕业典礼大连理工大学援梦专列再次启程年青少年高校科学营大连理工大学分营开营第一页内容缓存全文内容缓存根据设置字体大小并初始化按钮请选择投票选项最多允许选项单页阅读分页阅读单页阅读分页阅读控制内容区域的的图片大小并为过大的图片添加查看原图复制网址复制链接成功被浏览器拒绝请在浏览器地址栏输入并回车然后将设置为复制链接成功改变字号小本文地址电话版权所有大连理工大学新闻中心
