http://news.dlut.edu.cn/article/2016/0716/67988.shtml
22
177
380
246
199
28
165
165
240
240
352
352
267
267
251
252
65
381
35
370
276
38
2
钱令希院士诞辰百年春风化雨润物无声综合新闻大工新闻网首页新闻图片视频报纸广播首页新闻综合新闻正文钱令希院士诞辰百年春风化雨润物无声回忆钱令希先生几件小事作者周福战来源宣传部新闻中心时间点击编者按今天是著名力学家教育家中国科学院资深院士大连工学院第二任院长大连理工大学原顾问钱令希教授诞辰周年纪念日宣传部新闻中心特摘登部分怀念文章以弘扬钱令希院士的科教报国情怀开拓创新精神及严谨治学风范在钱令希先生耄耋之年我有幸在工作中得以与先生有过接触从他身上我深切地感受到了教育大家的风范虚怀若谷睿智风趣乐观豁达襟怀坦荡先生身上具有的宝贵品质一直深深地影响着我激励鼓舞着我先生的一言一行就如春风化雨一般润物于无声值此先生诞辰百年之际谨以几则小故事来感念先生之风一张小纸条记得那是年月日上午天空飘着清冷的小雪当时我在学校办公室任行政科科长刚接待完来访客人回到办公室发现桌子上有一张小纸条就在我端详是谁的笔迹的时候钱先生笑容可掬地走进来说小周我刚才来你不在就留了张纸条现在再跟你详细说一下东山网球场东北角那里的暖气沟跑气跑得很厉害有可能是管道漏了这样一个是很浪费另一个那儿块离幼儿园很近往来的孩子和家长很多很危险你们安排人去看一看吧先生一边跟我说一边还在小纸条上画出了具体方位先生又嘱咐道还有一事昨晚我到顾元宪家里发现他家暖气不热房间有点冷就度左右他每天都工作到那么晚别冻坏喽你们也去看看吧那一天先生的容貌和神情我仍记忆犹新眉宇疏朗清阔两眼深邃明澈笑容可掬非常客气地与我说着话凌冽寒冬已经岁高龄的先生情系学校心系他人仍奔走于校园足见他对学校的关心对人才的爱护今时今日我仍能感受到先生带给我的那种静谧无言的温厚和质朴翌日我颇为意外地接到先生的电话告知我们顾元宪家里的暖气已经热了网球场附近的暖气管道也不漏气了表扬我们工作落实得快虽然我们只是尽了应尽的职责然而先生的细心和鼓励仍让我心里温暖良久备受鼓舞那张小纸条我一直珍藏至今与刘长春比百米我印象中的先生豁达乐观幽默风趣年刘长春体育馆刚建成当时我担任体育馆馆长就刘长春铜像摆放位置一事向先生请教先生与我说起他提议要和刘长春比赛百米的故事在文革期间我和刘长春在一起学习一次我跟他说你不是国内百米冠军还参加过奥运会嘛来我跟你比比百米刘长春笑了笑跟我摆了摆手先生笑着跟我解释说刘长春比我大岁当时身体不是很好所以我就逗他说要比比结果奥运冠军都没敢跟我比哦当时先生脸上孩童般开心的笑容还历历在目记得先生说过人的一生风风雨雨什么事情都可能遇到要坚持积极向上的态度对待生活坚持过好每一天回忆先生总会回想起他的钱式幽默先生见游泳馆池水清明澄澈便风趣地跟我说小周你教我游泳吧当时先生已经岁高龄了我好奇地问他先生您是江苏人应该会游泳啊他笑呵呵地说很遗憾哦我还真不会游泳所以请你这个馆长把我教会吧我说好好每忆及此倍感遗憾再没有机会教先生游泳了为健儿壮行回忆先生总会忆起许多温暖和感动先生的生日是月日年的这一天是先生寿辰我校教师王刚义挑战冰海出征仪式在体育馆举行令大家喜出望外的是先生竟然坐着轮椅也来参加出征仪式为王刚义壮行这是先生在年为王刚义出征北大西洋冰海后第二次壮行了先生那天很高兴握着王刚义的手与他亲切交谈为他鼓劲还激励我们要学习王刚义顽强进取勇于挑战自然突破自我的拼搏精神婉拒题字先生酷爱书法写得一手好字体育馆落成初期我曾向先生提议为体育馆题写馆名先生却非常谦虚地说我的字不够好你们可以请闻世震同志帮忙他是咱们学校篮球队队员字又写得不错刚劲有力由他写更适合也更有意义后来先生帮我们从闻世震的多幅题字中逐字挑选才确定了现在刘长春体育馆馆名字样钱令希先生是大工的宝贵财富我与先生接触不多但是先生对我的影响却是深刻而久远总会忆起先生握着我的手拍着我的手背意味深长地说好好干那深邃的目光至今一直鼓舞着我我还总会忆起他摇着拐杖在银杏树下踏着金黄树叶的身影先生的音容笑貌今日犹在先生那种坦诚乐观积极的人生智慧更值得我一生学习先生之风山高水长虽不能至心向往之永远怀念钱令希先生作者简介周福战党委宣传部常务副部长兼新闻中心主任责任编辑张平媛复制网址打印每日推荐钱令希院士诞辰百年春风化雨润物无声钱令希院士诞辰百年业精于勤奋功成于坚韧钱令希院士诞辰百年钱令希治学育人的三重奏钱令希院士诞辰百年临江仙两学一做建艺学院党委举行专题三集中学习讨论两学一做学先进争做先进两学一做喜看变化畅谈发展大连理工大学中国建筑第八工程局有限公司第三期学校召开实验室安全工作会议落实安全责任机械工程学院举办年全国优秀大学生学术夏令营推荐视频钱令希诞辰百年纪录片发布预告年月日大工新闻学校隆重举行庆祝中国共产党成立周年大会为梦连理大连理工大学招生宣传片焦点图片毕业季校园里那抹亮色美女毕业生遇见特色学位服毕业季大学四年最遗憾的那些事毕业季最大工难忘凌工路号那件事大工建筑篇一你不得不知道的那些楼排行榜点击落实十三五发展规划推动学校发展实现新为母校成就自豪助母校实现腾飞年青少年高校科学营大连理工大学分营开营大连理工大学援梦专列再次启程我校论文被计算机视觉及模式识别领域国际顶尖郭东明校长应邀出席中俄大学校长峰会并作主题切实做好本科招生录取工作为学校选拔优质生大连理工大学附属学校举行届学生毕业典礼王立鼎院士与两岸学子分享科研历程大连理工大学教师获日本水环境学会年度技术奖第一页内容缓存全文内容缓存根据设置字体大小并初始化按钮请选择投票选项最多允许选项单页阅读分页阅读单页阅读分页阅读控制内容区域的的图片大小并为过大的图片添加查看原图复制网址复制链接成功被浏览器拒绝请在浏览器地址栏输入并回车然后将设置为复制链接成功改变字号小本文地址电话版权所有大连理工大学新闻中心
-1
