http://news.dlut.edu.cn/article/2016/0711/67845.shtml
27
177
174
123
318
8
321
2
35
286
165
165
240
240
352
352
267
267
251
185
61
44
135
370
252
38
381
65
大连理工大学援梦专列再次启程综合新闻大工新闻网首页新闻图片视频报纸广播首页新闻综合新闻正文大连理工大学援梦专列再次启程作者陈家晶来源学生工作处宣传部新闻中心时间点击近千万考生都在翘首以盼来自象牙塔的通知书之际在大连理工大学一列特殊的火车援梦专列正在整装它的起点是即将到大连理工大学报到的级每一位家庭经济困难新生的故乡而列车的终点只有一个大连理工大学援梦专列活动是由大连理工大学校友总会教育发展基金会学生工作处共同发起的筹资项目用以资助该校家庭经济困难新生购买入学火车票船票汽车票该活动年首次举办就吸引了近千名校友踊跃参与筹资元名级家庭经济困难新生获得资助值得一提的是在筹款过程中该校多名校友表示不论项目最终资金缺口有多大都愿意补足差额一定让援梦专列顺利到达终点让学弟学妹实现大学梦采访中记者了解到年大工的援梦专列将在去年的基础上进一步扩大筹款和资助规模实现家庭经济困难新生全覆盖援梦专列详细事宜及申请流程可以通过大连理工大学迎新网学生工作微信平台大连理工大学校友会微信公众号大连理工大学教育发展基金会微信公众号进行了解大工不会让任何一名学生因家庭经济困难而失学不仅有援梦专列解决来校报到的路费问题学校还有日趋完善精准的资助保障体系可以实现学子求学全过程与资助服务无缝连接入学报到有大工绿色通道随时待命有爱心大礼包提供基本生活用品有迎新暖心助学金保障助学金发放前的基本生活费学校还设有类型丰富的奖学金助学金并专门为有家庭经济困难的学生提供勤工助学岗位新生报到前经济上有困难可以拨打专门针对新生的资助服务热线了解政策获得资助学校学生工作处副处长张远航表示接到大连理工大学录取通知书只要你愿意就一定能来到大工拥抱大海连理大工实现梦想扫描二维码一键捐赠捐赠网址责任编辑张平媛复制网址打印每日推荐和期刊主编访问我校人工光合作用建筑材料研究所师生赴大连三川集团参观实习建艺学院举行筑梦艺行社会实践团成立仪式副校长朱泓率团访问白俄罗斯国立大学推进两校合作建党周年王立鼎院士与两岸学子分享科研历程我校论文被计算机视觉及模式识别领域国际顶尖期刊两学一做盘锦校区党工委召开专题二学习研讨会东北新闻网年青少年高校科学营大连理工大打造多元化精英咨询团队开拓招生宣传工作新局面推荐视频钱令希诞辰百年纪录片发布预告年月日大工新闻学校隆重举行庆祝中国共产党成立周年大会为梦连理大连理工大学招生宣传片焦点图片毕业季校园里那抹亮色美女毕业生遇见特色学位服毕业季大学四年最遗憾的那些事毕业季最大工难忘凌工路号那件事大工建筑篇一你不得不知道的那些楼排行榜点击落实十三五发展规划推动学校发展实现新校友许宪平调任通用技术集团董事长基建进行时学校基本建设正在加紧推进中大连理工大学校友会新增国际化成员加强马克思主义学院建设培养信仰坚定的优秀郭东明校长应邀出席中俄大学校长峰会并作主题为母校成就自豪助母校实现腾飞大连理工大学附属学校举行届学生毕业典礼大连理工大学援梦专列再次启程年青少年高校科学营大连理工大学分营开营第一页内容缓存全文内容缓存根据设置字体大小并初始化按钮请选择投票选项最多允许选项单页阅读分页阅读单页阅读分页阅读控制内容区域的的图片大小并为过大的图片添加查看原图复制网址复制链接成功被浏览器拒绝请在浏览器地址栏输入并回车然后将设置为复制链接成功改变字号小本文地址电话版权所有大连理工大学新闻中心
-1
