http://news.dlut.edu.cn/article/hzjl/0613/67181.shtml
28
10
49
129
119
167
167
162
162
化工与环境生命学部师生赴日本北九州市立大学交流访学合作交流大工新闻网首页新闻图片视频报纸广播首页新闻合作交流正文化工与环境生命学部师生赴日本北九州市立大学交流访学作者文张宏艳佟诗宇图张宏艳郑晓琛来源化工与环境生命学部时间点击月日至月日化工与环境生命学部环境学院郑洪波副教授李雪花副教授等率领访问团一行人赴日本北九州市进行了为期天的学术交流访问对北九州市的环保发展模式生态建设理念以及社会人文风情进行学习体验增强了学生对先进环保技术的具体认知拓展了学生的国际化视野生态理念引领废物再生集群产业月日团队来到北九州生态工业园区参观见学园区内集合了大批再生利用型环保企业成为资源循环基地致力于实现真正零排放在工作人员的介绍下团队了解了园区内的再生利用产业体系从塑料瓶荧光灯管医疗废物到汽车家电办公设备等涵盖了丰富的再生物质项目此外团队走访了园区内的办公设备再生企业和医疗器具再生企业实地参观了企业工作车间了解了再生工艺原理拆卸分选及加工流程学生们对生态园内废弃物完善的循环路线以及资源再生的实施力度颇为震撼团队还参观了位于生态工业园区内的响滩生态园经过人工修复响滩地区的废弃物填埋场旧址被重建为环境优美的生态园工作人员热情地向团队介绍了生态园内丰富的栖息物种使学生们看到了土地修复的绿色希望高新技术打造污水处理清洁模式月日团队参访了北九州市水广场污水处理厂水广场以日本先进的膜技术为中心通过海水淡化和污水再利用的合成实现了节能低成本低环境负荷的制水系统在工作人员的介绍下团队对工厂的污水处理技术及工艺流程形成了基本认识并且参观了水广场内大型水处理设备近距离观察了用于污水处理的超滤膜实体学习了膜处理技术的工作原理随后团队赴往水广场城市污水处理厂参观见学在厂区展厅内工作人员向团队介绍了北九州市污水处理的发展历程展厅内独特的立体模型影院生动形象地向团队展示了工厂污水处理的技术及工艺流程此外团队实地走访了污水处理运作区域近距离参观了沉砂池生化池二沉池等污水处理单元设施通过走访学生得以将理论所学与实际见闻良好结合学术交流拉动中日两校友好合作月日团队一行赴北九州市立大学国际环境工学部进行学术交流在环境事例研究发表会上我校环境学院级名学生分别就基于人工生物膜技术的生物富集优化预测方法一种针对氨氧化的高效催化剂的制备两项课题进行全英文汇报并就课题相关内容与北九州市立大学的师生进行交流探讨此外北九州市立大学学生亦对研究课题体育场草坪的废弃草处理方法做学术发表我校学生在国际舞台上展示出良好的知识水平和综合素质受到了日方师生的肯定与褒奖下午团队在北九州学术研究城参观见学了解了北九州产业学术推进机构在基础研究技术开发验证研究及企业化运作各个环节间的协调联合功能随后团队来到北九州学术研究城总控制室参观了控制室内电力调控给排水系统污水处理设施并有幸见识到庞大交错但秩序井然的底下管网系统通过对日本北九州市各环保产业科研高校参观走访与实地体验丰富了我校环境专业学生对先进环保应用技术的认识对国际范围内的环保理念有了深刻体验极大地开阔了学生的国际化视野在国际化交流基金的资助下我校环境学院与日本北九州市立大学连续年开展双方互访为双方学生搭建国际交流平台同时深化了两校合作发展的基础位于日本九州岛北端的北九州市如今作为全球环境治理的样板城市在上个世纪六十年代却曾经一度笼罩着严重的环境污染阴霾然而经过市民企业高校科研机构和政府几十年的共同努力北九州市迅速实现了从世界环境危机城市到全球环境佳的重构之路我校环境学院与北九州市立大学签订友好合作协议自年起至今已连续年双方互派师生交流访问缔结了深厚的合作友谊责任编辑张平媛复制网址打印每日推荐化工与环境生命学部师生赴日本北九州市立大学交流大连市人社局人才服务中心和君集团与学校签订合校友齐聚返校日共叙情谊游大工第四届建筑结构基础理论与创新实践论坛在大连召开校长郭东明参加所在党支部两学一做学习教育专新商报武春友他把绿色理念带进国家战略新商报十大环保人物大连日报寻大工校友母校送你温暖端午假期中国高校之窗大连理工大学党委书记王寒松参加主动出击档案馆征集百余件史料丰富创校档案推荐视频钱令希诞辰百年纪录片发布预告年月日大工新闻学校隆重举行庆祝中国共产党成立周年大会为梦连理大连理工大学招生宣传片焦点图片毕业季校园里那抹亮色美女毕业生遇见特色学位服毕业季大学四年最遗憾的那些事毕业季最大工难忘凌工路号那件事大工建筑篇一你不得不知道的那些楼排行榜点击返校日感动集体婚礼共赴连理之约大连理工大学研究生当选辽宁省学生联合会驻会返校日感怀重走大工路用脚步丈量母校大连理工大学年自主招生考试顺利举行让青春在火热军营中绽放光彩教育部专项检查组来校检查基本建设规范化管理电信学部本科生研究论文被国际权威杂志录用校党委书记王寒松参加所在党支部两学一做大连理工大学名师生获得奖励名古屋大学松尾清一校长率团来访第一页内容缓存全文内容缓存根据设置字体大小并初始化按钮请选择投票选项最多允许选项单页阅读分页阅读单页阅读分页阅读控制内容区域的的图片大小并为过大的图片添加查看原图复制网址复制链接成功被浏览器拒绝请在浏览器地址栏输入并回车然后将设置为复制链接成功改变字号小本文地址电话版权所有大连理工大学新闻中心
