http://news.dlut.edu.cn/article/xiaoyuan/1.shtml
85
147
149
150
152
151
155
154
153
156
157
165
166
16
10
15
155
154
153
156
157
165
166
16
10
15
17
19
20
14
152
68
71
72
73
74
75
76
77
80
78
79
81
68
124
160
167
167
162
162
160
菁菁校园大工新闻网每日推荐字体大小设置清除背景颜色效果边框清除栏目内容文字居左设置调整宽度是注意对应左边栏文字居左设置导航目录颜色调整设置宣传部站群海燕网星海夜话手机版新闻线索预约采访会员投稿留言板学校要闻综合新闻菁菁校园新闻聚焦校园视点信息预告媒体大工领导论坛大工人物校友之声学术动态大工往事部院风采合作交流专题新闻校园视点信息预告媒体大工领导论坛大工人物校友之声学术动态大工往事部院风采合作交流专题新闻精彩瞬间光影四季人文艺术校史钩沉第一时间大工新闻在你身边专题报道校园文艺校园拍客今日大工大工讲坛关于团队校史故事品学校园文艺校园拍客今日大工大工讲坛关于团队校史故事品学十七点播报广播台新闻节目综艺节目外文节目专题节目广播剧下载首页新闻菁菁校园建设工程学部张鑫旺获学生竞赛团体第一名年月日软件学院创新师资聘任方式加强学生实践能力培养年月日电信学部青年教师和学生参观革命纪念馆缅怀革命先烈年月日体育教学部赴云南龙陵支教团启程年月日物理学院开展社会工作奖学金打擂评审年月日机械工程学院举办年全国优秀大学生学术夏令营年月日建筑材料研究所师生赴大连三川集团参观实习年月日建艺学院举行筑梦艺行社会实践团成立仪式年月日打造多元化精英咨询团队开拓招生宣传工作新局面年月日数学学院举办年全国优秀大学生数学学术夏令营年月日建设工程学部校友田熹东来校作创新创业报告年月日软件学院圆满完成江苏福建及大连金州开发区招生宣传年月日新生案例分析实践课商学院的学生如何预测未来年月日在大工豫见你运载学部完成河南省招生宣传工作年月日人文与社会科学学部举行安全生产月系列活动年月日建艺研究生志愿者返爱社会放飞梦想年月日第六届电子信息与电气工程学部科技文化节落幕年月日建设工程学部开展西藏少数民族学生就业经验交流会年月日能动学院届毕业生典礼暨学位授予仪式圆满落幕年月日管理与经济学部届研究生毕业典礼隆重举行年月日上一页下一页每日推荐建设工程学部张鑫旺获学生竞赛团体第一名材料级校友返校暨奖学金签约仪式顺利举行海洋能源利用与节能教育部重点实验室召开学委会会我校再获辽宁省大学生电子设计竞赛最高奖杯实践在路上躬身企业行笃志中国梦全国人工环境相关学科博士生导师研讨会在我校召开我校在耐酸沸石膜微观结构的设计与调控研究取得新实践在路上怀报国之志行实践之路做合格党郭东明校长会见大连公交集团董事长孙明一行罗均炎同志逝世推荐视频钱令希诞辰百年纪录片发布预告年月日大工新闻学校隆重举行庆祝中国共产党成立周年大会为梦连理大连理工大学招生宣传片焦点图片毕业季校园里那抹亮色美女毕业生遇见特色学位服毕业季大学四年最遗憾的那些事毕业季最大工难忘凌工路号那件事大工建筑篇一你不得不知道的那些楼排行榜点击罗均炎同志逝世给科研人员松绑加油中办国办印发关于进一步完善中央财政科研郭东明校长会见大连公交集团董事长孙明一行我校在构建高性能锂离子电池负极材料研究取得学校组织召开科技成果研讨会大工代表队勇夺全国电子商务三创赛总决赛实践在路上赴渝见证传统制造业老树发新实践在路上走进企业长才干扬帆起航京津新兴电子商务的信息与物流管理教育部创新电话版权所有大连理工大学新闻中心
