http://news.dlut.edu.cn/article/byfc/0726/68459.shtml
28
16
72
148
167
167
162
162
13
24
164
158
21
管理与经济学部召开全体教职工大会暨期末工作总结大会部院风采大工新闻网首页新闻图片视频报纸广播首页新闻部院风采正文管理与经济学部召开全体教职工大会暨期末工作总结大会作者学部办公室来源管理与经济学部时间点击近日管理与经济学部全体教职工大会暨期末工作总结大会在六角楼召开学部党政领导班子成员及全体教职工参加了此次会议会议由学部党委书记朱方伟主持学部领导班子成员就分管的工作进行了总结在即将过去的这一学期通过本科生培养计划修订纯英语授课的国际经济与贸易专业的设置联合办学设立工商管理创新创业方向辅修专业继续推进教学质量认证达标计划通过研究生培养方案修订专业学位教育培养方案调整改革招生模式参与中国高质量教育认证认证等措施加强和完善人才培养工作顺利完成第四轮学科评估材料的整理上报对学科建设继续进行经费支持规范支持项目与要求进一步明确学科建设方向综合考虑学科分布与评估以及导向形成等因素学部进一步调整和修订国际期刊目录采取积极有效措施加大人才引进的力度做好人才队伍引进与建设工作稳步推进国际认证做好第二届国际咨询委员会的筹备工作通过开展国际合作办学进行国际港澳台师资招聘等方式进一步提高学部国际化水平完成了含教育专项自查小金库专项治理资产设备清查等工作顺利完成了本科硕士博士的论文答辩学位授予毕业生就业校友教育基金及其他各项常规工作学部党委认真开展党员组织关系排查工作按照两个牢牢把握的要求认真开展两学一做学习教育完成了基层党组织换届及党费收缴情况自查顺利召开了学部第二次党员代表大会在领导班子成员联系研究所制度基础上建立学部领导班子与研究所座谈交流的制度通过选举方式组建了学部第一届民主管理委员会加强交流互动提高学部管理水平最后苏敬勤部长通报了学部综合改革工作重点就学部实施年薪制改革的工作思路和原则作了说明大会结束后就年薪制改革方案设计相关的原则在与会教师中进行了问卷调查责任编辑张平媛复制网址打印每日推荐管理与经济学部召开全体教职工大会暨期末工作总结电信学部青年教师和学生参观革命纪念馆缅怀革命先大工附校中考成绩再创历史新高学校召开研究生培养方案修订工作审定会教育部大连理工大学注重发挥社区文化育人功能大连日报从毕业决心书中传承红色基因两学一做机关党委让手抄党章真正内化于心第届全国青少年教育机器人奥林匹克竞赛在我校举两学一做放假不放松多项举措确保学习教育常能源与动力学院完成新一届党委换届及纪委成立选举推荐视频钱令希诞辰百年纪录片发布预告年月日大工新闻学校隆重举行庆祝中国共产党成立周年大会为梦连理大连理工大学招生宣传片焦点图片毕业季校园里那抹亮色美女毕业生遇见特色学位服毕业季大学四年最遗憾的那些事毕业季最大工难忘凌工路号那件事大工建筑篇一你不得不知道的那些楼排行榜点击从首届毕业生毕业决心书中传承红色基因大连理工大学召开第三十五次学生代表大会群策群力抢抓机遇为大工吸引一流生源郭东明校长会见长兴岛经济区党工委书记杨广志大连理工大学获中国高校计算机大赛团队一等奖校党委书记王寒松在第三十五次学代会开幕式上机械工程学院完成新一届党委换届及纪委成立选我校多部影视作品在中国高校电视奖评选中斩获贯彻落实全面从严治党要求强化政治纪律和政中国地震局工程力学研究所所长孙柏涛受聘我校第一页内容缓存全文内容缓存根据设置字体大小并初始化按钮请选择投票选项最多允许选项单页阅读分页阅读单页阅读分页阅读控制内容区域的的图片大小并为过大的图片添加查看原图复制网址复制链接成功被浏览器拒绝请在浏览器地址栏输入并回车然后将设置为复制链接成功改变字号小本文地址电话版权所有大连理工大学新闻中心
