http://news.dlut.edu.cn/article/byfc/0726/68472.shtml
28
16
40
72
148
167
167
162
162
13
24
164
158
21
两学一做建工材料师生党员参观大连市委两学一做学习教育展览部院风采大工新闻网首页新闻图片视频报纸广播首页新闻部院风采正文两学一做建工材料师生党员参观大连市委两学一做学习教育展览作者孟秀英来源建设工程学部时间点击为了深入学习贯彻习近平总书记在中国共产党成立周年大会上的重要讲话精神回顾党的光辉历程讴歌党的丰功伟绩扎实推进两学一做学习教育活动激发广大党员谋事创业的活力为推动学部学院各项事业发展加快双一流建设作出应有贡献月日下午建设工程学部材料学院党委组织师生党员代表前往大连市委参观不忘初心继续前进学党章党规学系列讲话做合格党员学习教育主题展览建设工程学部党委书记杨庆教授建工学部党委副书记兼副部长王晶华材料学院党委副书记兼副院长戚凤芝以及建设工程学部教师党员代表材料学院师生党员代表人共同参加了学习此次展览分为学党章党规学系列讲话做合格党员振兴再出发四个部分回顾了中国共产党自年以来历经坎坷而波澜壮阔的年光辉历程此次展览展出的余份珍贵历史档案是从中央档案馆辽宁省档案馆和市档案馆相关馆藏中精心挑选的许多为首次公开进行展示具有极其重要的史料价值和教育作用真实再现了我党在各个历史时期加强党的建设和党员教育的历史过程集中反映了中国共产党人在不同历史条件下坚守信仰敢于奉献敢于担当的崇高精神是当前开展两学一做学习教育的生动教材在讲解员的带领下党员们现场学习了我党在各个历史时期加强党的建设和党员教育的历史过程一幅幅真实的老照片一个个生动的历史故事无不令大家驻足深思为革命烈士的坚强不屈而感动为新中国的成立艰辛而感叹通过学习参观党员们深刻感受到共产党人在不同历史条件下坚定理想信念甘于奉献不怕牺牲敢闯敢拼勇往直前的崇高精神心灵受到了强烈的震撼建设工程学部党委副书记兼副部长王晶华说道本次主题展览紧密结合两学一做学习教育紧扣党史的发展历程立意深刻主题突出与经济社会发展先进模范典型事迹紧密结合激励人心让我们对实现中华民族伟大复兴的中国梦更加有信心有动力参观结束后王老师在留言册中写到两学一做身体力行不忘初心继续前进材料学院党委副书记兼副院长戚凤芝说道参观主题展览后更加深刻地体会到了中国共产党的历史是苦难也是辉煌纪律严明是我们党的优良传统在新的历史时期我们要增强使命感和责任感在深入开展两学一做学习教育中紧密结合学校学院中心工作使两学一做内化于心外化于行建设工程学部教师党员马志先说道通过此次主题展览的学习自己深受教育也强烈感受到自身肩负的责任与使命并表示将在今后的工作生活中继续深入学习党章党规学习习近平系列讲话精神发挥党员的先锋模范作用做合格的共产党员此次参观活动受到了大连市档案馆和中共大连市直属机关工作委员会的热情接待通过重温党的光荣传统历史和丰功伟绩师生党员们进一步坚定了理想信念进一步增强了政治意识大局意识核心意识和看齐意识为扎实推进基层党组织两学一做学习教育加强基层党组织功能建设和党员队伍建设具有重要意义责任编辑张平媛相关阅读复制网址打印每日推荐两学一做建工材料师生党员参观大连市委两管理与经济学部召开全体教职工大会暨期末工作总结电信学部青年教师和学生参观革命纪念馆缅怀革命先大工附校中考成绩再创历史新高学校召开研究生培养方案修订工作审定会教育部大连理工大学注重发挥社区文化育人功能大连日报从毕业决心书中传承红色基因两学一做机关党委让手抄党章真正内化于心第届全国青少年教育机器人奥林匹克竞赛在我校举两学一做放假不放松多项举措确保学习教育常推荐视频钱令希诞辰百年纪录片发布预告年月日大工新闻学校隆重举行庆祝中国共产党成立周年大会为梦连理大连理工大学招生宣传片焦点图片毕业季校园里那抹亮色美女毕业生遇见特色学位服毕业季大学四年最遗憾的那些事毕业季最大工难忘凌工路号那件事大工建筑篇一你不得不知道的那些楼排行榜点击从首届毕业生毕业决心书中传承红色基因大连理工大学召开第三十五次学生代表大会群策群力抢抓机遇为大工吸引一流生源郭东明校长会见长兴岛经济区党工委书记杨广志大连理工大学获中国高校计算机大赛团队一等奖校党委书记王寒松在第三十五次学代会开幕式上机械工程学院完成新一届党委换届及纪委成立选我校多部影视作品在中国高校电视奖评选中斩获贯彻落实全面从严治党要求强化政治纪律和政中国地震局工程力学研究所所长孙柏涛受聘我校第一页内容缓存全文内容缓存根据设置字体大小并初始化按钮请选择投票选项最多允许选项单页阅读分页阅读单页阅读分页阅读控制内容区域的的图片大小并为过大的图片添加查看原图复制网址复制链接成功被浏览器拒绝请在浏览器地址栏输入并回车然后将设置为复制链接成功改变字号小本文地址电话版权所有大连理工大学新闻中心
