http://news.dlut.edu.cn/article/byfc/0729/68488.shtml
28
16
29
159
167
167
162
162
13
148
两学一做人文学部领导班子开展中国共产党问责条例专题学习部院风采大工新闻网首页新闻图片视频报纸广播首页新闻部院风采正文两学一做人文学部领导班子开展中国共产党问责条例专题学习作者庞源来源人文与社会科学学部时间点击为学习贯彻王寒松书记重要批示精神落实学校办公室关于深入学习贯彻落实中国共产党问责条例的通知月日下午人文与社会科学学部领导班子紧密联系工作实际在文科楼组织中国共产党问责条例专题学习学习研讨由学部党委书记郑保章教授主持郑保章传达了王寒松书记的批示精神并就学习中国共产党问责条例谈体会对学部全体党组织和党员的学习提出了明确要求和具体部署他指出中央在两学一做学习教育推进的关键时期出台中国共产党问责条例体现了党中央全面从严治党的决心突出了管党治党政治责任是党的十八大以来管党治党理论和实践创新成果是全面从严治党重要的制度遵循全体党员特别是党员领导干部要加强学习做到有权必有责有责要担当学部班子要先学深学坚持高标准严要求做忠诚干净担当的典范学部班子成员在学习研讨中指出要深刻认识中国共产党问责条例出台的重大意义带头学习把思想行动统一到中央决策上加强自我警示慎小慎独慎微做严守党规党纪的典范会议还集中学习研讨了毛丰美精神责任编辑张平媛复制网址打印每日推荐两学一做人文学部领导班子开展中国共产党问钱令希院士百年诞辰学术思想座谈会召开校党委书记王寒松会见解放军驻瓦房店某部韩向春大中国核动力研究设计院黄彦平总工程师受聘大工兼职学校成立防台防汛领导小组动员部署防台防汛工作两学一做学校两学一做学习教育领导小组办学校召开新一届本科生奖学金评审委员会第一次会议软件学子挺进大型机世界杯竞赛全球前十第期辽宁省高校辅导员专题培训班在我校举行统筹规划全面布局因势利导抢抓优秀生源推荐视频钱令希诞辰百年纪录片发布预告年月日大工新闻学校隆重举行庆祝中国共产党成立周年大会为梦连理大连理工大学招生宣传片焦点图片毕业季校园里那抹亮色美女毕业生遇见特色学位服毕业季大学四年最遗憾的那些事毕业季最大工难忘凌工路号那件事大工建筑篇一你不得不知道的那些楼排行榜点击从首届毕业生毕业决心书中传承红色基因大工附校中考成绩再创历史新高中国地震局工程力学研究所所长孙柏涛受聘我校学校召开一级博士学位授权点合格评估校内评审大连理工大学应邀赴美参加微软研究院高峰论中国核动力研究设计院黄彦平总工程师受聘大工洪晓楠教授被聘为教育部高校思想政治理论课教软件学子挺进大型机世界杯竞赛全球前学校召开学科建设专项座谈会大连理工大学与大连海洋大学签署联合人才培养第一页内容缓存全文内容缓存根据设置字体大小并初始化按钮请选择投票选项最多允许选项单页阅读分页阅读单页阅读分页阅读控制内容区域的的图片大小并为过大的图片添加查看原图复制网址复制链接成功被浏览器拒绝请在浏览器地址栏输入并回车然后将设置为复制链接成功改变字号小本文地址电话版权所有大连理工大学新闻中心
