http://news.dlut.edu.cn/article/byfc/0729/68492.shtml
28
16
43
29
159
167
167
162
162
13
148
教务处召开实验室会议强化经费规范管理和使用部院风采大工新闻网首页新闻图片视频报纸广播首页新闻部院风采正文教务处召开实验室会议强化经费规范管理和使用作者高欣来源教务处时间点击为进一步推进实验室建设工作加强经费管理与使用月日下午教务处在主楼会议室组织召开了实验室建设工作会议监察处采购与招标管理中心相关负责人各实验中心主任中央高校改善基本办学条件专项资金项目负责人校实验室建设重点项目负责人参加了会议会议由教务处副处长姜文凤教授主持姜文凤副处长首先总结了我校实验室建设工作总体情况近年来我校积极推进高等学校本科教学改革与教学质量工程坚持以软带硬资源共享的原则以建设国家级实验教学示范中心为目标以实验教学改革为核心引领实验室建设实验教学内容方法技术管理等不断改革与创新加强学生实践能力和创新意识培养取得了突出成绩和阶段性成果目前全校共有个国家级实验教学示范中心个国家级虚拟仿真实验教学中心个省级实验教学示范中心个省级虚拟仿真实验教学中心国家级省级示范中心数量位于同类高校前列发挥了很好的示范作用监察处副处长田守智强调教学人员应明确实验室建设经费的公共属性增强责任意识安全意识和风险意识自觉依法依规使用经费尤其是各项目负责人要严格把关自觉遵守各项法律法规和管理制度在经费使用中杜绝一切违法违规行为采购与招标管理中心副主任石成田就实验室建设中涉及到的采购招标相关管理规定和流程进行了说明通过列举分析校内采购过程中常见违规现象强调教师应牢固树立依法采购的规则意识并对各位老师提出的相关问题逐一进行了解答本次会议进一步提高了参会教师对相关法规制度和学校管理办法的理解提升了我校实验室经费管理和使用的规范化水平有效促进实验室建设成效责任编辑张平媛复制网址打印每日推荐教务处召开实验室会议强化经费规范管理和使用两学一做人文学部领导班子开展中国共产党问钱令希院士百年诞辰学术思想座谈会召开校党委书记王寒松会见解放军驻瓦房店某部韩向春大中国核动力研究设计院黄彦平总工程师受聘大工兼职学校成立防台防汛领导小组动员部署防台防汛工作两学一做学校两学一做学习教育领导小组办学校召开新一届本科生奖学金评审委员会第一次会议软件学子挺进大型机世界杯竞赛全球前十第期辽宁省高校辅导员专题培训班在我校举行推荐视频钱令希诞辰百年纪录片发布预告年月日大工新闻学校隆重举行庆祝中国共产党成立周年大会为梦连理大连理工大学招生宣传片焦点图片毕业季校园里那抹亮色美女毕业生遇见特色学位服毕业季大学四年最遗憾的那些事毕业季最大工难忘凌工路号那件事大工建筑篇一你不得不知道的那些楼排行榜点击从首届毕业生毕业决心书中传承红色基因大工附校中考成绩再创历史新高中国地震局工程力学研究所所长孙柏涛受聘我校学校召开一级博士学位授权点合格评估校内评审大连理工大学应邀赴美参加微软研究院高峰论中国核动力研究设计院黄彦平总工程师受聘大工洪晓楠教授被聘为教育部高校思想政治理论课教软件学子挺进大型机世界杯竞赛全球前学校召开学科建设专项座谈会大连理工大学与大连海洋大学签署联合人才培养第一页内容缓存全文内容缓存根据设置字体大小并初始化按钮请选择投票选项最多允许选项单页阅读分页阅读单页阅读分页阅读控制内容区域的的图片大小并为过大的图片添加查看原图复制网址复制链接成功被浏览器拒绝请在浏览器地址栏输入并回车然后将设置为复制链接成功改变字号小本文地址电话版权所有大连理工大学新闻中心
