http://news.dlut.edu.cn/article/byfc/0725/68444.shtml
28
16
167
167
162
162
31
24
164
158
21
管经学部召开第二次党员代表大会部院风采大工新闻网首页新闻图片视频报纸广播首页新闻部院风采正文管经学部召开第二次党员代表大会作者管经学部来源管理与经济学部时间点击月日下午点管理与经济学部党委在六角楼召开第二次党员代表大会选举学部新一届党委委员纪律检查委员会委员校党委组织部副部长张吕和组织员李晓杰出席了大会学部名党员代表参加了大会大会由学部党委副书记兼副部长张治宝主持大会在嘹亮的国歌声中开幕大会听取了党委书记朱方伟同志代表第一届党委会所作的工作报告张治宝同志向与会代表报告了大会筹备的情况与会代表审议并通过了中共大连理工大学管理与经济学部委员会换届选举办法监票人名单听取并通过了党委委员和纪委委员候选人名单在总监票人主持下大会进行了选举大会结束后先后举行了纪律检查委员会第一次全体委员会议第二届党委会第一次全体委员会议本次大会遵照中国共产党章程中国共产党基层组织选举工作暂行条例贯彻落实了校党委关于基层党组织换届的相关规定和要求对于进一步深入落实和推进两学一做学习教育以及习总书记的庆祝建党九十五周年讲话有着重要意义新一届委员会将带领学部全体党员各级组织围绕中心工作为推动学部事业发展不忘初心继续前行责任编辑张平媛复制网址打印每日推荐管经学部召开第二次党员代表大会学校召开一级博士学位授权点合格评估校内评审会学校开展年暑假前综合安全大检查两学一做四个推动学习教育见实效学校召开学科建设专项座谈会机关学习毛丰美培训班赴大梨树村实地学习支创业团队角逐校园三创赛舞台大连理工大学与大连海洋大学签署联合人才培养合作大连日报理工大学举行纪念钱令希院士百年诞辰中国科学网大连理工举行钱令希院士百年诞辰学推荐视频钱令希诞辰百年纪录片发布预告年月日大工新闻学校隆重举行庆祝中国共产党成立周年大会为梦连理大连理工大学招生宣传片焦点图片毕业季校园里那抹亮色美女毕业生遇见特色学位服毕业季大学四年最遗憾的那些事毕业季最大工难忘凌工路号那件事大工建筑篇一你不得不知道的那些楼排行榜点击机械工程学院新教学楼开工建设大连理工大学召开第三十五次学生代表大会钱令希院士诞辰百年让钱令希精神鼓舞我们群策群力抢抓机遇为大工吸引一流生源郭东明校长会见长兴岛经济区党工委书记杨广志大连理工大学获中国高校计算机大赛团队一等奖机械工程学院完成新一届党委换届及纪委成立选校党委书记王寒松在第三十五次学代会开幕式上我校多部影视作品在中国高校电视奖评选中斩获贯彻落实全面从严治党要求强化政治纪律和政第一页内容缓存全文内容缓存根据设置字体大小并初始化按钮请选择投票选项最多允许选项单页阅读分页阅读单页阅读分页阅读控制内容区域的的图片大小并为过大的图片添加查看原图复制网址复制链接成功被浏览器拒绝请在浏览器地址栏输入并回车然后将设置为复制链接成功改变字号小本文地址电话版权所有大连理工大学新闻中心
