http://news.dlut.edu.cn/article/byfc/0729/68498.shtml
28
16
45
43
29
159
167
167
162
162
13
148
两学一做远教院领导班子带头学与做扎实推进学习教育开展部院风采大工新闻网首页新闻图片视频报纸广播首页新闻部院风采正文两学一做远教院领导班子带头学与做扎实推进学习教育开展作者文张晓丽图田磊来源远程与继续教育学院时间点击今年月自两学一做学习教育启动以来学院领导班子及支部委员积极开展学习根据中央要求和大连理工大学开展两学一做学习教育的实施方案及大连理工大学进一步开展两学一做学习教育的指导意见安排利用多种学习方式积极开展学习教育高度重视严格要求争做表率开展学党章党规学系列讲话做合格党员学习教育是面向全体党员深化党内教育的重要实践是推动党内教育从领导干部向广大党员拓展从集中性教育向经常性教育延伸的重要举措领导带头层层示范是确保两学一做学习教育取得扎实效果的关键领导干部在学习教育活动中走在前头干在前头做好表率体现的是一种政治态度展现的是一种进取精神树立的是一面标杆旗帜学院领导班子在两学一做学习教育中按照学校要求坚持走在前面深学一层做好表率围绕讲政治有信念讲规矩有纪律及党委会的工作方法习近平总书记七一讲话等专题和内容积极开展学习同时领导班子成员积极参加所在党小组的学习严格执行双重组织生活制度根据实际工作需要学院领导班子及中层干部队伍积极开展集体学习并结合实际工作对学院中层以上干部讲政治有信念讲规矩有纪律等方面在实际工作中提出明确要求推进学院两学一做学习教育热烈开展多种形式认真学习注重实效学院党政领导班子会同党小组长及相关工作人员共同讨论制定了党员活动室设计方案月份党员活动室的建成并投入使用为学习教育的开展提供了坚强的物质保障领导班子成员及支部委员通过微信微博在线学习平台专业辅导资料及阅读书籍等方式认真开展自学在自学的基础上通过集体学习研讨撰写和交流学习心得体会认真做学习笔记等形式进一步强化理论学习的效果同时结合实际工作积极讨论和破解工作难题开展调查研究深入基层倾听意见以问题为导向认真学扎实做将党的政治纪律和政治规矩内化于心外化于行切实做到真学真思真懂真信真做为了进一步加强学习效果并与实际工作结合领导班子成员带头积极参与了学院党总支组织的各项活动学院党总支开展了绿脚印环保公益活动青年党员教师爱国主义教育实践活动参观大连市举办的两学一做学习教育主题展览等活动以多种形式进一步强化了学习效果同时紧密结合实际工作学院积极开展了两学一做大型活动总结表彰会党员暑期社会实践活动以及走基层送服务走访等活动开展向李保国毛丰美同志学习立目标赶先进争优秀特色教育活动通过两优一先先进评选及纪念建党九十五周年活动以典型引领进一步在学与做中争做优秀共产党员认真交流凝聚共识共谋发展通过学习与交流领导班子成员及全体党员进一步加强了深层次的沟通进一步在实际工作中达成共识要把两学一做学习教育与学院发展紧密结合以问题为导向破除发展障碍坚持学院的指导思想办学宗旨不忘我们服务国家终身教育体系的根本不忘我们一路走来的奋斗精神针对常规工作和内容要不断推陈出新要带头走基层加强调查研究始终保持拼搏进取的精神状态推动学院事业快速发展作为党员干部要时刻保持清醒的政治头脑增强政治敏感性和政治鉴别力要始终与以习近平同志为总书记的党中央在思想上政治上行动上保持高度一致永葆共产党人的政治本色要坚定理想信念增强党性观念落实好一岗双责抓好党风廉政建设的责任作为党员领导干部要强化规矩纪律意识发挥示范表率作用将守纪律讲规矩落实到工作实际当中用工作作风的切实改变来调动广大教工爱岗敬业关心集体同甘共苦的积极性团结全体教工为学院事业发展做出自己的贡献责任编辑张平媛复制网址打印每日推荐两学一做远教院领导班子带头学与做扎南华大学教学督导团团长朱惠延教授一行访问我校民进全国省级组织宣传干部培训班在我校开班教务处召开实验室会议强化经费规范管理和使用两学一做人文学部领导班子开展中国共产党问钱令希院士百年诞辰学术思想座谈会召开校党委书记王寒松会见解放军驻瓦房店某部韩向春大中国核动力研究设计院黄彦平总工程师受聘大工兼职学校成立防台防汛领导小组动员部署防台防汛工作两学一做学校两学一做学习教育领导小组办推荐视频钱令希诞辰百年纪录片发布预告年月日大工新闻学校隆重举行庆祝中国共产党成立周年大会为梦连理大连理工大学招生宣传片焦点图片毕业季校园里那抹亮色美女毕业生遇见特色学位服毕业季大学四年最遗憾的那些事毕业季最大工难忘凌工路号那件事大工建筑篇一你不得不知道的那些楼排行榜点击从首届毕业生毕业决心书中传承红色基因大工附校中考成绩再创历史新高学校召开一级博士学位授权点合格评估校内评审大连理工大学应邀赴美参加微软研究院高峰论中国核动力研究设计院黄彦平总工程师受聘大工洪晓楠教授被聘为教育部高校思想政治理论课教软件学子挺进大型机世界杯竞赛全球前学校召开学科建设专项座谈会大连理工大学与大连海洋大学签署联合人才培养学校召开新一届本科生奖学金评审委员会第一次第一页内容缓存全文内容缓存根据设置字体大小并初始化按钮请选择投票选项最多允许选项单页阅读分页阅读单页阅读分页阅读控制内容区域的的图片大小并为过大的图片添加查看原图复制网址复制链接成功被浏览器拒绝请在浏览器地址栏输入并回车然后将设置为复制链接成功改变字号小本文地址电话版权所有大连理工大学新闻中心
