http://news.dlut.edu.cn/article/2016/0823/68615.shtml
29
149
48
53
57
55
60
56
58
59
63
100
167
167
162
162
56
63
59
60
58
53
57
55
100
48
郭东明校长会见白俄罗斯国立大学校长阿布拉缅因科谢尔盖学校要闻大工新闻网首页新闻图片视频报纸广播首页新闻学校要闻正文郭东明校长会见白俄罗斯国立大学校长阿布拉缅因科谢尔盖作者姜雪来源宣传部新闻中心时间点击月日上午校长郭东明院士在主楼室会见来访我校的白俄罗斯国立大学校长白俄罗斯国家科学院院士阿布拉缅因科谢尔盖教授双方就大连理工大学与白俄罗斯国立大学合作办学等事宜进行了深入商讨副校长朱泓陪同会见郭东明校长欢迎阿布拉缅因科谢尔盖校长来访感谢白俄罗斯国立大学对大连理工大学白俄罗斯国立大学联合学院筹的全力支持表示相信在双方共同努力下联合学院定会成为国际合作办学的全新模式助力中白两国高层次复合型人才的培养同时郭东明校长建议两校充分利用好联合学院的资源进一步拓宽两校的合作范围推动双方在科学研究人才培养师生交流等领域开展深度合作阿布拉缅因科谢尔盖校长表示白俄罗斯国立大学非常重视与大连理工大学合作对大连理工大学白俄罗斯国立大学联合学院筹充满期待将全力支持联合学院的建设此次来访就是希望在以往协议框架基础上能够进一步完善合作协议内容推动双方合作办学的尽快落实相信双方合作办学定能成为白俄罗斯与中国合作办学的典范谢尔盖校长表示期待在已有良好合作基础上进一步加强与大连理工大学的全面合作教务处国际合作与交流处国际教育学院财务处资产管理处运载工程与力学学部物理与光电工程学院数学科学学院等单位相关负责人参加会见责任编辑龙海波相关阅读复制网址打印每日推荐郭东明校长会见白俄罗斯国立大学校长阿布拉缅因科我校优秀研究生赴新加坡参加全球青年领袖游学营活两学一做重温历史记忆追寻先进榜样争做合格实践在路上躬行践履念初心筑梦青春再前行党委副书记副校长宋丹率团赴龙陵县调研中澳科学家联合攻关在硅烯研究中取得突破大工学子参加第七届世界大学生领导者研讨会实践在路上齐风鲁韵共连理望煦寻华报国行第七届国际离散元法会议在大工召开光明日报大连理工援梦专列启程推荐视频钱令希诞辰百年纪录片发布预告年月日大工新闻学校隆重举行庆祝中国共产党成立周年大会为梦连理大连理工大学招生宣传片焦点图片毕业季校园里那抹亮色美女毕业生遇见特色学位服毕业季大学四年最遗憾的那些事毕业季最大工难忘凌工路号那件事大工建筑篇一你不得不知道的那些楼排行榜点击中澳科学家联合攻关在硅烯研究中取得突破第七届国际离散元法会议在大工召开实践在路上齐风鲁韵共连理望煦寻华报国党委副书记副校长宋丹率团赴龙陵县调研大工学子参加第七届世界大学生领导者研讨会我校优秀研究生赴新加坡参加全球青年领袖游学两学一做重温历史记忆追寻先进榜样争做实践在路上躬行践履念初心筑梦青春再前光明日报大连理工援梦专列启程郭东明校长会见白俄罗斯国立大学校长阿布拉缅第一页内容缓存全文内容缓存根据设置字体大小并初始化按钮请选择投票选项最多允许选项单页阅读分页阅读单页阅读分页阅读控制内容区域的的图片大小并为过大的图片添加查看原图复制网址复制链接成功被浏览器拒绝请在浏览器地址栏输入并回车然后将设置为复制链接成功改变字号小本文地址电话版权所有大连理工大学新闻中心
