http://news.dlut.edu.cn/article/jujiao/1.shtml
85
147
149
150
152
151
155
154
153
156
157
165
166
16
10
15
155
154
153
156
157
165
166
16
10
15
17
19
20
14
151
27
26
30
23
27
27
145
167
167
162
162
新闻聚焦大工新闻网每日推荐字体大小设置清除背景颜色效果边框清除栏目内容文字居左设置调整宽度是注意对应左边栏文字居左设置导航目录颜色调整设置宣传部站群海燕网星海夜话手机版新闻线索预约采访会员投稿留言板学校要闻综合新闻菁菁校园新闻聚焦校园视点信息预告媒体大工领导论坛大工人物校友之声学术动态大工往事部院风采合作交流专题新闻校园视点信息预告媒体大工领导论坛大工人物校友之声学术动态大工往事部院风采合作交流专题新闻精彩瞬间光影四季人文艺术校史钩沉第一时间大工新闻在你身边专题报道校园文艺校园拍客今日大工大工讲坛关于团队校史故事品学校园文艺校园拍客今日大工大工讲坛关于团队校史故事品学十七点播报广播台新闻节目综艺节目外文节目专题节目广播剧下载首页新闻新闻聚焦导师带我学理论让师生爱党情怀流淌在心里年月日空间智能硬件团队用青春坚守的创业情怀年月日运动会赛前训练人心齐泰山移年月日篮球筑梦巾帼征战显雄风年月日攀登之路助力一流创新人才脱颖而出年月日盘锦校区精彩研途记下年月日实力与潜力的考验知识与心态的磨炼年月日盘锦校区精彩研途记上年月日春季招聘会面面观年月日大工附校托起孩子们的足球梦年月日峰岚热后看峰岚年月日争创一流让青春与信仰的旗帜共同飞扬年月日届毕业生招聘会一线见闻年月日大连理工大学让相机无线可能年月日从技术宅到创业者年月日国际文化节各美其美大美与共年月日新的方向新生辅导员原创歌曲诞生记年月日为服务大众而创为与时俱进而新年月日迎新晚会你让我对大工的爱一发不可收年月日大学校园兴起创客风年月日上一页下一页每日推荐中国学位与研究生教育学会德育委员会全委会在我校导师带我学理论让师生爱党情怀流淌在心里两学一做导师带我学理论让师生爱党情怀落实十三五发展规划推动学校发展实现新跨越央广网大连理工大学后国防毕业生主动申请到大连理工大学附属学校举行届学生毕业典礼大连理工大学援梦专列再次启程人民网大连理工大学教师获日本水环境学会年度人民网大连理工大学获电力建设科技进步一等奖郭东明校长应邀出席中俄大学校长峰会并作主题演讲推荐视频钱令希诞辰百年纪录片发布预告年月日大工新闻学校隆重举行庆祝中国共产党成立周年大会为梦连理大连理工大学招生宣传片焦点图片毕业季校园里那抹亮色美女毕业生遇见特色学位服毕业季大学四年最遗憾的那些事毕业季最大工难忘凌工路号那件事大工建筑篇一你不得不知道的那些楼排行榜点击钱令希院士诞辰百年系列纪念活动将掀高潮校友许宪平调任通用技术集团董事长基建进行时学校基本建设正在加紧推进中大连理工大学校友会新增国际化成员严守党的政治纪律和政治规矩做政治上的明白王凤海校友出任大商所党委副书记总经理中组部人才工作局领导来校看望千人计划大连理工大学举办第二届中外博士研究生学术论加强马克思主义学院建设培养信仰坚定的优秀我校学子杨帆当选夏季达沃斯论坛代表电话版权所有大连理工大学新闻中心
