http://news.dlut.edu.cn/article/2016/0814/68584.shtml
29
149
96
61
102
50
51
54
103
104
105
62
167
167
162
162
52
54
69
62
51
70
深入学习领会中央省委市委精神要求确保学习教育扎实开展取得实效学校要闻大工新闻网首页新闻图片视频报纸广播首页新闻学校要闻正文深入学习领会中央省委市委精神要求确保学习教育扎实开展取得实效学校召开党委常委扩大会议作者吕东光来源宣传部新闻中心时间点击月日下午学校在主楼会议室召开党委常委扩大会党委书记王寒松主持会议并发表讲话学校党委常委校长助理副总会计师以及各职能部处负责人各二级党委直属党支部负责人出席会议会上党委常务副书记姜德学传达了中央召开的部分地区和部门两学一做学习教育工作座谈会精神全省两学一做学习教育推进会精神以及省委十一届十三次全会精神和市委十一届十二次全会精神王寒松书记根据中央召开的部分地区和部门两学一做学习教育工作座谈会精神全省两学一做学习教育推进会精神结合省委有关精神要求和市委有关精神要求就下一步深入学习贯彻习近平总书记关于两学一做学习教育的有关重要讲话和批示精神推进全校学习教育切实取得实效提出要求坚持工作基本原则坚决落实中央和省委要求王寒松书记强调坚持工作基本原则就是要坚持两个牢牢把握原则坚持两树立两促进原则要深入学习领会并在工作中切实体现增强落实中央省委市委精神的思想自觉和行动自觉特别要对辽宁经济发展坚定信心服务辽宁全面振兴李希书记在月日全省推进会讲话中特别提到月日到我校视察的情况认为我校在学习总书记七一讲话推进两学一做上搞得很有气氛而且对我校提出传承红色基因给予充分肯定这是省委对我们工作的更高要求我们要在思想政治建设上更加坚定不移切实有效地突出红色基因精神力量坚持把学习贯穿始终王寒松书记指出两学一做要真学真信真懂真用但还有少数同志对学习不重视没有学信什么没有学何来懂没有学怎么用要通过两学一做把加强学习特别是参加学校中心组学习作为政治纪律作为全面从严治党的要求高度重视起来要在全校范围内进一步强化学习意识重视学习深入学习坚持学以致用王寒松书记指出两促进一是促进全面从严治党一是促进学校事业健康发展当前学校的核心任务是双一流建设这是一项全局性工作软硬力量都要加强要促进学校事业发展就要牢牢把握住重点难点攻坚克难要把学习的成果用于立德树人这一根本任务上要把学习的成果用于思想政治建设上要把学习的成果用于全面从严治党上坚持做好各项准备工作着力解决基层党建存在的问题王寒松书记指出中央和辽宁省提出的任务要求里都有基层党组织建设规范化问题各基层党组织有没有按照党章的要求及时换届组织机构健全不健全功能能不能发挥出来如果今天的工作做得不扎实下一步就要踩空因此各单位要作好基础性工作目标要明确情况要明了措施要得力要用我们良好的工作成果迎接十九大召开责任编辑候庆敏相关阅读复制网址打印每日推荐东北新闻网第十一届工业爆炸与安全防护国际学我校马克思主义学院思政课教学改革工作受媒体广泛中国教育报将信仰写在思政课堂上记大连理工深入学习领会中央省委市委精神要求确保学习教育学校召开党委全委会校长郭东明到基层党支部讲党课中国科学报好故事救活思政课天健网大连理工大学讲好故事激活思政课央广网第十一届工业爆炸与安全防护国际学术会第三届全国颗粒材料计算力学会议在大连理工大学召推荐视频钱令希诞辰百年纪录片发布预告年月日大工新闻学校隆重举行庆祝中国共产党成立周年大会为梦连理大连理工大学招生宣传片焦点图片毕业季校园里那抹亮色美女毕业生遇见特色学位服毕业季大学四年最遗憾的那些事毕业季最大工难忘凌工路号那件事大工建筑篇一你不得不知道的那些楼排行榜点击全国人工环境相关学科博士生导师研讨会在我校美国密歇根大学副校长胡仕新教授应邀作专题报校长郭东明到基层党支部讲党课我校再获辽宁省大学生电子设计竞赛最高奖第十一届工业爆炸与安全防护国际学术会议在大第三届全国颗粒材料计算力学会议在大连理工大学校召开党委全委会我校在人类乳腺癌治疗策略的研究中取得新进展实践在路上访江浙沪企业悟学思礼心得实践在路上深入企业了解发展前沿全面促第一页内容缓存全文内容缓存根据设置字体大小并初始化按钮请选择投票选项最多允许选项单页阅读分页阅读单页阅读分页阅读控制内容区域的的图片大小并为过大的图片添加查看原图复制网址复制链接成功被浏览器拒绝请在浏览器地址栏输入并回车然后将设置为复制链接成功改变字号小本文地址电话版权所有大连理工大学新闻中心
