http://news.dlut.edu.cn/article/2016/0814/68583.shtml
29
149
50
51
54
103
104
66
62
64
65
70
167
167
162
162
160
52
69
54
学校召开党委全委会学校要闻大工新闻网首页新闻图片视频报纸广播首页新闻学校要闻正文学校召开党委全委会确定出席大连市第十二次党代会代表候选人预备人选作者吕东光来源宣传部新闻中心时间点击月日大连理工大学党委全委会在主楼中心会议室召开党委书记王寒松主持会议确定出席大连市第十二次党代会代表候选人预备人选学校党委委员出席会议经过校党委委员投票表决结果校党委全委会决定姜德学贾凌云郭旭伊廷华梁茵作为我校出席大连市第十二次党代会代表候选人预备人选根据中共大连市委关于中国共产党大连市第十二次党代表大会代表选举工作的通知分配我校代表名额共名结构是校级领导干部名专业技术人员名先进模范人物名其中妇女代表名年月日校党委常委会审议通过了我校关于大连市第十二次党代会代表选举的工作方案月日日全校各二级党组织组织所属党组织和党员充分发扬党内民主采取上下结合反复酝酿的办法进行了推荐提名月日党委组织部对各二级党组织上报的数据进行了汇总月日校党委常委会审议确定了我校出席大连市第十二次党代会代表候选人推荐人选人月日我校将推荐人选报送给市委组织部经与市委组织部沟通协商对代表候选人推荐人选进行了筛选确定了名出席大连市第十二次党代会代表候选人初步人选责任编辑候庆敏复制网址打印每日推荐深入学习领会中央省委市委精神要求确保学习教育学校召开党委全委会校长郭东明到基层党支部讲党课中国科学报好故事救活思政课天健网大连理工大学讲好故事激活思政课两学一做坚定理想信念传承红色基因第三届全国颗粒材料计算力学会议在大连理工大学召实践在路上印象辽宁梦想中国心系辽东绿韵连基于合金薄膜电极的高效电化学催化产氢取得我校在人类乳腺癌治疗策略的研究中取得新进展推荐视频钱令希诞辰百年纪录片发布预告年月日大工新闻学校隆重举行庆祝中国共产党成立周年大会为梦连理大连理工大学招生宣传片焦点图片毕业季校园里那抹亮色美女毕业生遇见特色学位服毕业季大学四年最遗憾的那些事毕业季最大工难忘凌工路号那件事大工建筑篇一你不得不知道的那些楼排行榜点击郭东明校长会见大连公交集团董事长孙明一行全国人工环境相关学科博士生导师研讨会在我校美国密歇根大学副校长胡仕新教授应邀作专题报我校再获辽宁省大学生电子设计竞赛最高奖第十一届工业爆炸与安全防护国际学术会议在大实践在路上访江浙沪企业悟学思礼心得实践在路上深入企业了解发展前沿全面促我校在耐酸沸石膜微观结构的设计与调控研究取校长郭东明到基层党支部讲党课实践在路上躬身企业行笃志中国梦第一页内容缓存全文内容缓存根据设置字体大小并初始化按钮请选择投票选项最多允许选项单页阅读分页阅读单页阅读分页阅读控制内容区域的的图片大小并为过大的图片添加查看原图复制网址复制链接成功被浏览器拒绝请在浏览器地址栏输入并回车然后将设置为复制链接成功改变字号小本文地址电话版权所有大连理工大学新闻中心
