http://news.dlut.edu.cn/article/2016/0811/68569.shtml
29
149
52
108
109
167
167
162
162
160
美国密歇根大学副校长胡仕新教授应邀作专题报告学校要闻大工新闻网首页新闻图片视频报纸广播首页新闻学校要闻正文美国密歇根大学副校长胡仕新教授应邀作专题报告作者吕东光来源宣传部新闻中心时间点击月日下午美国密歇根大学副校长美国工程院院士胡仕新教授应郭东明校长邀请借参加在我校召开的第四届全球华人教授制造科学中青年论坛之际在主楼中心会议室作题目为报告校领导郭东明李成恩贾振元朱泓校长助理姚山论坛代表和学校中层管理干部出席报告会胡仕新教授在报告中介绍了密歇根大学的学校概况学校行政管理和院系管理模式顶尖科研团队培养交叉学科研究项目建设等报告会后与会人员就教学科研管理及评估和考核学科建设经费分配交叉学科建设等问题与胡仕新教授进行了交流责任编辑吕东光复制网址打印每日推荐美国密歇根大学副校长胡仕新教授应邀作专题报告中国日报网大工思政课让课堂活起来人民网大连理工大学思政课案例教学法让课堂央广网在案例教学中找准坚定理想信念航向东北新闻网大连理工大学耐酸沸石膜微观结构关于进一步完善中央财政科研项目资金管理等政策实践在路上访江浙沪企业悟学思礼心得实践在路上软件师生赴美参加卓越联盟暑期项目实践在路上规划自我践知于行怀志报国实践在路上深入企业了解发展前沿全面促进校推荐视频钱令希诞辰百年纪录片发布预告年月日大工新闻学校隆重举行庆祝中国共产党成立周年大会为梦连理大连理工大学招生宣传片焦点图片毕业季校园里那抹亮色美女毕业生遇见特色学位服毕业季大学四年最遗憾的那些事毕业季最大工难忘凌工路号那件事大工建筑篇一你不得不知道的那些楼排行榜点击郭东明校长会见大连公交集团董事长孙明一行我校在构建高性能锂离子电池负极材料研究取得学校组织召开科技成果研讨会全国人工环境相关学科博士生导师研讨会在我校大工代表队勇夺全国电子商务三创赛总决赛我校再获辽宁省大学生电子设计竞赛最高奖实践在路上走进企业长才干扬帆起航京津我校在耐酸沸石膜微观结构的设计与调控研究取新兴电子商务的信息与物流管理教育部创新实践在路上躬身企业行笃志中国梦第一页内容缓存全文内容缓存根据设置字体大小并初始化按钮请选择投票选项最多允许选项单页阅读分页阅读单页阅读分页阅读控制内容区域的的图片大小并为过大的图片添加查看原图复制网址复制链接成功被浏览器拒绝请在浏览器地址栏输入并回车然后将设置为复制链接成功改变字号小本文地址电话版权所有大连理工大学新闻中心
