http://news.dlut.edu.cn/article/2016/0813/68577.shtml
29
149
54
103
104
69
52
108
109
167
167
162
162
160
52
69
校长郭东明到基层党支部讲党课学校要闻大工新闻网首页新闻图片视频报纸广播首页新闻学校要闻正文校长郭东明到基层党支部讲党课来源机械工程学院时间点击为积极贯彻落实大连理工大学开展两学一做学习教育的实施方案及进一步开展两学一做学习教育的指导意见的有关部署近日机械工程学院现代制造教工党支部第一党小组召开组织生活会校长郭东明以普通党员身份参加所在党支部组织生活会与支部党员一起围绕讲规矩有纪律开展专题学习讨论该党小组组织生活会由组长杨睿主持机械工程学院党委书记康旭东教授作为学院两学一做学习教育联系领导列席会议组织生活会上与会党员一起观看学习了新华社为纪念建党周年推出的红色气质微视频回顾了我党建党周年以来涌现的瞿秋白彭雪枫焦裕禄等先进模范人物从他们身上独特的红色气质再次深刻认识了共产党员应有的本色强调了不忘初心做合格共产党员的忠诚信念随后与会党员一同学习了做合格党员系列党课第九集讲规矩有纪律的宣传教育片从深层次强调了讲规矩有纪律的重要性和必要性深刻领会了讲规矩有纪律中的五个核心内容集体学习后郭东明校长结合中央学习精神以及个人的体会和经历为大家上了一堂题为严守纪律严明规矩在新的征途上行稳致远的党课郭东明校长指出规矩和纪律是保持我党战斗力的必要条件是我党新征途上迎接四大考验应对四大危险的重要保障讲规矩守纪律不仅仅是党员领导干部要恪守的信条对于普通教工党员而言不仅在政治生活中要明白规矩强调纪律而且在教学科研活动中也要牢记教育科研工作者应有的职业道德和职业规范严守教学和科研工作中成文和不成文的规矩和纪律郭校长最后强调做到讲规矩有纪律必须时刻保持认真学习的态度和精神通过主动学习认真学习做到懂规矩明纪律在各个方面都要做个老实人明白人课后与会党员同志积极发表了学习体会和感受回顾了中国共产党带领中国革命事业年来对社会和个人的影响纷纷表达了积极学习认真学习的决心通过此次学习与会党员深刻感受到了我党建党周年翻天覆地的变化也深刻领悟了讲规矩有纪律的政治理论内涵和现实意义纷纷表示在今后的教学科研工作中要深刻领会不忘初心做合格党员的精神实质严守纪律严明规矩更加积极主动的学习党章及系列重要讲话精神作为一名教育科研战线的合格党员严守纪律严明规矩在新的征途上行稳致远责任编辑吕东光相关阅读复制网址打印每日推荐校长郭东明到基层党支部讲党课中国科学报好故事救活思政课天健网大连理工大学讲好故事激活思政课第十一届工业爆炸与安全防护国际学术会议在大连召美国密歇根大学副校长胡仕新教授应邀作专题报告中国日报网大工思政课让课堂活起来人民网大连理工大学思政课案例教学法让课堂央广网在案例教学中找准坚定理想信念航向东北新闻网大连理工大学耐酸沸石膜微观结构关于进一步完善中央财政科研项目资金管理等政策推荐视频钱令希诞辰百年纪录片发布预告年月日大工新闻学校隆重举行庆祝中国共产党成立周年大会为梦连理大连理工大学招生宣传片焦点图片毕业季校园里那抹亮色美女毕业生遇见特色学位服毕业季大学四年最遗憾的那些事毕业季最大工难忘凌工路号那件事大工建筑篇一你不得不知道的那些楼排行榜点击郭东明校长会见大连公交集团董事长孙明一行全国人工环境相关学科博士生导师研讨会在我校美国密歇根大学副校长胡仕新教授应邀作专题报我校再获辽宁省大学生电子设计竞赛最高奖实践在路上深入企业了解发展前沿全面促实践在路上访江浙沪企业悟学思礼心得第十一届工业爆炸与安全防护国际学术会议在大我校在耐酸沸石膜微观结构的设计与调控研究取实践在路上躬身企业行笃志中国梦关于进一步完善中央财政科研项目资金管理等第一页内容缓存全文内容缓存根据设置字体大小并初始化按钮请选择投票选项最多允许选项单页阅读分页阅读单页阅读分页阅读控制内容区域的的图片大小并为过大的图片添加查看原图复制网址复制链接成功被浏览器拒绝请在浏览器地址栏输入并回车然后将设置为复制链接成功改变字号小本文地址电话版权所有大连理工大学新闻中心
