http://news.dlut.edu.cn/article/2016/0823/68599.shtml
24
150
60
56
58
59
63
100
96
61
102
167
167
162
162
56
63
59
60
58
100
实践在路上躬行践履念初心筑梦青春再前行综合新闻大工新闻网首页新闻图片视频报纸广播首页新闻综合新闻正文实践在路上躬行践履念初心筑梦青春再前行记大连理工大学优秀研究生暑期社会实践团队作者研究生会来源研究生院时间点击为深入贯彻落实党的十八届五中全会精神引导广大研究生加深对新时期社会主义核心价值观的了解和思考鼓励广大研究生同学投身社会实践走出校园走进企业走向社会从实践中汲取知识增长才干实现综合素质全面发展月日至月日大连理工大学优秀研究生暑期社会实践团队一行人在指导教师研工处副处长李哲的带领下历时天辗转辽阳沈阳北京三座城市相继走访了辽宁省辽阳市弓长岭区汤河镇石四村沈阳碧桂园有限公司独到北京科技有限公司清枫北京科技有限公司龙湖地产北京总部有限公司北京小米科技有限责任公司并与北京大学研究生会中国社会科学院研究生会进行了座谈交流走访和座谈期间团队成员先后调研美丽新农村的建设方案感受雷锋精神在工人和入伍时期的真谛了解知名企业的人才需求聆听创业校友的悉心指导学习高校研会同仁的先进经验共建美丽新农村引领群众奔小康为深入学习贯彻习近平总书记系列重要讲话精神积极倡导在迈向现代化的进程中农村不能掉队在同心共筑中国梦的进程中不能没有数亿农民的梦想构筑为了调研美丽新农村月日上午实践团队一行人来到了辽阳市弓长岭区汤河镇石四村全区集中人力物力和财力全力实施美丽乡村示范村整区推进工程高标准规划高标准建设重点抓硬化亮化净化美化绿化和管理优化六化建设目前已建立起区乡镇村三级联动工作机制建立了有制度有队伍有设施有经费的美丽乡村建设工作体系实现了常态化管理在美丽乡村建设基础上石四村结合温泉文化酒文化打造特色乡村旅游道变宽了环境变美了收入增加了美丽乡村建设让村民得到了实惠石四村的冯书记告诉我们以前这就是个死胡同车开进来只能再按原路返回现在公里长瓦石环路打通了驾车从这头进那头出走一圈能看到沿途不同的风景从石四村到瓦子沟村驱车穿村屯过沟谷一路走来道路两侧或开满了鲜花或白墙黛瓦远望波光潋滟近处青山披绿郁郁葱葱好一幅迷人的山水田园画卷通过冯书记的介绍使我们开阔眼界解放思想增长了多方面见识通过这次考察使我们了解到石四村经济发展速度之快成为了社会主义新农村中的典范同时村领导班子甘心引领群众致富奔小康顾大家而忘小家的带头精神都是新时期的共产党员的突出代表践行着共产党员的价值先天下之忧而忧后天下之乐而乐的含义在他们身上实实在在的表现出来这也正是我们此行学习的一个重要方面躬行践履学雷锋知行合一好榜样月日下午实践团驱车前往位于辽阳市弓长岭区汤河镇三官庙村的雷锋纪念馆该馆成立于年并于年月日扩建并正式成立实践团队员在导游的讲解下参观了雷锋纪念馆的中心厅永远的雷锋基本陈列厅雷锋剧场等它主要反映雷锋的生平事迹通过雕塑场景声音和大型的声光电设备电视视频电子翻书等手段让雷锋故事和雷锋事迹栩栩如生馆内珍藏雷锋在工厂里工作时的照片雷锋手记赠送给工友的棉衣工具箱以及增给义父的香绣荷包等多件雷锋的珍贵的文物和照片馆内设有雷锋塑像国家领导人给雷锋的题词并有珍贵图片余张实物余件通过历史图片文物生动地再现了雷锋在辽阳弓长岭工作生活期间一些鲜为人知的事迹在纪念馆内实践团成员怀着无比崇敬的心情学习了解了雷锋同志的生平以及他平凡而伟大的感人事迹大家无不为他生前所作的奉献而深深感动同时也被他赤胆忠诚的爱国主义精神乐于助人的奉献精神勤俭创业的艰苦奋斗精神刻苦钻研的钉子精神忠于职守的螺丝钉精神所折服实践团队员李雨晴表示要做雷锋精神的追随者和实践者从自己做起从每一件小事做起让雷锋精神影响和改变我们每个人的精神面貌让实践雷锋精神成为我们每个人自觉自愿的行为作为学生干部把为同学们服务的宗旨作为首要位置做一颗永不生锈的螺丝钉为研究生团学工作越好越快发展做出自己的贡献传承名门品牌特色领略民企独特风范月日上午实践团走访参观了碧桂园名门样板房作为沈阳单盘年销售额记录保持者创造的奇迹至今令业绩叹服碧桂园项目遍布沈城各个区域为各种需求的购房者圆了置业安家的梦想不忘初心将五星级品质重装推出以更加诚恳的姿态为业主创造理想家园项目引入碧桂园智慧人居绿色精工以及同自然和谐相处的理念创新打造高端产品室内最大采光面扩至米建材全部采用国内一线品牌一键智能家居更引入车牌自动识别系统等高科技将居住人性化发挥到极致碧桂园东北区人力资源总监徐雪飞人力资源经理王浩向我们介绍了碧桂园的企业理念给您一个五星级的家使我们切实感受到了碧桂园地产五星级的企业文化和家的温暖感受到了碧桂园模式的核心竞争力高速度精品质低成本公司设计部总监单总为我们讲述了碧桂园年上市后的品牌化体系化探索并告诫大家要用自己的长处去和别人的短处比在同建设工程学部毕业的校友程祥的交谈中我们了解到碧桂园以德为本德才兼备不拘一格能者居上的人才评价体系展示自己能力的同时不忘本真方能在竞争中脱颖而出我们受教于他们参加工作初期顽强拼搏的精神受教于他们工作中开阔的视野受教于他们处于逆境时豁达的心胸受教于他们取得成绩后不忘初衷的坚守正是这样的坚持铸就了碧桂园的今天的辉煌远赴北京会校友获益匪浅创业行月日上午实践团走访了独到北京科技有限公司大连理工大学级校友韩宁级校友张文昊热情地接待实践团的到来以近个小时的座谈回忆创业过程中的心路历程并为实践团成员提供了宝贵的经验校友韩宁指出对于创业伙伴的选择尤为重要用人不疑疑人不用懂得知人善任才能一起谱写辉煌而校友间的互信正可以为年轻的毕业生提供更多的机遇对于大学生创业校友张文昊并不持鼓励态度大学生普遍缺少对客户对社会的了解毕业生还应多积累社会经验再抓住创业机遇下午实践团来到清枫北京科技有限公司定位为一个专业的第三方游戏服务平台目前专注于竞技类游戏数据及周边的服务大工级校友徐宁热情地接待实践团地到来在交谈中徐宁表示多年不见老师和同学们倍感亲切鼓励我们应该将眼光放开放远同时力求创新无代沟的沟通更加无拘无束使实践团队成员对创业有了更深刻的理解获益匪浅匠人精神缔造传奇龙湖品质铸就经典月日上午实践团走访了龙湖地产北京总部有限公司该公司是一家追求卓越专注品质和细节的专业地产公司业务涉及地产开发商业运营和物业服务三大领域企业中的每一个成员以善待自己善待同事善待客户善待同路人为行动准则每一位员工都愿意并且能够发挥其最大潜力理解和尊重员工的差异提供适合的职业发展机会吸引行业内最优秀的人才并给予他们优厚的回报大胆任用有潜力的员工并承担过程中的成本在龙湖员工努力工作换来的是业内领先的薪酬待遇畅所欲言的内部论坛促成的是公司内开放和快乐工作的氛围其如此完备的人才发展理念正是企业不断吸收新鲜血液生生不息的重要原因集团招聘中心总监左博热情接待实践团队成员向我们介绍了龙湖地产仕官生的招聘体系校友段大为介绍了工作以来的心态变化从以专业为依托的知名外企到不以专业为基础的民营企业的心得体会毕业于电子信息与电气工程学部的校友陈琳为实践团成员的未来求职提供了建议并指出在校期间应该多折腾不论做什么都要尽最大努力做到极致同时强调在短短的面试时间内流畅准确的表达自然而阳光的气质更容易赢得面试官的青睐两位校友的指点为实践团队成员带来很多启发对未来的求职之路有了更深入的思考享受科技乐趣传承工匠精神月日下午实践团走访了北京小米科技有限责任公司公司崇尚创新快速的互联网文化没有森严的等级每一位员工都是平等的每一位同事都是自己的伙伴他们讨厌冗长的会议和流程在轻松的伙伴式工作氛围中发挥自己的创意相信用户就是驱动力坚持为发烧而生的产品理念校友乔绍良指出当前中国面临的产品供给问题不仅仅是技术创新质量管控和品牌塑造的问题还有就是精益求精的工匠精神以前中国是稀缺经济只要东西制作出来就可以而现在中国需求已从供应性需求到了用户体验性需求因此小米积极倡导精益求精的工匠精神提出产品不仅要漂亮而且还要里外精致三位校友与实践团成员年龄相仿分享了很多入职以来的经验和体会并给出很多专业上人际上的指导意见走进职场角色转变使人更加自律考虑问题更加完善逐渐从一名学生成长为一名合格的职场人校友均着重强调培养个人沟通能力捕捉利用信息的能力增强自信心同时个人的兴趣爱好也对未来的职业发展具有一定的作用增加机遇拓宽职业发展道路高校研会携手成长促进交流共同进步年月日上午实践团由校研究生会执行主席甄先子带队与北京大学研究生会主席李佩副主席李成明等就两校研究生会的发展进行了愉快而充分的交流交流会上北京大学研究生会主席李佩就北京大学研究生会的发展历史和基本情况进行了详细介绍同时对北大研会各个职能部门的具体业务活动进行了说明我校研究生会执行主席甄先子简要介绍了大连理工大学研究生会的基本情况详细介绍了研究生会的组织架构发展规模等随后两校的研究生会骨干成员进行了长达两小时的互动交流同时针对两校的品牌特色活动进行了详细有针对性的咨询和了解在互动式的深层次交流下两校研会互受启迪双方表示愿意尝试和探索更进一步的实质性的合作下午中国社会科学院主席赵德宇携社科院研究生会骨干成员热情接待了实践团同学双方就各自研究生会的组织构架和职能部门基本情况进行了详细介绍双方研究生会骨干成员汇聚一堂分享心得展开务实的交流就品牌活动组织建设研究生会管理等诸多方面的问题深入交换看法同时就如何促进校园文化建设如何维护学生权益发挥自己应有的作用进行了深入交流和思考此次实践团交流旨在通过与北京各高校的研究生会进行走访交流各校研究生会的经验增进各校研究生会间的友谊望以此为契机发展友谊进一步巩固良好的互动关系携手成长共同进步优秀研究生赴辽阳沈阳北京暑期社会团队在实践前精密部署分工明确实践过程中团结合作实践调研内容涵盖政府座谈会爱国主义教育创业企业行知名企业行以及高校研究生会座谈通过此次实践活动团队成员对新农村的建设雷锋精神的传承民营企业有了深层次的了解对创新创业精神有了更深的体会对高校研究生团学工作的开展有了更明确的认识并向各行各业展现出了大工学子的优良风貌实践团员纷纷表示在未来的学习生活中将全面发展自我努力学好专业本领争取为学校的双一流建设做出自己应有的贡献责任编辑龙海波相关阅读复制网址打印每日推荐实践在路上躬行践履念初心筑梦青春再前行党委副书记副校长宋丹率团赴龙陵县调研中澳科学家联合攻关在硅烯研究中取得突破大工学子参加第七届世界大学生领导者研讨会实践在路上齐风鲁韵共连理望煦寻华报国行第七届国际离散元法会议在大工召开光明日报大连理工援梦专列启程东北新闻网第十一届工业爆炸与安全防护国际学我校马克思主义学院思政课教学改革工作受媒体广泛中国教育报将信仰写在思政课堂上记大连理工推荐视频钱令希诞辰百年纪录片发布预告年月日大工新闻学校隆重举行庆祝中国共产党成立周年大会为梦连理大连理工大学招生宣传片焦点图片毕业季校园里那抹亮色美女毕业生遇见特色学位服毕业季大学四年最遗憾的那些事毕业季最大工难忘凌工路号那件事大工建筑篇一你不得不知道的那些楼排行榜点击中澳科学家联合攻关在硅烯研究中取得突破第七届国际离散元法会议在大工召开实践在路上齐风鲁韵共连理望煦寻华报国党委副书记副校长宋丹率团赴龙陵县调研大工学子参加第七届世界大学生领导者研讨会光明日报大连理工援梦专列启程实践在路上躬行践履念初心筑梦青春再前第一页内容缓存全文内容缓存根据设置字体大小并初始化按钮请选择投票选项最多允许选项单页阅读分页阅读单页阅读分页阅读控制内容区域的的图片大小并为过大的图片添加查看原图复制网址复制链接成功被浏览器拒绝请在浏览器地址栏输入并回车然后将设置为复制链接成功改变字号小本文地址电话版权所有大连理工大学新闻中心
