http://news.dlut.edu.cn/article/2016/0822/68597.shtml
28
150
53
57
55
60
56
58
59
63
100
96
167
167
162
162
56
63
59
60
58
57
53
55
100
中澳科学家联合攻关在硅烯研究中取得突破综合新闻大工新闻网首页新闻图片视频报纸广播首页新闻综合新闻正文中澳科学家联合攻关在硅烯研究中取得突破作者物理学院来源物理与光电工程学院时间点击近日我校赵纪军教授与澳大利亚伍伦贡大学杜轶研究员等合作在硅烯材料的氧化和单原子层剥离方面取得重要突破成果发表在科学杂志子刊科学进展上引起国际科技媒体的关注自石墨烯研究于年获得诺贝尔物理奖以来全世界对二维层状材料的关注持续升温其中可用于下一代高性能晶体管的新型二维电子材料备受关注硅烯是由硅原子组成的类似于石墨烯的单层原子晶体硅烯除了具有和石墨烯一样超高电子传输速率极薄以及透明柔软特性之外其能隙更易于打开和调控作为硅材料硅烯器件有可能利用现有的成熟硅基半导体工业手段研发和生产因此科学家预言硅烯是最合适制作下一代高性能低能耗晶体管的理想电子材料之一它的应用将掀起新一轮的电子设备革命尽管上世纪年代就有理论预测了硅烯的存在直到年科学家才在实验室中采用分子束外延生长技术在金属基底上成功制备出硅烯并于年实现了硅烯的场效应晶体管原型器件然而硅烯在由实验室走向工业化应用的道路上依然面临着很多的困难最大的挑战在于如何将硅烯原子层从金属基底上剥离进行后续的器件加工年起由中国和澳大利亚多个课题组组成的一个联合研究团队对这一世界难题展开技术攻关该团队由澳大利亚伍伦贡大学杜轶课题组大连理工大学赵纪军课题组中科院物理所吴克辉课题组中科院高能物理所王嘉鸥课题组所组成结合各课题组在硅烯研究的前期基础和经验中澳联合研究团队提出了利用活性气体分子做为手术刀将外延生长的硅烯从金属基底上剪切下来的实验方案并最终确定利用氧分子做为化学剪刀插入了外延的硅烯和金属基底之间成功将硅烯从金属基底上剥离在扫描隧道显微镜原位拉曼光谱和角分辨光电子能谱等先进设备的帮助下首次得到了准自由硅烯单层的原子结构像电子能带结构以及声子特征谱等一系列极其重要的信息并通过理论计算还原了氧分子剪裁剥离硅烯的整个过程这一突破为未来硅烯器件的研发提供了重要的科学和技术基础相关成果发表于科学进展论文链接赵纪军教授和杜轶研究员为该论文的共同通讯作者成果发表后引起国际学术界关注等国际科技媒体网站以科学家用氧剪刀制备悬浮硅原子单层硅烯制备的突破剥离硅层用于新电子学等为题纷纷进行报道我校赵纪军教授课题组自年起开展硅烯研究在硅烯的生长行为与衬底相互作用机制氧化碱金属插层和能带调控等方面发表了多篇有影响力的论文最近赵纪军课题组与杜轶课题组合作系统研究了金属衬底上硅烯的点缺陷论文发表于二维材料领域重要刊物影响因子今年赵纪军教授还与中科院物理所吴克辉研究员北京理工大学姚裕贵教授北京大学吕劲副教授等合作在国际材料科学领域权威期刊影响因子上发表了题为的长篇综述论文论文链接大连理工大学是论文的第一作者单位责任编辑龙海波相关阅读复制网址打印每日推荐我校优秀研究生赴新加坡参加全球青年领袖游学营活两学一做重温历史记忆追寻先进榜样争做合格实践在路上躬行践履念初心筑梦青春再前行党委副书记副校长宋丹率团赴龙陵县调研中澳科学家联合攻关在硅烯研究中取得突破大工学子参加第七届世界大学生领导者研讨会实践在路上齐风鲁韵共连理望煦寻华报国行第七届国际离散元法会议在大工召开光明日报大连理工援梦专列启程东北新闻网第十一届工业爆炸与安全防护国际学推荐视频钱令希诞辰百年纪录片发布预告年月日大工新闻学校隆重举行庆祝中国共产党成立周年大会为梦连理大连理工大学招生宣传片焦点图片毕业季校园里那抹亮色美女毕业生遇见特色学位服毕业季大学四年最遗憾的那些事毕业季最大工难忘凌工路号那件事大工建筑篇一你不得不知道的那些楼排行榜点击中澳科学家联合攻关在硅烯研究中取得突破第七届国际离散元法会议在大工召开实践在路上齐风鲁韵共连理望煦寻华报国党委副书记副校长宋丹率团赴龙陵县调研大工学子参加第七届世界大学生领导者研讨会两学一做重温历史记忆追寻先进榜样争做我校优秀研究生赴新加坡参加全球青年领袖游学实践在路上躬行践履念初心筑梦青春再前光明日报大连理工援梦专列启程第一页内容缓存全文内容缓存根据设置字体大小并初始化按钮请选择投票选项最多允许选项单页阅读分页阅读单页阅读分页阅读控制内容区域的的图片大小并为过大的图片添加查看原图复制网址复制链接成功被浏览器拒绝请在浏览器地址栏输入并回车然后将设置为复制链接成功改变字号小本文地址电话版权所有大连理工大学新闻中心
