http://news.dlut.edu.cn/article/2016/0823/68611.shtml
25
150
55
60
56
58
59
63
100
96
61
167
167
162
162
56
63
59
60
58
100
55
两学一做重温历史记忆追寻先进榜样争做合格党员综合新闻大工新闻网首页新闻图片视频报纸广播首页新闻综合新闻正文两学一做重温历史记忆追寻先进榜样争做合格党员记校党委组织部研究生助管年暑期社会实践作者徐海岩来源建设工程学部时间点击为积极响应中央学校以及研究生院号召贯彻两学一做学习教育丰富两学一做活动形式校党委组织部研究生助管依托大连理工大学年研究生暑期社会实践活动开展了主题为践行两学一做学习教育的暑期社会实践活动旨在重温历史记忆传承先辈精神学习优秀典型发挥榜样力量使研究生党员们能够不断提升自身党性修养勇挑时代重任争做新时代优秀共产党员校党委组织部研究生助管践行两学一做学习教育暑期社会实践团由党委组织部组织员工会组长郑中兴老师带队团队成员由党委组织部名研究生助管组成团队于月日至月日间赴沈阳抚顺两地进行交流学习先后参观了沈阳九一八历史博物馆雷锋纪念馆等红色教育基地走访了华晨集团下属申华专用汽车有限公司抚顺西公园社区党委等单位并进行广泛交流和学习学习历史坚定道路两学一做基础在学学习历史勿忘国耻坚定中国特色社会主义发展道路是当代研究生党员的历史责任月日下午实践团队来到了沈阳九一八历史博物馆沈阳九一八历史博物馆建成于年以丰富的史料向人们展示了日本帝国主义发动九一八事变奴役中国人民的罪行和沦陷区人民的苦难生活及不屈不挠的斗争事迹在高大的警世钟的面前毋忘国耻的铭文深刻人心通过此次参观学习毋忘国耻圆梦中华八个字深深烙在每一个队员心中学习榜样坚定追求榜样是标杆榜样是先进思想火花的绽放是品德高尚的归一是我们新一代共产党员的学习楷模本次实践追忆并学习优秀党员寻找身边基层优秀党员学习他们的实际感悟他们的精神月日上午队员们辗转来到了抚顺雷锋纪念馆雷锋纪念馆以雷锋不同时期的事迹为线索集中展示雷锋同志的成长过程及雷锋精神的形成过程在郑中兴老师的讲解带领下队员们观看了雷锋同志生前的珍贵照片和文物资料重温了雷锋同志的先进事迹对雷锋精神有了更加深刻的认识通过参观雷锋纪念馆队员们领悟了雷锋精神内涵学习了雷锋的优良作风和崇高思想参观后队员们针对雷锋精神在当代的重要意义进行了深入的讨论月日上午队员们来到抚顺市西公园社区党委对西公园社区先进共产党员王云进行了交流访谈王云是西公园社区一名普通的退休职工常年做义工助人为乐他说帮助别人是他义不容辞的责任社区孤寡老人张阿姨患有尿毒症生活无法自理王云义务照顾张阿姨的起居生活虽不是张阿姨的亲人但却胜似亲人王云和队员们说热心帮助他人只是奉献出自己的一份微薄之力不仅充实了自己也让他人快乐队员们认真聆听对王云的事迹精神深深佩服学做结合坚定信仰两学一做关键在做体会先进国有企业在促进辽宁省经济转型过程中发挥的重要作用探究学习基层先进党支部开展两学一做学习教育活动的方式方法并学以致用对于研究生党员践行两学一做有非常重要的意义月日上午实践团队来到了华晨集团下属的申华专用汽车有限公司申华专用汽车有限公司主要进行进口和国产医疗急救车的研发改装销售及配套的医疗急救产品的销售客户遍及全国院前急救系统在全国拥有完善的服务网络进入申华专用汽车有限公司一排排整齐的特种车映入眼帘包括救护车警车消防车等等申华专用汽车有限公司重视创新研发自行研发了金龙系列流动医疗体检车等车型在经济下行的大环境下积极探索产品转型升级模式使之销售额与产品市场占有率位居全国首位月日上午在西公园社区党委队员们采访了西公园社区党委书记杨书记杨书记为队员们介绍了西公园社区党委的基本情况并着重介绍了西公园社区党委开展两学一做学习教育实践活动的方式方法西公园党委党员主要由退休知识分子组成党委结合党员特点积极发挥退休老党员的号召力组织社区艺术团社区环境日社区课堂等活动杨书记说基层党组织开展两学一做学习教育活动的重点是提升党组织的凝聚力和号召力需要根据党组织自身特点探索形式队员们也根据研究生自身特点针对当代大学生如何开展两学一做与杨书记进行了探讨队员们通过此次采访明确了做合格党员的要求并且在如何开展两学一做学习教育活动方面获益良多交流活动结束后郑中兴老师同西公园社区党委沟通表达了建立大连理工大学研究生暑期社会实践友好合作单位的意向并举行了授牌仪式西公园社区党委也希望学校能够进一步扩宽合作领域深化合作内容促进双方的共同发展此次暑期社会实践全体队员在郑中兴老师的指导和带领下以学为基础在学上开展了形式多样内容丰富的实践活动以做为关键将重点落在做字上在学习历史学习榜样的基础上结合研究生学习生活实际情况立志不忘初心提升自我做优秀学生做合格党员勇担时代重任为祖国的发展贡献力量责任编辑龙海波相关阅读复制网址打印每日推荐两学一做重温历史记忆追寻先进榜样争做合格实践在路上躬行践履念初心筑梦青春再前行党委副书记副校长宋丹率团赴龙陵县调研中澳科学家联合攻关在硅烯研究中取得突破大工学子参加第七届世界大学生领导者研讨会实践在路上齐风鲁韵共连理望煦寻华报国行第七届国际离散元法会议在大工召开光明日报大连理工援梦专列启程东北新闻网第十一届工业爆炸与安全防护国际学我校马克思主义学院思政课教学改革工作受媒体广泛推荐视频钱令希诞辰百年纪录片发布预告年月日大工新闻学校隆重举行庆祝中国共产党成立周年大会为梦连理大连理工大学招生宣传片焦点图片毕业季校园里那抹亮色美女毕业生遇见特色学位服毕业季大学四年最遗憾的那些事毕业季最大工难忘凌工路号那件事大工建筑篇一你不得不知道的那些楼排行榜点击中澳科学家联合攻关在硅烯研究中取得突破第七届国际离散元法会议在大工召开实践在路上齐风鲁韵共连理望煦寻华报国党委副书记副校长宋丹率团赴龙陵县调研大工学子参加第七届世界大学生领导者研讨会光明日报大连理工援梦专列启程两学一做重温历史记忆追寻先进榜样争做实践在路上躬行践履念初心筑梦青春再前第一页内容缓存全文内容缓存根据设置字体大小并初始化按钮请选择投票选项最多允许选项单页阅读分页阅读单页阅读分页阅读控制内容区域的的图片大小并为过大的图片添加查看原图复制网址复制链接成功被浏览器拒绝请在浏览器地址栏输入并回车然后将设置为复制链接成功改变字号小本文地址电话版权所有大连理工大学新闻中心
