http://news.dlut.edu.cn/article/2016/0822/68601.shtml
28
150
60
56
58
59
63
100
96
61
102
50
167
167
162
162
61
63
59
56
60
58
102
96
100
大工学子参加第七届世界大学生领导者研讨会综合新闻大工新闻网首页新闻图片视频报纸广播首页新闻综合新闻正文大工学子参加第七届世界大学生领导者研讨会作者王旭蒋安琪来源校团委国际合作与交流处时间点击月日至月日由英国人道主义委员会主办的第七届世界大学生领导者研讨会如期于越南国家会议中心举行经校团委国际合作与交流处共同选拔团委老师带领来自个院系名研究生及本科生学生代表与来自个国家余名世界顶尖大学的学生领袖共同参与一周密集式培训感受多元文化明确社会责任提升个人领导才能本次研讨会通过聆听讲座与国际级领袖对话茶歇交流平行对话以及社区实践等方式极大的促进了大学生领袖树立社会责任意识提升领导能力拓展自身未来发展视野研讨会中大工学生代表认真聆听讲座与各国代表交流向世界各国展示了大工学子求实进取的精神风貌聚焦弱势群体以领袖之态担起世界之责本届研讨会以激励个人转化社群为主题来自世界顶尖大学包括哈佛大学牛津大学斯坦福大学耶鲁大学及国内高水平大学的大学生领袖汇聚越南参与本次国际活动研讨会亦从全球邀请位知名的国际级讲者发表演讲如联合国难民署发言人东南亚区域办事处高级区域发言人围绕难民危机揭示了难民问题现状呼吁大学生领袖集思广益探寻难民问题解决之道国际十字路会创始人以贫穷为话题展示了世界各地人民的苦难生活呼吁大学生领袖学会向后看关注贫困问题年诺贝尔和平奖决赛提名人海富通基金宣传主管围绕人口贩卖呼吁大学生领袖为人权作斗争围绕嘉宾的主题演讲我校学生发出来自大工的声音在提问环节针对于如何更好的维护个人权利与嘉宾展开深入讨论赢得了来自世界各地大学生领袖的掌声深入社区实践以个人之力转化社群之兴围绕本届论坛的主旨组委会在会议期间穿插体验式学习即深入越南的边缘化社区让与会代表有机会从事为期一天的人道主义工作从而帮助社会弱势群体明确作为青年学生如何服务于社会参会代表根据个人兴趣分别前往越南和平为当地居民种植树木清理垃圾搭建围栏修复人行道体验当地的日常工作和娱乐生活前往参观越南古老的寺庙体验村庄的历史跟随当地居民学会使用传统的劳作工具并学做传统食物前往战争博物馆聆听退伍军人的故事感受越南历史前往爱因斯坦自闭症中心公园陪伴自闭症儿童为自闭症儿童表演节目送去欢声笑语前往当地的小学为孩子们阅读捐赠的书籍带领他们玩耍引导孩子们健康成长大工代表团以知行合一为宗旨团队成员各司其职以实际行动携手国际学子充分将社会工作及实践经验应用于学习之旅用心思考体会责任大会执行主任女士表示我们相信透过参与社区活动能有效提升他们的多元知识以正确态度去关心社会在这一年一度的研讨会中我们希望学员能够把会中所领悟的知识转化成持久的使命感和行动关怀社会的弱势社群世界大学生领导力研讨会是一个国际领导力培训计划其主旨在于帮杰出人士获得课堂外独特的经验并从自信独立技能三方面有效提升下一代领导者的全球化竞争力每年从月日至日由不同发展中国家在亚太地区举办作为为数不多的受邀大学大连理工大学的名大学生领袖代表再续上届研习营的风采顺利实现了与国际学子关于社会责任的交流研讨向世界发出了来自我校的声音据悉下届研习营将在北京举行期待大学学子回到本土的精彩表现责任编辑龙海波相关阅读复制网址打印每日推荐党委副书记副校长宋丹率团赴龙陵县调研中澳科学家联合攻关在硅烯研究中取得突破大工学子参加第七届世界大学生领导者研讨会实践在路上齐风鲁韵共连理望煦寻华报国行第七届国际离散元法会议在大工召开光明日报大连理工援梦专列启程东北新闻网第十一届工业爆炸与安全防护国际学我校马克思主义学院思政课教学改革工作受媒体广泛中国教育报将信仰写在思政课堂上记大连理工深入学习领会中央省委市委精神要求确保学习教育推荐视频钱令希诞辰百年纪录片发布预告年月日大工新闻学校隆重举行庆祝中国共产党成立周年大会为梦连理大连理工大学招生宣传片焦点图片毕业季校园里那抹亮色美女毕业生遇见特色学位服毕业季大学四年最遗憾的那些事毕业季最大工难忘凌工路号那件事大工建筑篇一你不得不知道的那些楼排行榜点击我校马克思主义学院思政课教学改革工作受媒体第七届国际离散元法会议在大工召开实践在路上齐风鲁韵共连理望煦寻华报国中澳科学家联合攻关在硅烯研究中取得突破党委副书记副校长宋丹率团赴龙陵县调研大工学子参加第七届世界大学生领导者研讨会中国教育报将信仰写在思政课堂上记大连东北新闻网第十一届工业爆炸与安全防护国光明日报大连理工援梦专列启程第一页内容缓存全文内容缓存根据设置字体大小并初始化按钮请选择投票选项最多允许选项单页阅读分页阅读单页阅读分页阅读控制内容区域的的图片大小并为过大的图片添加查看原图复制网址复制链接成功被浏览器拒绝请在浏览器地址栏输入并回车然后将设置为复制链接成功改变字号小本文地址电话版权所有大连理工大学新闻中心
