http://news.dlut.edu.cn/article/2016/0819/68581.shtml
28
150
63
96
61
102
50
51
54
103
104
167
167
162
162
51
62
70
54
61
50
65
66
64
102
实践在路上齐风鲁韵共连理望煦寻华报国行综合新闻大工新闻网首页新闻图片视频报纸广播首页新闻综合新闻正文实践在路上齐风鲁韵共连理望煦寻华报国行化工与环境生命学部赴胶东半岛地区报国企业行纪实作者佟诗宇滕佳志程琪文何流高英皓图来源化工与环境生命学部时间点击为调研当前就业形势了解企业用人需求加强校企沟通合作帮助学生树立正确的人生观和职业观提高其就业竞争力向国家和社会输送更符合市场需要和时代发展的人才年暑期化工与环境生命学部泰行山东实践团队赴胶东半岛开展报国企业行暑期社会实践活动化环生学部级辅导员滕佳志级辅导员佟诗宇与全体名学生实践队员历时天辗转烟台青岛淄博济南四座城市结合实地参观拜访校友企业座谈模拟面试等多种形式走访了化工材料农业生物互联网等领域的十家知名企业涵盖国企民企科研院所等多种类型充分打开了队员们的就业视野实践团队学习了解企业的发展沿革精神文化招聘标准人才培养模式等信息通过队内交流会和校内外媒体平台实践团队及时分享走访中的所见所感掌握行业动态感受企业文化学习求职经验并分享企业校园招聘的最新资讯给广大在校生提供参考和便利前期准备助实践团队培训促成长为保证实践活动顺利开展实践团队进行了一系列充分的准备召开讨论会商定行程及分工确定队名为泰行山东组织队内培训滕佳志围绕社交礼仪简历制作面试技巧与队员们分享经验设计调查问卷汇总学生关心的就业问题并向企业反馈为企业准备纪念品队员们前往工训中心加工制作带有企业标志和团队特色的水晶内雕摆件立足实际注重细节带着大工人的热忱怀着对企业的期待实践团队开启了胶东半岛之旅化工企业亲调研校友走访话心声坚如磐石万华愿月日上午实践团队走访了万华化学股份有限公司作为全球最具竞争力的聚氨酯材料制造商之一万华化学的产品质量和单位能耗均达到国际领先水平从进入公司必须扶扶手靠右走的安全制度到工业园区里有条不紊的生产建设同学们在细节之处亲身体验到万华的严谨和规范在与人力资源部经理的座谈中万华环境友好的理念科技创新的意识人性化的培养模式让实践团队看到万华蓬勃发展的背后完善的管理机制和科学的发展模式同时引发了队员们对化工行业未来发展的思考持之致远万润情下午实践团队来到国家级企业技术中心和国家级高新技术企业中节能万润股份有限公司万润股份简单做人踏实做事的理念深刻地影响着企业和员工的发展进步研发中心副主任大连理工大学级校友孟主任在与队员们的座谈中表示大工人持之以恒的实干精神让他受益良多希望队员在校期间提升专业素养在学习和科研中发扬工匠精神把知识和技术学精学实给队员留下了深刻的印象敢为人先铸泰和月日实践团队前往烟台泰和新材料股份有限公司访问校友宋西全先生泰和新材作为国家级高新技术企业先后填补国内高性能纤维领域的多项空白并打破了国外垄断在企业展厅同学们了解到企业发展的历史沿革感受到了泰和敢为人先的创新意识随后队员与大连理工大学校友年度人物化工与环境生命学部的优秀校友宋西全先生展开深入交流学长肯定了大工学子踏实肯干勤奋努力的精神同时也提出自己的期望希望队员在继承和发扬大工精神的基础上开拓进取锐意创新提高灵活应变能力和综合素质智慧生活同体验求职经验共分享创新发展海信行在实践团队月日对海信集团的参访中队员们充分了解了海信从一家传统的家电制造厂向智能化国际化企业迈进的过程与丰硕的成果享你所想的智能化主张技术立企的经营之道让海信始终走在行业前列海信网络科技公司负责人力招聘的的郭会岭先生向队员们介绍企业招聘流程和用人标准提供了最新的校招信息并结合自身经历围绕知识储备能力培养精神品质等方面与队员们分享跨专业就业的经验为同学们未来的就业提供指导海尔职场亲体验月日实践团队走进海尔集团体验高科技带来的智慧生活学习海尔互联互通共创共赢的发展理念参观未来合伙人创新创业基地感知企业蓬勃发展的青春活力海尔的招聘经理按照真实的招聘过程为队员们准备了模拟面试的环节长达一个小时的无领导小组讨论现场筛选简历并点评一对一的单独面试让同学们在实战中接触校招寻找自身不足为将来的求职打下良好基础科技为帆浪潮梦月日实践团队来到浪潮集团参观学习队员们对云计算的强大功能给百姓生活带来的进步与改变感到惊叹企业招聘经理蒋浩先生向队员们介绍了双通道的人才晋升模式结合队员们的专业特点对其职业发展规划提出中肯的建议人力资源部王女士针对女大学生就业难升职难的问题与队员们分享了经验倡导女大学生发挥女性亲和力强善于沟通耐心细致等优势在职场中找准定位放平心态企业文化促和谐精神传承正能量激情梦想酿青啤月日实践团队走进青岛啤酒股份有限公司作为中国啤酒行业的领头者世界品牌强青岛啤酒以其百年的传承和深厚的文化底蕴向实现全球影响力品牌的国际化大公司的愿景不断迈进从博物馆内陈列的第一批制酒设备到现代化的生产流水线从开放的景区式工厂到制度严格的生产厂区从减少生产污染到员工环保意识培训百年青啤的传承创新和进取意识深刻影响着队员们让队员们懂得严谨认真保持激情活力仁孝为先京博心文化是企业发展的精神支柱在实践团队对黄河三角洲京博化工设计院有限公司的参访中吃苦敬业节约亮剑的可贵精神和对儒道文化的理解传承成为了京博研究院的标签以周易八卦为设计灵感的研易楼警醒研发人员遵循事物本质做科研的伏羲像设在公司内部的儒学文化学习班队员们见识到了中国优秀传统文化对企业和个人发展的积极影响绿色生态博华园月日下午队员们来到山东博华高效生态农业有限公司参观了公司鱼菜共生幼苗驯化与低温催花等具备先进理念的生态园看到公司在蔬菜种植水产养殖花卉培育方面搭建可循环生态系统的科技成果公司秉承可持续发展的理念利用先进科学技术促进人与自然和谐相处彰显出企业对社会的责任和担当诚信务实济南院月日实践团队来到企业行的最后一站济南石油化工设计院从条件简陋的科室到具有较强设计能力的多方向复合型设计院的发展史造就了济南石化设计院沉稳踏实内敛的风格其自觉宽容严谨民主的氛围和诚信务实和谐发展的工作作风让队员们受益匪浅工会主席吕院长针对学校教育与企业需求衔接的问题谈到大学生要重视培养自学能力在多思多问中提高综合素质激励队员们发扬化工人吃苦耐劳的精神为企业和社会做出贡献实现自身价值至此年化环生学部赴胶东半岛报国企业行圆满落幕在本次报国企业行社会实践中团队充分展现了大工学子的优良风貌与企业积极沟通构建校企战略合作伙伴关系并授牌向企业赠送大工特色纪念品队员们将通过座谈交流及媒体宣传等方式第一时间把收获感悟企业招聘等信息与更多大工学生分享为校企合作助力帮助更多的大工学子走出校园走向社会走进企业在社会实践中受教育增才干为国家建设和社会发展贡献青春力量责任编辑姜雪相关阅读复制网址打印每日推荐实践在路上齐风鲁韵共连理望煦寻华报国行第七届国际离散元法会议在大工召开东北新闻网第十一届工业爆炸与安全防护国际学我校马克思主义学院思政课教学改革工作受媒体广泛中国教育报将信仰写在思政课堂上记大连理工深入学习领会中央省委市委精神要求确保学习教育学校召开党委全委会校长郭东明到基层党支部讲党课中国科学报好故事救活思政课天健网大连理工大学讲好故事激活思政课推荐视频钱令希诞辰百年纪录片发布预告年月日大工新闻学校隆重举行庆祝中国共产党成立周年大会为梦连理大连理工大学招生宣传片焦点图片毕业季校园里那抹亮色美女毕业生遇见特色学位服毕业季大学四年最遗憾的那些事毕业季最大工难忘凌工路号那件事大工建筑篇一你不得不知道的那些楼排行榜点击学校召开党委全委会第三届全国颗粒材料计算力学会议在大连理工大我校在人类乳腺癌治疗策略的研究中取得新进展校长郭东明到基层党支部讲党课我校马克思主义学院思政课教学改革工作受媒体深入学习领会中央省委市委精神要求确保学习基于合金薄膜电极的高效电化学催化产氢两学一做坚定理想信念传承红色基因实践在路上印象辽宁梦想中国心系辽东绿中国教育报将信仰写在思政课堂上记大连第一页内容缓存全文内容缓存根据设置字体大小并初始化按钮请选择投票选项最多允许选项单页阅读分页阅读单页阅读分页阅读控制内容区域的的图片大小并为过大的图片添加查看原图复制网址复制链接成功被浏览器拒绝请在浏览器地址栏输入并回车然后将设置为复制链接成功改变字号小本文地址电话版权所有大连理工大学新闻中心
