http://news.dlut.edu.cn/article/2016/0822/68607.shtml
26
150
58
56
59
63
100
96
61
102
50
167
167
162
162
61
63
59
102
96
100
56
58
党委副书记副校长宋丹率团赴龙陵县调研综合新闻大工新闻网首页新闻图片视频报纸广播首页新闻综合新闻正文党委副书记副校长宋丹率团赴龙陵县调研国际学生志愿者支教基地揭牌来源学生工作处时间点击日前党委副书记副校长宋丹率团赴我校对口支援单位云南省保山市龙陵县就我校研究生支教团工作开展情况进行调研并出席大连理工大学研究生支教团工作座谈会暨国际学生志愿者支教基地揭牌仪式调研期间看望并慰问了远赴龙陵义务指导龙陵县运动员备战保山市运动会的我校教练员我校国际教育学院学生工作处团委相关负责同志陪同调研龙陵县人民政府副县长我校挂职干部张涛全程协调接待调研组一行保山市委常委组织部部长杨光银龙陵县委书记段忠华县委副书记县长杨邵燕县委常委宣传部部长董斯璇副县长杨新满张涛等会见了宋丹一行并进行了深入交流双方回顾了对口帮扶三年来大连理工大学与龙陵县委县政府在文化教育招商引资科技帮扶干部培训等方面通力合作取得的成绩对大工研究生支教团和国际学生志愿者支教基地的建设和推进形成了共识希望以此次座谈会暨揭牌仪式为契机创造良好环境做好协调工作通过全方位深层次的交流合作进一步推动全县教育教学工作取得新成绩促进龙陵经济社会健康快速发展全面打赢脱贫攻坚战龙陵县副县长我校挂职干部张涛主持了研究生支教团座谈会我校团委书记陆凯介绍了大连理工大学研究生支教团项目及新一届赴龙陵一中研究生支教团的情况龙陵县第一中学党总支书记陈云良对前两届大工研究生支教团在龙陵一中的工作情况作了全面的介绍新一届研究生支教团队长孙浩翔代表支教团作了表态发言宋丹对第三届赴龙陵研究生支教团提出了殷切期望指出龙陵县第一中学是一所有着光荣历史优良传统取得辉煌成绩的学校研究生支教团要结合龙陵的实际把支教工作做好要根据学校需要发挥自身优势协同工作宋丹希望支教团成员认真践行海纳百川自强不息厚德笃学知行合一的大工精神磨炼意志品质不断提升能力增长才干在大连理工大学国际学生志愿者支教基地揭牌仪式上国际教育学院院长陈宏俊和龙陵县教育局局长余自明共同为基地揭牌宋丹在讲话中表示国际学生志愿者支教基地在龙陵县第一中学成功设立是大工深入履行对口支援责任全面落实中央精准扶贫工作要求的又一重要举措也体现了龙陵县委县政府对大连理工大学的信任希望通过这一平台进一步发挥大工的教育优势提升龙陵县第一中学英语教学水平进一步推动龙陵县第一中学快速发展宋丹表示建立国际学生志愿者支教基地是培养国际学生知华友华爱华情感的重要途径希望学校相关部门按照龙陵县的实际需求认真做好国际学生志愿者的选拔培训派驻工作让国际学生志愿者呆得住教得好成为大工在龙陵的又一张名片调研期间宋丹专程到龙陵县全民健身中心看望并慰问了学校援助保山市第四届体育运动会龙陵县代表团的大工教练员了解了我校教练员开展训练指导的工作情况对训练工作提出了要求勉励大家发扬大工精神认真抓好训练帮助龙陵县在保山市第四届体育运动会上取得好成绩责任编辑龙海波相关阅读复制网址打印每日推荐党委副书记副校长宋丹率团赴龙陵县调研大工学子参加第七届世界大学生领导者研讨会中澳科学家联合攻关在硅烯研究中取得突破实践在路上齐风鲁韵共连理望煦寻华报国行第七届国际离散元法会议在大工召开光明日报大连理工援梦专列启程东北新闻网第十一届工业爆炸与安全防护国际学我校马克思主义学院思政课教学改革工作受媒体广泛中国教育报将信仰写在思政课堂上记大连理工深入学习领会中央省委市委精神要求确保学习教育推荐视频钱令希诞辰百年纪录片发布预告年月日大工新闻学校隆重举行庆祝中国共产党成立周年大会为梦连理大连理工大学招生宣传片焦点图片毕业季校园里那抹亮色美女毕业生遇见特色学位服毕业季大学四年最遗憾的那些事毕业季最大工难忘凌工路号那件事大工建筑篇一你不得不知道的那些楼排行榜点击我校马克思主义学院思政课教学改革工作受媒体第七届国际离散元法会议在大工召开实践在路上齐风鲁韵共连理望煦寻华报国中国教育报将信仰写在思政课堂上记大连东北新闻网第十一届工业爆炸与安全防护国光明日报大连理工援梦专列启程中澳科学家联合攻关在硅烯研究中取得突破大工学子参加第七届世界大学生领导者研讨会党委副书记副校长宋丹率团赴龙陵县调研第一页内容缓存全文内容缓存根据设置字体大小并初始化按钮请选择投票选项最多允许选项单页阅读分页阅读单页阅读分页阅读控制内容区域的的图片大小并为过大的图片添加查看原图复制网址复制链接成功被浏览器拒绝请在浏览器地址栏输入并回车然后将设置为复制链接成功改变字号小本文地址电话版权所有大连理工大学新闻中心
