http://news.dlut.edu.cn/article/2016/0815/68590.shtml
35
150
102
103
104
108
109
61
102
50
51
54
103
104
66
62
64
167
167
162
162
52
69
54
62
70
我校马克思主义学院思政课教学改革工作受媒体广泛关注综合新闻大工新闻网首页新闻图片视频报纸广播首页新闻综合新闻正文我校马克思主义学院思政课教学改革工作受媒体广泛关注作者龙海波来源宣传部新闻中心时间点击月正值我校暑假但马克思主义学院老师们却一直在忙碌着他们正抓紧假期的时间探讨新一轮教学改革工作将习近平总书记在哲学社会科学座谈会和纪念建党周年庆祝大会上的重要讲话精神融入到教学当中是他们假期工作的重点连日来中国教育报中国科学报人民网央广网等媒体纷纷关注我校思政课改革工作对我校大班授课小班研讨案例教学法等特色工作给予报道月日中国教育报刊发长篇通讯以将信仰写在思政课堂上对我校坚持立德树人强化思想引领传承红色基因坚守课堂阵地把青年学生培养成为有理想有信念的一代新人的经验和做法给予报道当天该通讯还登陆中国教育新闻网首页月日中国科学报刊发消息以好故事救活思政课为题对我校年坚持思政课案例教学法在全国形成示范效应进行宣传报道人民网央广网中国日报网天健网也对我校思政课改革工作进行宣传报道多年来我校将培养信仰坚定的马克思主义者当做责任和使命用生动的思政课堂教学对培养什么人怎么培养人的时代命题作出解答早在年我校成立德育研究室在全国高校中率先开设大学生思想品德课并最早以必修课的形式同马克思主义理论课一起对大学生进行全方位的思想政治教育首开全国思政课教育之先河上个世纪年代至年代我校培训了来自全国各地余名思想政治教育专家成为全国的德育研究与交流中心年大连理工大学思想政治教育专业在全国最早一批开展思想政治教育理论研究和学科建设年作为全国首批十所院校之一获批思想政治教育专业硕士学位授予权年来我校不断探索思政课的新路子新方法形成了以大班授课小班研讨和案例教学为代表的特色教学模式并取得了一批成果延伸阅读中国教育报将信仰写在思政课堂上记大连理工思政课改革中国科学报好故事救活思政课天健网大连理工大学讲好故事激活思政课中国日报网大工思政课让课堂活起来人民网大连理工大学思政课案例教学法让课堂活起来央广网在案例教学中找准坚定理想信念航向责任编辑吕东光相关阅读复制网址打印每日推荐我校马克思主义学院思政课教学改革工作受媒体广泛中国教育报将信仰写在思政课堂上记大连理工深入学习领会中央省委市委精神要求确保学习教育学校召开党委全委会校长郭东明到基层党支部讲党课中国科学报好故事救活思政课天健网大连理工大学讲好故事激活思政课两学一做坚定理想信念传承红色基因第三届全国颗粒材料计算力学会议在大连理工大学召实践在路上印象辽宁梦想中国心系辽东绿韵连推荐视频钱令希诞辰百年纪录片发布预告年月日大工新闻学校隆重举行庆祝中国共产党成立周年大会为梦连理大连理工大学招生宣传片焦点图片毕业季校园里那抹亮色美女毕业生遇见特色学位服毕业季大学四年最遗憾的那些事毕业季最大工难忘凌工路号那件事大工建筑篇一你不得不知道的那些楼排行榜点击全国人工环境相关学科博士生导师研讨会在我校美国密歇根大学副校长胡仕新教授应邀作专题报我校再获辽宁省大学生电子设计竞赛最高奖第十一届工业爆炸与安全防护国际学术会议在大校长郭东明到基层党支部讲党课实践在路上访江浙沪企业悟学思礼心得第三届全国颗粒材料计算力学会议在大连理工大实践在路上深入企业了解发展前沿全面促我校在人类乳腺癌治疗策略的研究中取得新进展我校在耐酸沸石膜微观结构的设计与调控研究取第一页内容缓存全文内容缓存根据设置字体大小并初始化按钮请选择投票选项最多允许选项单页阅读分页阅读单页阅读分页阅读控制内容区域的的图片大小并为过大的图片添加查看原图复制网址复制链接成功被浏览器拒绝请在浏览器地址栏输入并回车然后将设置为复制链接成功改变字号小本文地址电话版权所有大连理工大学新闻中心
