http://news.dlut.edu.cn/article/2016/0812/68571.shtml
29
150
54
103
104
70
65
64
69
52
167
167
162
162
160
52
69
第三届全国颗粒材料计算力学会议在大连理工大学召开综合新闻大工新闻网首页新闻图片视频报纸广播首页新闻综合新闻正文第三届全国颗粒材料计算力学会议在大连理工大学召开作者季顺迎来源运载工程与力学学部时间点击日前第三届全国颗粒材料计算力学会议于在大连理工大学国际会议中心圆满召开本次会议由中国力学学会计算力学专业委员会颗粒材料计算力学专业组主办清华大学水沙科学与水利水电工程国家重点实验室和大连理工大学工业装备结构分析国家重点实验室联合承办中国科学院院士清华大学王光谦教授担任大会主席兰州大学土木工程与力学学院院长周又和教授担任学术委员会主席清华大学孙其诚教授和大连理工大学季顺迎教授担任会议执行主席全国颗粒材料计算力学系列会议于年由大连理工大学和湘潭大学联合发起并于年和年分别在张家界和兰州召开了第一届和第二届会议目前该系列会议每两年召开一次开幕式上中国科学院院士程耿东教授工业装备结构分析国家重点实验室主任李刚教授和清华大学孙其诚教授分别致欢迎辞开幕式由季顺迎教授主持本次会议以颗粒材料计算力学的机遇和新挑战为主题结合自然灾害与工程领域中急需解决的与颗粒物质相关的关键问题和难点问题开展了广泛的学术交流和讨论本次会议共有来自计算力学岩土工程固体物理汽车工程环境工程机械及农业工程等不同研究领域的名代表参加其中研究生有人大会共收到学术论文及摘要篇本次会议组织了个大会报告和个分会场邀请报告以及个分会场报告共计个学术报告大连理工大学李锡夔清华大学孙其诚兰州大学黄宁武汉大学周伟同济大学蒋明镜华南理工大学臧孟炎中国科学院力学研究所李世海物理研究所厚美瑛近代物理所杨磊过程工程所王利民香港科技大学的赵吉东等国内专家以及英国大学教授美国大学吴腾达教授美国哥伦比亚大学的尹辉明教授澳大利亚大学的陈衍昌教授等国外学者报告了各自的最新研究进展本次会议设有个分会场主题分别为颗粒材料基本物理力学特征颗粒材料的宏细观多尺度力学模型颗粒材料的冲击及剪切流动特性颗粒材料破坏的数值分析岩石交通海洋等工程中的颗粒力学离散元方法的改进与发展颗粒材料的高性能数值计算及软件平台颗粒材料计算力学的试验验证和基于粒子的相关计算方法等本次会议通过对当前颗粒材料计算力学研究现状和发展趋势的交流凝炼了颗粒力学中新的研究方向确定了相应的关键力学问题推动了颗粒材料力学在基础理论数值方法和工程应用中的发展有力地促进了颗粒材料力学与其它学科的交叉融合本次会议期间由吴腾达教授尹辉明教授陈衍昌教授和赵吉东教授组成的优秀学生论文评审委员会评选出篇优秀学生论文分别由上海理工大学李然大连理工大学王帅霖河海大学沈超敏西南交通大学石灿和中国科学院物理研究所周志刚获得闭幕式中大连理工大学季顺迎教授对这次会议进行了总结通过这次会议展现出颗粒介质在不同领域中的应用并且在近两年中颗粒材料的研究取得了显著的进展第四届全国颗粒材料计算力学会议将由华侨大学承办华侨大学谭援强教授对年第四届颗粒材料计算力学会议的组织计划以及承办单位华侨大学的基本情况进行了详细的介绍本次会议得到了清华大学水沙科学与水利水电工程国家重点实验室和大连理工大学工业装备结构分析国家重点实验室的大力支持也得到了国内外相关学者的积极响应取得了圆满成功责任编辑张平媛复制网址打印每日推荐两学一做坚定理想信念传承红色基因校长郭东明到基层党支部讲党课中国科学报好故事救活思政课天健网大连理工大学讲好故事激活思政课第三届全国颗粒材料计算力学会议在大连理工大学召我校在人类乳腺癌治疗策略的研究中取得新进展基于合金薄膜电极的高效电化学催化产氢取得实践在路上印象辽宁梦想中国心系辽东绿韵连第十一届工业爆炸与安全防护国际学术会议在大连召美国密歇根大学副校长胡仕新教授应邀作专题报告推荐视频钱令希诞辰百年纪录片发布预告年月日大工新闻学校隆重举行庆祝中国共产党成立周年大会为梦连理大连理工大学招生宣传片焦点图片毕业季校园里那抹亮色美女毕业生遇见特色学位服毕业季大学四年最遗憾的那些事毕业季最大工难忘凌工路号那件事大工建筑篇一你不得不知道的那些楼排行榜点击郭东明校长会见大连公交集团董事长孙明一行全国人工环境相关学科博士生导师研讨会在我校美国密歇根大学副校长胡仕新教授应邀作专题报我校再获辽宁省大学生电子设计竞赛最高奖实践在路上访江浙沪企业悟学思礼心得实践在路上深入企业了解发展前沿全面促第十一届工业爆炸与安全防护国际学术会议在大我校在耐酸沸石膜微观结构的设计与调控研究取实践在路上躬身企业行笃志中国梦关于进一步完善中央财政科研项目资金管理等第一页内容缓存全文内容缓存根据设置字体大小并初始化按钮请选择投票选项最多允许选项单页阅读分页阅读单页阅读分页阅读控制内容区域的的图片大小并为过大的图片添加查看原图复制网址复制链接成功被浏览器拒绝请在浏览器地址栏输入并回车然后将设置为复制链接成功改变字号小本文地址电话版权所有大连理工大学新闻中心
