http://news.dlut.edu.cn/article/2016/0819/68573.shtml
28
150
96
61
102
50
51
54
103
104
105
167
167
162
162
51
62
70
54
61
50
65
66
64
102
第七届国际离散元法会议在大工召开综合新闻大工新闻网首页新闻图片视频报纸广播首页新闻综合新闻正文第七届国际离散元法会议在大工召开作者季顺迎来源运载工程与力学学部时间点击核心提示第七届国际离散元法会议于年月日至月日在大连理工大学成功召开本次会议由大连理工大学工业装备结构分析国家重点实验室承办大连理工大学李锡夔教授英国大学冯云田教授和美国教授联合担任大会主席第七届国际离散元法会议于月日至月日在我校成功召开本次会议由工业装备结构分析国家重点实验室承办校长郭东明院士出席开幕式并致欢迎辞开幕式由李锡夔教授主持我校李锡夔教授英国大学冯云田教授和美国教授联合担任大会主席本次会议主要针对颗粒材料的基本物理力学行为离散元方法中的接触模型高性能计算方法等并结合自然灾害与工程领域中急需解决的与颗粒物质相关的关键科学问题开展了广泛的学术交流和讨论与会的专家分别来自中国英国美国澳大利亚荷兰德国韩国法国伊朗加拿大日本奥地利南非印度捷克瑞士阿根廷等个国家和地区共计名代表参加其中研究生名参会代表中有中国学者人充分体现出目前我国在离散元法及颗粒材料计算力学领域的研究十分活跃会议邀请法国格勒诺布尔阿尔卑斯大学教授荷兰屯特大学教授及中国科学院院士西安电子科技大学郑晓静教授作了大会报告邀请澳大利亚大学余艾冰教授美国美卓矿机公司邱向军博士大连理工大学季顺迎教授奥地利博士英国大学冯云田教授和日本东京大学教授作了个大会主题报告此外本次会议还邀请国内外知名学者做了个分会场邀请报告教授作大会报告教授作大会报告郑晓静院士作大会报告本次会议共收到学术论文全文篇和摘要篇安排了包括个大会报告在内的个口头报告围绕个主题组织了个分会场交流主要包括离散元方法基本理论与数值方法颗粒材料高性能数值计算及软件平台颗粒流体动力学岩土力学与多相流中离散元方法离散元有限元模型颗粒材料破坏数值分析粉体技术颗粒接触和本构模型非规则颗粒排列颗粒形态影响粘结颗粒模型颗粒粗粒化与尺寸效应离散元在农业岩土海洋化工交通机械工程中应用基于粒子的计算方法颗粒材料计算力学的试验验证等专题会议通过对当前颗粒材料计算力学研究现状和发展趋势的交流凝炼了颗粒力学中新的研究方向和相应的关键力学问题将有力地推动离散元法在基础理论数值方法和各工程领域应用等方面研究的进展促进离散元方法与其它方法的交叉融合会议期间学术委员会评选出篇优秀学生论文闭幕式中英国大学冯云田教授对本次会议进行了总结据悉第八届国际离散元法会议将由荷兰屯特大学承办荷兰屯特大学教授对年第八届国际离散元法会议的组织计划以及承办单位荷兰屯特大学的基本情况做了介绍该国际离散元法会议于年首次召开目前每三年召开一届是有关离散元数值方法和工程应用的重要的系列国际会议第七届国际离散元法会议的成功举办得益于近几年我国相关学者在离散元法领域的深入研究和广泛应用在相关国际学术会议中的积极参与和多方面的国际合作本次会议为我国学者在离散元法基础理论数值方法和工程应用方面的国际交流合作提供了更好的平台将更有力地促进我国离散元法研究的发展责任编辑姜雪复制网址打印每日推荐第七届国际离散元法会议在大工召开东北新闻网第十一届工业爆炸与安全防护国际学我校马克思主义学院思政课教学改革工作受媒体广泛中国教育报将信仰写在思政课堂上记大连理工深入学习领会中央省委市委精神要求确保学习教育学校召开党委全委会校长郭东明到基层党支部讲党课中国科学报好故事救活思政课天健网大连理工大学讲好故事激活思政课央广网第十一届工业爆炸与安全防护国际学术会推荐视频钱令希诞辰百年纪录片发布预告年月日大工新闻学校隆重举行庆祝中国共产党成立周年大会为梦连理大连理工大学招生宣传片焦点图片毕业季校园里那抹亮色美女毕业生遇见特色学位服毕业季大学四年最遗憾的那些事毕业季最大工难忘凌工路号那件事大工建筑篇一你不得不知道的那些楼排行榜点击学校召开党委全委会第三届全国颗粒材料计算力学会议在大连理工大我校在人类乳腺癌治疗策略的研究中取得新进展校长郭东明到基层党支部讲党课我校马克思主义学院思政课教学改革工作受媒体深入学习领会中央省委市委精神要求确保学习基于合金薄膜电极的高效电化学催化产氢两学一做坚定理想信念传承红色基因实践在路上印象辽宁梦想中国心系辽东绿中国教育报将信仰写在思政课堂上记大连第一页内容缓存全文内容缓存根据设置字体大小并初始化按钮请选择投票选项最多允许选项单页阅读分页阅读单页阅读分页阅读控制内容区域的的图片大小并为过大的图片添加查看原图复制网址复制链接成功被浏览器拒绝请在浏览器地址栏输入并回车然后将设置为复制链接成功改变字号小本文地址电话版权所有大连理工大学新闻中心
