http://news.dlut.edu.cn/article/2016/0812/68555.shtml
29
150
54
103
104
70
69
52
167
167
162
162
160
52
69
实践在路上印象辽宁梦想中国心系辽东绿韵连理综合新闻大工新闻网首页新闻图片视频报纸广播首页新闻综合新闻正文实践在路上印象辽宁梦想中国心系辽东绿韵连理作者曾洋王瑞锋来源化工与环境生命学部时间点击为深入学习宣传贯彻习近平总书记系列重要讲话精神引领青年学生在深入推进十三五规划实现辽宁老工业基地新一轮全面振兴和中华民族伟大复兴中国梦的生动实践中做有理想有追求有担当有作为有品质有修养的青年学生在年全国大中专学生志愿者暑期文化科技卫生三下乡社会实践活动的总体框架下团中央学校部共青团辽宁省委员会辽宁省旅游发展委员会辽宁省学生联合会将按照中共中央国务院关于全面振兴东北地区等老工业基地的若干意见把东北地区建成世界知名生态旅游目的地的具体要求组织开展年印象辽宁梦想中国全国大学生暑期实践专项活动来自复旦大学中国人民大学南京大学吉林大学等全国高校的支实践团队余名师生参加到实践活动中分别从辽西文化研究辽东生态研究都市休闲研究三个实践方向开展为期一周的实践活动我校由名学生和名带队老师组成的心系辽东绿韵连理实践队代表大连理工大学参加印象辽宁连理行魅力盘锦同出征月日上午时年印象辽宁梦想中国全国大学生暑期实践专项活动出征仪式在辽宁省盘锦市红海滩国家风景廊道举行团省委书记赵红巍出席仪式讲话并宣布出征团中央学校部大学处处长王良省旅发委副主任王晓江盘锦市人民政府副市长姜冰团省委副书记张鹏出席仪式大连理工大学绿韵连理团队队员张牧同学带领全体实践团队成员宣誓让青春在建功十三五中闪光让实践在共筑中国梦中绽放全体队员满怀着对建设辽宁生态旅游目的地的信心与热情投身到实践中去作为辽宁乃至东北首屈一指的大连理工大学组成的绿韵连理实践队会与其他高校共同努力为振兴东北老工业基地和建成世界知名生态旅游目的地加油助力随后队员们进入红海滩以及稻田画在一片绿色与红色交织的植物海洋中体验最美湿地的魅力与美丽同时作为化工与环境生命学部的学生湿地可作为直接利用的水源或补充地下水又能有效控制洪水和防止土壤沙化还能滞留沉积物有毒物营养物质从而改善环境污染等生态意义更能让队员们学有所用月日下午队员们走进辽东湾新区规划馆在一带两轴三区的空间结构定位下领略国家建设生态创新的决心与行动同时辽东湾新区的低碳生态规划探索也对于化工的需求让我们觉得肩上的责任更重走入大洼区稻草艺术区新形式的微型庄园式消费与行走中的稻田博物馆让队员们深深沉醉于美丽的稻田艺术画和富有创意的新农村建设里透过烧瓶看辽宁学以致用献青春月日实践团队一行人来到了辽宁第三大城市鞍山队员们来到了鞍钢展览馆和生产线新中国钢铁工业从这里开始是鞍钢集团展览馆的立馆主题展馆中沧桑岁月长子鞍钢鞍钢宪法创新鞍钢摇篮鞍钢奉献鞍钢魅力鞍钢品牌鞍钢排头鞍钢等多个主题展区及年建成的一号高炉原二烧车间厂房内的烧结机展区都让实践队员更加深入的了解鞍钢生产线在高温中真正体会钢铁是怎样炼成的对国家工业先进程度与自主度表示震撼与自豪通过此次参观学习活动队员们对钢铁工业发展史有了更深入了解同时也对鞍钢文化和鞍山精神有了更直观的感受同时表示一定运用自己所学化工知识振兴东北老工业基地为生态建设更好更快发展加砖添瓦月日下午队员们来到了素有辽东第一山美誉的千山驱车在景区主干道沿线的木栈道就能全程欣赏到景色秀丽的龙泉河景观置身其间只听绿树浓荫处鸣蝉声声丝丝水气洗尽风尘生态美好的景色沁人心脾队员们也逐渐明白生态良好才是发展的重点月日实践团又踏上旅途第三站拥有悠久历史底蕴名城丹东首先参观了鸭绿江断桥断桥在抗美援朝战争期间成为中国支援朝鲜前线的交通大动脉年月日美军为切断我方供给线美军飞机多次对大桥狂轰滥炸第一桥被炸毁成为废桥参观断桥仿佛历史在队员们眼前重现炮弹轰鸣子弹横飞队员们表示要铭记志愿军前辈不怕牺牲勇往直前的精神更应勿忘国耻应用自己所学振兴中国奋勇向前月日下午实践团队来到虎山长城作为国门长城选址虎山确有军事意义丹东历次被外敌入侵虎山首当其冲参观虎山长城游览古代建筑精妙之处高低落差明显仿佛眼前再现当时抗击外敌入侵的场景队员们登上制高点一览祖国美好河山更知今昔来之不易必将为眼前美景奉献自己的青春月日团队来到文化底蕴丰富的抚顺参观了清永陵了解清朝启运之地聆听努尔哈赤传奇故事游览赫图阿拉城参观满族古建筑参观的路上除了震撼也逐渐明白任何事情没有巧合只有自身的强大才会成就丰功伟业月日团队来到平顶山惨案纪念馆庄严肃穆下参观无声有序累累白骨向队员们诉说着当年的暴行作为当代大学生队员们表示必将铭记历史为祖国富强兴盛贡献自己的一份力下午队员们来到萨尔浒景区峰峦叠嶂溪谷纵横的山岳景观更具得天独厚的明清历史文化内涵生态与旅游资源完美的结合让人们流连忘返生态建设的益处也渐渐得到人们的重视月日实践团队来到中国琥珀城在游览中了解琥珀认识琥珀爱上琥珀然后前往雷锋纪念馆感受雷锋精神学习雷锋精神助人为乐我辈必将奋勇向前三天的抚顺之旅也为实践团队的印象辽宁活动画上了一个完美的句号透过烧瓶看辽宁大连理工绿韵连理实践团一定会结合队员自身的化工专业为生态旅游提出属于化工人的建议乐游辽宁不虚此行行走的奋进的大工人本次实践为期天绿韵连理实践团队在印象辽宁梦想中国的指引下队员们一起走过美丽盘锦魅力鞍山历史丹东文化抚顺一路走来队员们作为大工学子辽宁学子秉承着团结进取求实创新的校训展示队员们大工学子的风采一路走来队员们更是不断学习不断提升学习毛丰美同志的苦干实干巧干的大梨树村干字精神参观平顶山惨案纪念馆铭记历史缅怀先烈学习雷锋精神乐于助人甘于奉献这是一次震撼人心催人奋进的实践旅程队员们有机的集合自身所学以把东北地区建成世界知名生态旅游目的地为目标为辽宁振兴事业建言献策贡献自己的力量行走的奋进的大工人队员们将铭记自己作为大学生作为大工学子的肩上的责任和使命必将不辱使命绽放自己青春的光芒责任编辑张平媛复制网址打印每日推荐两学一做坚定理想信念传承红色基因第三届全国颗粒材料计算力学会议在大连理工大学召基于合金薄膜电极的高效电化学催化产氢取得校长郭东明到基层党支部讲党课中国科学报好故事救活思政课天健网大连理工大学讲好故事激活思政课我校在人类乳腺癌治疗策略的研究中取得新进展实践在路上印象辽宁梦想中国心系辽东绿韵连第十一届工业爆炸与安全防护国际学术会议在大连召美国密歇根大学副校长胡仕新教授应邀作专题报告推荐视频钱令希诞辰百年纪录片发布预告年月日大工新闻学校隆重举行庆祝中国共产党成立周年大会为梦连理大连理工大学招生宣传片焦点图片毕业季校园里那抹亮色美女毕业生遇见特色学位服毕业季大学四年最遗憾的那些事毕业季最大工难忘凌工路号那件事大工建筑篇一你不得不知道的那些楼排行榜点击郭东明校长会见大连公交集团董事长孙明一行全国人工环境相关学科博士生导师研讨会在我校美国密歇根大学副校长胡仕新教授应邀作专题报我校再获辽宁省大学生电子设计竞赛最高奖实践在路上访江浙沪企业悟学思礼心得实践在路上深入企业了解发展前沿全面促第十一届工业爆炸与安全防护国际学术会议在大我校在耐酸沸石膜微观结构的设计与调控研究取实践在路上躬身企业行笃志中国梦关于进一步完善中央财政科研项目资金管理等第一页内容缓存全文内容缓存根据设置字体大小并初始化按钮请选择投票选项最多允许选项单页阅读分页阅读单页阅读分页阅读控制内容区域的的图片大小并为过大的图片添加查看原图复制网址复制链接成功被浏览器拒绝请在浏览器地址栏输入并回车然后将设置为复制链接成功改变字号小本文地址电话版权所有大连理工大学新闻中心
