http://news.dlut.edu.cn/article/2016/0812/68575.shtml
29
150
54
103
104
62
66
70
65
64
69
52
167
167
162
162
160
52
69
两学一做坚定理想信念传承红色基因综合新闻大工新闻网首页新闻图片视频报纸广播首页新闻综合新闻正文两学一做坚定理想信念传承红色基因电信学部组织优秀学生党员赴井冈山开展红色实践作者夏安飞来源电子信息与电气工程学部时间点击为纪念建党周年和红军长征胜利周年进一步深入开展两学一做学习教育月日至月日电子信息与电气工程学部党委组织五名优秀党员师生赴江西省井冈山开展为期一周的以坚定理想信念传承红色基因为主题的红色教育实践活动地处湘赣边界上的井冈山是中国革命的摇篮深藏着浓厚的革命情怀毛泽东朱德等领导人曾在此进行了两年零四个月艰苦卓绝的革命斗争在此点起的星星之火最终在中国的革命事业上形成了燎原之势本次主题教育实践活动旨在传承红色文化弘扬革命精神培育爱国情怀引导学生党员在实践中践行两学一做专题教育坚定理想信念在本次实践中全国青少年井冈山革命传统教育基地全国团干部教育培训基地安排了专题教育讲座月日中共江西省委党校罗惠兰教授为实践队员带来了井冈山精神与当代大学生的专题讲座罗老师深情并茂地讲述了井冈山斗争的历史和井冈山精神的形成过程在两年零四个月艰苦卓绝的井冈山革命斗争中形成了坚定信念艰苦奋斗实事求是敢闯新路依靠群众勇于胜利的井冈山精神当代大学生是祖国的未来民族的希望因此更应该深刻了解近代以来中国人民和中华民族不懈奋斗的光荣历史和伟大历程坚定不移跟着中国共产党走勇做走在时代前列的奋进者开拓者奉献者让青春在为祖国为人民为民族的奉献中焕发出绚丽光彩革命后代讲家风红色基因代代相传月日革命烈士后代刘松柏梁汉平老人为团队成员重温了当年红军革命战士们的英勇事迹和感人情怀无不让我们为之动容他们都是高干子弟但家风相当严谨梁汉平老师讲到当国家在他的父亲为国牺牲后给他发放烈属补助时他的母亲坚决要求他不能接受国家的补助的故事革命先烈的动人故事有千千万感人情怀有万万种他们在历史的长河里巨浪翻腾永不平息现场教学重温红色历史在一周的红色实践中团队先后前往小井红军医院小井红军烈士墓井冈山烈士陵园八角楼黄洋界等红色景点开展现场教学井冈山博物馆中从图片文字到影像记录再到文物雕像我们系统地了解了红军的奋斗史深切感受到了共产党人坚定的理想信念和艰苦奋斗的精神革命烈士陵园中我们迈着默契铿锵步伐踏上台阶献上花圈向烈士们三鞠躬默哀此刻每个队员的心灵都被革命烈士的信念和精神所撼动八角楼上毛泽东曾伴着微黄的灯光写下了井冈山的斗争与中国的红色政权为什么能够存在的光辉著作凝聚了伟人的革命热情点燃了中国革命的星星之火情景体验传承红色基因月日在开班式后团队成员参与了三湾改编的情景教学课堂上学员们以班级为单位按照三湾改编当时的历史情景进行重组选出班长和宣传卫生等委员并设计班旗班名和班训等并进行现场展示这不仅让队员了解了历史情景并学以致用更是体会到了共产党人的智慧和担当月日团队全体成员穿上红军服拿起长步枪挑起钱粮担登上黄洋界走过挑粮道进入农民家自做红军餐全程感受当年革命先辈的战斗生活情景通过这种切身体验队员深入了解了井冈山革命斗争的光荣历史感悟了井冈山精神以及老区军民深厚地鱼水情感悟精神争做合格党员一枝一叶总关情习近平总书记曾三上井冈山并指出井冈山时期留给我们最为宝贵的财富就是跨越时空的井冈山精神为结合实际开展两学一做学习教育团队在实践地自行组织开展学习习近平总书记在井冈山的重要讲话从叮嘱井冈山革命理想教育要坚持下去到寄语广大党员多接受红色基因教育行程万里不忘初心赓续红色基因夯实理想信念让红色传统薪火相传八角楼的灯光必能照亮我们的前行之路共和国的红色江山也必将血脉永续牢牢掌握在人民的手中滔滔赣江巍巍井冈在这片红色土地上以毛泽东为代表的中国共产党人点燃了革命的星星之火为中国革命开辟出一条成功之路培育出薪火相传的井冈山精神在井冈山革命烈士陵园和毛泽东故居团队举行了特别的重温入党誓词仪式勉励队员铭记党员身份坚定理想信念传承红色基因让井冈山精神放射出新的时代光芒井冈山是革命的山战斗的山也是英雄的山光荣的山年来一代代的共产党人从罗霄山脉出发凝聚在信仰的旗帜下奋斗在复兴的征程中书写了今天的中国奇迹不忘峥嵘岁月铭记先烈功勋队员们将在返校后向更多学生党员分享实践经历宣传井冈山精神电信学部党委也将以此为契机进一步深入推进两学一做学习教育责任编辑张平媛复制网址打印每日推荐校长郭东明到基层党支部讲党课中国科学报好故事救活思政课天健网大连理工大学讲好故事激活思政课第三届全国颗粒材料计算力学会议在大连理工大学召两学一做坚定理想信念传承红色基因我校在人类乳腺癌治疗策略的研究中取得新进展基于合金薄膜电极的高效电化学催化产氢取得实践在路上印象辽宁梦想中国心系辽东绿韵连第十一届工业爆炸与安全防护国际学术会议在大连召美国密歇根大学副校长胡仕新教授应邀作专题报告推荐视频钱令希诞辰百年纪录片发布预告年月日大工新闻学校隆重举行庆祝中国共产党成立周年大会为梦连理大连理工大学招生宣传片焦点图片毕业季校园里那抹亮色美女毕业生遇见特色学位服毕业季大学四年最遗憾的那些事毕业季最大工难忘凌工路号那件事大工建筑篇一你不得不知道的那些楼排行榜点击郭东明校长会见大连公交集团董事长孙明一行全国人工环境相关学科博士生导师研讨会在我校美国密歇根大学副校长胡仕新教授应邀作专题报我校再获辽宁省大学生电子设计竞赛最高奖实践在路上访江浙沪企业悟学思礼心得实践在路上深入企业了解发展前沿全面促第十一届工业爆炸与安全防护国际学术会议在大我校在耐酸沸石膜微观结构的设计与调控研究取实践在路上躬身企业行笃志中国梦关于进一步完善中央财政科研项目资金管理等第一页内容缓存全文内容缓存根据设置字体大小并初始化按钮请选择投票选项最多允许选项单页阅读分页阅读单页阅读分页阅读控制内容区域的的图片大小并为过大的图片添加查看原图复制网址复制链接成功被浏览器拒绝请在浏览器地址栏输入并回车然后将设置为复制链接成功改变字号小本文地址电话版权所有大连理工大学新闻中心
