http://news.dlut.edu.cn/article/2016/0809/68332.shtml
28
152
124
160
167
167
162
162
160
建设工程学部张鑫旺获学生竞赛团体第一名菁菁校园大工新闻网首页新闻图片视频报纸广播首页新闻菁菁校园正文建设工程学部张鑫旺获学生竞赛团体第一名来源建设工程学部时间点击日前建设工程学部土木工程学院赵雪峰教授指导的二年级硕士研究生张鑫旺同学参加了国际暑期学校并获学生竞赛团体第一名国际暑期学校由国际学术组织于年创立每年举办一次旨在培养结构防灾减灾领域未来的国际青年专家学者先后在日本东京大学中国同济大学印度韩国科学技术院中国国立台湾大学美国英国剑桥大学等国际知名大学举办参加人员主要为来自亚太地区及欧美国家的硕博研究生人数在人本次活动时间为期三周参与人数共人分别来自中国美国英国日本韩国意大利印度等国家由举办方组织进行多次学术讲座学习领域前沿研究内容并参与了月日至日在剑桥大学举行的国际会议莎士比亚故居班级合影围绕本次活动的主题学生分小组进行竞赛竞赛主要内容为利用分布式光纤传感器光纤光栅传感器及无线倾角传感器对荷载作用下的简支桁架结构变形破坏形态进行监测张鑫旺同学参加的竞赛小组经过几天的辛苦工作与团队紧密合作竞赛成果获得评委们的一致好评荣获竞赛第一名竞赛小组牛顿苹果树下合影左二为张鑫旺同学责任编辑张平媛复制网址打印每日推荐建设工程学部张鑫旺获学生竞赛团体第一名材料级校友返校暨奖学金签约仪式顺利举行海洋能源利用与节能教育部重点实验室召开学委会会我校再获辽宁省大学生电子设计竞赛最高奖杯实践在路上躬身企业行笃志中国梦全国人工环境相关学科博士生导师研讨会在我校召开实践在路上怀报国之志行实践之路做合格党我校在耐酸沸石膜微观结构的设计与调控研究取得新郭东明校长会见大连公交集团董事长孙明一行罗均炎同志逝世推荐视频钱令希诞辰百年纪录片发布预告年月日大工新闻学校隆重举行庆祝中国共产党成立周年大会为梦连理大连理工大学招生宣传片焦点图片毕业季校园里那抹亮色美女毕业生遇见特色学位服毕业季大学四年最遗憾的那些事毕业季最大工难忘凌工路号那件事大工建筑篇一你不得不知道的那些楼排行榜点击罗均炎同志逝世给科研人员松绑加油中办国办印发关于进一步完善中央财政科研郭东明校长会见大连公交集团董事长孙明一行我校在构建高性能锂离子电池负极材料研究取得学校组织召开科技成果研讨会大工代表队勇夺全国电子商务三创赛总决赛实践在路上赴渝见证传统制造业老树发新实践在路上走进企业长才干扬帆起航京津新兴电子商务的信息与物流管理教育部创新第一页内容缓存全文内容缓存根据设置字体大小并初始化按钮请选择投票选项最多允许选项单页阅读分页阅读单页阅读分页阅读控制内容区域的的图片大小并为过大的图片添加查看原图复制网址复制链接成功被浏览器拒绝请在浏览器地址栏输入并回车然后将设置为复制链接成功改变字号小本文地址电话版权所有大连理工大学新闻中心
