http://news.dlut.edu.cn/article/2016/0811/68563.shtml
29
150
69
52
108
109
167
167
162
162
160
52
第十一届工业爆炸与安全防护国际学术会议在大连召开综合新闻大工新闻网首页新闻图片视频报纸广播首页新闻综合新闻正文第十一届工业爆炸与安全防护国际学术会议在大连召开作者化工机械与安全学院来源化工与环境生命学部时间点击近日第十一届工业爆炸与安全防护国际学术会议在大连召开大连理工大学副校长宁桂玲教授出席开幕式并致辞会议由大连理工大学化工机械与安全学院主办中国科学技术大学火灾科学国家重点实验室北京理工大学爆炸科学与技术国家重点实验室清华大学航天航空学院中国矿业大学北京资源与安全工程学院协办波兰科学院院士教授南京工业大学副校长蒋军成教授中国科学技术大学火灾科学国家重点实验室副主任孙金华教授北京理工大学爆炸科学与技术国家重点实验室主任王成教授及来自全球个国家的多位工业爆炸领域专家参加本届会议开幕式由地区组委会主席大连理工大学校长助理毕明树教授主持副校长宁桂玲教授在致辞中向与会代表介绍了大连理工大学的发展概况希望此次会议能够进一步促进国内专家与国外同领域专家的学术交流和合作教授代表国际组委会致辞肯定了地区组委会在承办过程中的积极工作对广大学者提出秉承老一辈专家的创新思维和进取精神大力推动工业爆炸安全防护科学的发展现今工业爆炸事故频繁发生如何预防工业爆炸事故的发生降低工业爆炸危害保障人们生产生活安全已然成为工业安全领域的热点问题会议围绕热点问题设立个主题采用特邀报告和主题分组交流形式对目前工业爆炸机理及安全防护技术研究现状以及现阶段最需解决的关键问题进行探讨南京工业大学副校长蒋军成教授东北大学李刚教授英国利兹大学教授日本东京大学教授中国科学技术大学火灾科学国家重点实验室副主任孙金华教授及波兰华沙理工大学教授受邀作报告与会期间国际组委会成功换届由挪威主任博士任国际组委会主席新增大连理工大学化工机械与安全学院高伟副教授为国际组委会委员毕明树教授为委员并确定新的组委会章程及会议图标美国公司将承办第十二届工业爆炸与安全防护国际学术会议此次会议在组织模式和流程方面进行了一系列的探索与创新得到与会代表的普遍赞誉此次会议还得到大连理工大学国际化基金及王宽诚教育基金会的资助责任编辑吕东光相关阅读复制网址打印每日推荐第十一届工业爆炸与安全防护国际学术会议在大连召美国密歇根大学副校长胡仕新教授应邀作专题报告中国日报网大工思政课让课堂活起来人民网大连理工大学思政课案例教学法让课堂央广网在案例教学中找准坚定理想信念航向东北新闻网大连理工大学耐酸沸石膜微观结构关于进一步完善中央财政科研项目资金管理等政策实践在路上访江浙沪企业悟学思礼心得实践在路上软件师生赴美参加卓越联盟暑期项目实践在路上规划自我践知于行怀志报国推荐视频钱令希诞辰百年纪录片发布预告年月日大工新闻学校隆重举行庆祝中国共产党成立周年大会为梦连理大连理工大学招生宣传片焦点图片毕业季校园里那抹亮色美女毕业生遇见特色学位服毕业季大学四年最遗憾的那些事毕业季最大工难忘凌工路号那件事大工建筑篇一你不得不知道的那些楼排行榜点击郭东明校长会见大连公交集团董事长孙明一行全国人工环境相关学科博士生导师研讨会在我校学校组织召开科技成果研讨会我校再获辽宁省大学生电子设计竞赛最高奖美国密歇根大学副校长胡仕新教授应邀作专题报我校在耐酸沸石膜微观结构的设计与调控研究取实践在路上访江浙沪企业悟学思礼心得实践在路上躬身企业行笃志中国梦关于进一步完善中央财政科研项目资金管理等实践在路上软件师生赴美参加卓越联盟暑期第一页内容缓存全文内容缓存根据设置字体大小并初始化按钮请选择投票选项最多允许选项单页阅读分页阅读单页阅读分页阅读控制内容区域的的图片大小并为过大的图片添加查看原图复制网址复制链接成功被浏览器拒绝请在浏览器地址栏输入并回车然后将设置为复制链接成功改变字号小本文地址电话版权所有大连理工大学新闻中心
