http://news.dlut.edu.cn/article/2016/0726/68468.shtml
28
152
148
13
167
167
162
162
13
24
164
158
21
电信学部青年教师和学生参观革命纪念馆缅怀革命先烈菁菁校园大工新闻网首页新闻图片视频报纸广播首页新闻菁菁校园正文电信学部青年教师和学生参观革命纪念馆缅怀革命先烈作者程才来源电子信息与电气工程学部时间点击习总书记在七一讲话中强调全国广大青年要深刻了解近代以来中国人民和中华民族不懈奋斗的光荣历史和伟大历程坚定不移跟着中国共产党走勇做走在时代前列的奋进者开拓者奉献者让青春在为祖国为人民为民族的奉献中焕发出绚丽光彩为了响应习总书记的号召铭记党的历史缅怀革命先烈在实践中深入开展两学一做教育大连理工大学电信学部青年教师实践团于月日到中国华录集团有限公司和大连市红星村进行参观学习感受了革命先烈不畏牺牲英勇战斗的爱国主义精神学习了模范党员一腔热血埋头苦干积极投身社会主义建设的光辉事迹收获了一次难忘的爱国主义教育首先团队成员参观了中国华录集团有限公司中国华录集团有限公司是国务院国有资产监督管理委员会直接管理的中央企业总部设在大连分子公司分布在大连北京深圳郴州等地建有国家级技术研发中心和北京研究所深圳研究所等研发机构和国际国内营销网络老师和同学们参观了华录的许多完成的以及研发中的项目其中包含激光投影电视智能城市天网等之后华录公司的管理人员也与老师及同学们进行了座谈谈话中双方交流了很多就业以及科研合作方面的心得更加促进了华录公司与大连理工大学的校企合作关系随后队员们到大连市红星村革命纪念馆进行参观红星村得名于位为人民的解放民族的独立共和国的创建而南征北战功勋卓著的老将军纪念馆分为展室和报告厅两部分其中展室主要介绍了位老将军的肖像和简历介绍了他们从放牛娃到将军传奇人生的概略情况在战争年代不同时期叱咤疆场奋勇杀敌的感人故事以及在社会主义革命和建设时期捍卫国家安全狠抓部队三化建设发挥特殊作用的事迹也介绍了老将军们离休后老有所学老有所为老有所乐老有所养得晚年生活以及他们生死与共风雨同舟的夫人们的简要革命工作经历铭记历史缅怀先烈通过这次实践活动队员们感受了革命先辈英勇不屈不畏艰险敢打必胜的革命英雄主义精神体会了老一辈革命者为了新中国成立付出的重大牺牲回顾了中国共产党在领导中国革命走向胜利的光辉历程九十五年前中国共产党在嘉兴南湖的一条游船上成立二十多年后这个年轻的政党领导百万雄师推翻了国民党反动统治建立了人民当家作主的新中国今天我们收获的不仅是对英雄的崇高敬意更是对未来道路的慷慨激励责任编辑张平媛复制网址打印每日推荐电信学部青年教师和学生参观革命纪念馆缅怀革命先大工附校中考成绩再创历史新高学校召开研究生培养方案修订工作审定会教育部大连理工大学注重发挥社区文化育人功能大连日报从毕业决心书中传承红色基因两学一做机关党委让手抄党章真正内化于心第届全国青少年教育机器人奥林匹克竞赛在我校举两学一做放假不放松多项举措确保学习教育常能源与动力学院完成新一届党委换届及纪委成立选举组图从首届毕业生毕业决心书中传承红色基推荐视频钱令希诞辰百年纪录片发布预告年月日大工新闻学校隆重举行庆祝中国共产党成立周年大会为梦连理大连理工大学招生宣传片焦点图片毕业季校园里那抹亮色美女毕业生遇见特色学位服毕业季大学四年最遗憾的那些事毕业季最大工难忘凌工路号那件事大工建筑篇一你不得不知道的那些楼排行榜点击从首届毕业生毕业决心书中传承红色基因大连理工大学召开第三十五次学生代表大会群策群力抢抓机遇为大工吸引一流生源郭东明校长会见长兴岛经济区党工委书记杨广志大连理工大学获中国高校计算机大赛团队一等奖校党委书记王寒松在第三十五次学代会开幕式上机械工程学院完成新一届党委换届及纪委成立选我校多部影视作品在中国高校电视奖评选中斩获贯彻落实全面从严治党要求强化政治纪律和政中国地震局工程力学研究所所长孙柏涛受聘我校第一页内容缓存全文内容缓存根据设置字体大小并初始化按钮请选择投票选项最多允许选项单页阅读分页阅读单页阅读分页阅读控制内容区域的的图片大小并为过大的图片添加查看原图复制网址复制链接成功被浏览器拒绝请在浏览器地址栏输入并回车然后将设置为复制链接成功改变字号小本文地址电话版权所有大连理工大学新闻中心
