http://news.dlut.edu.cn/article/2016/0722/68350.shtml
27
152
167
167
162
162
31
22
24
164
物理学院开展社会工作奖学金打擂评审菁菁校园大工新闻网首页新闻图片视频报纸广播首页新闻菁菁校园正文物理学院开展社会工作奖学金打擂评审作者于尧来源物理与光电工程学院时间点击为奖励在学生社会工作及学生活动中有突出组织表现的学生干部同学月日下午学年物理与光电工程学院社会工作奖学金打擂评审大会在物理系楼顺利召开大珩班班主任等离子方向教授王正汹老师学院副书记兼副院长杨木老师班班主任光学方向教师王乔老师班班主任微电子方向教师张炳烨老师以及级辅导员梁勇老师担任评审会议由物理级辅导员纪丹红老师主持会议伊始为确保评选的公平公开公正本次评选答辩分为候选人自我展示评选委员会投票现场计票宣读统计结果四个环节每位候选人结合进行为时分钟的演讲他们从个人思想品德学习成绩社会工作经验心得等方面对自己的竞选理由进行阐述位候选人按既定顺序依次答辩在分钟内将自己顽强拼搏奋发向前的精神展现的淋漓尽致没有最好只有更好张洪泽同学用这句话来激励自己在优秀的路上砥砺向前而刘嘉言同学从细微处着手一件小事做好也是不平凡赢得了同学们的阵阵喝彩拥有各种荣誉的他们在光荣的背后更多的是不忘初心咬紧牙关满怀热忱的坚持李浥晨同学感慨室友是最亲的人他在自己所在的社团和部门找到了归属随后的范本澍同学也表示老师的鼓励与同学的信任是对自己最大的支持出众的学习成绩出彩的竞赛名次丰富的实践经历他们向与会师生展示出自己最优秀的一面自信的笑容飞扬的神采给老师们留下了深刻的印象评委老师在对他们的荣誉充分认可的同时也对其中的些许不足提出改进意见并送上对同学们的祝福打擂结束后纪丹红给予每一位同学鼓励并就同学们的表现提出了宝贵的建议表达了对在场同学高度的期望和美好的祝愿责任编辑张平媛复制网址打印每日推荐物理学院开展社会工作奖学金打擂评审学习贯彻王寒松书记重要讲话精神团结带领青年学大连理工大学应邀赴美参加微软研究院高峰论坛中国高校之窗大连理工大学教师获全国水利学科中国高校之窗大连理工大学邱介山教授学术团队中国科学报大连理工举行钱令希院士百年诞辰纪东北新闻网大连理工大学从毕业决心书中中国地震局工程力学研究所所长孙柏涛受聘我校兼职援梦专列让大工人彼此传递温暖基于移动互联网的课堂教学模式创新研讨会在连推荐视频钱令希诞辰百年纪录片发布预告年月日大工新闻学校隆重举行庆祝中国共产党成立周年大会为梦连理大连理工大学招生宣传片焦点图片毕业季校园里那抹亮色美女毕业生遇见特色学位服毕业季大学四年最遗憾的那些事毕业季最大工难忘凌工路号那件事大工建筑篇一你不得不知道的那些楼排行榜点击机械工程学院新教学楼开工建设钱令希诞辰百年纪录片发布预告中国工程院院士陈政清受聘大连理工大学兼职教钱令希院士诞辰百年春风化雨润物无声钱令希院士诞辰百年宝贵的精神财富永恒群策群力抢抓机遇为大工吸引一流生源大连理工大学召开第三十五次学生代表大会郭东明校长会见长兴岛经济区党工委书记杨广志机械工程学院完成新一届党委换届及纪委成立选钱令希院士诞辰百年让钱令希精神鼓舞我们第一页内容缓存全文内容缓存根据设置字体大小并初始化按钮请选择投票选项最多允许选项单页阅读分页阅读单页阅读分页阅读控制内容区域的的图片大小并为过大的图片添加查看原图复制网址复制链接成功被浏览器拒绝请在浏览器地址栏输入并回车然后将设置为复制链接成功改变字号小本文地址电话版权所有大连理工大学新闻中心
