http://news.dlut.edu.cn/article/2016/0715/68002.shtml
29
152
75
167
167
162
162
145
163
机械工程学院举办年全国优秀大学生学术夏令营菁菁校园大工新闻网首页新闻图片视频报纸广播首页新闻菁菁校园正文机械工程学院举办年全国优秀大学生学术夏令营作者张晓峰来源机械工程学院时间点击七月的大连骄阳似火四处洋溢着挥洒不去的热情七月的大连理工大学机械工程学院迎来了新一批怀揣梦想的莘莘学子来自全国各地所高水平高校的名机械类专业的优秀大学生因机械工程学院学术夏令营活动相聚大工月日上午时分机械工程学院年全国优秀大学生学术夏令营在研教楼报告厅正式开幕学校党委常委副校长贾振元教授机械工程学院院长孙伟教授机械工程学院党委书记辽宁重大装备制造协同创新中心常务副主任康旭东教授副院长刘冲教授以及机械工程学院各实验所负责人共同出席了开幕式开幕式由机械工程学院研究生工作助理张晓峰老师主持贾振元代表学校向来自全国各地的营员致以热烈的欢迎并向各位营员介绍了大连理工大学的历史沿革和发展特色他表示大工建校周年是历史悠久的最著名的四大工学院之一学校强调内涵式发展在教育上主张以科研为载体去培养真正的社会需要的人才他相信大工优越的地理位置深厚的文化底蕴以及优良的学术氛围会是大家继续深造的很好的选择在学在大工的优良传统下实现自己的科研梦贾校长的致辞生动幽默让所有营员深切的感受到了学校的热情也消除了初到大工的忐忑激发了参与夏令营的兴趣随后机械工程学院院长孙伟教授从师资队伍科研机构学科建设科学研究人才培养就业情况等方面介绍了学院的整体情况让所有营员对学院有了全方位的认识最后机械工程学院各实验所负责人分别就本所目前的研究方向师资队伍科研项目及获得成果进行了详细介绍为各营员选择未来的研究方向和意向导师提供了精确的参考为了让夏令营营员更加直观深入和全面地了解我校及学院情况日下午全体营员集中参观了我校校史馆及各专业实验室在校史馆广大营员感受了大工的历史沿革及人文情怀对学校近些年来的快速发展以及取得的成果表示赞叹随后营员们来到学院在精密与特种加工教育部重点实验室等四个实验室等进行了参观参观过程中营员们热情高涨兴趣浓厚不断向讲解老师进行提问交流在参观与讲解中所有营员直观的感受了解了学院的科研环境和硬件水平对未来到大工机械学院深造又多了几分期许月日上午专家学术报告以及优秀研究生经验介绍在研教楼报告厅举行国家青年千人计划也是机械工程学院最年轻的教授宋学官老师以自己的成长经历做了一场非学霸的研究之路的主题报告宋教授生动励志的讲解了自己一路的科研奋斗经历给所有营员指明了奋斗方向随后优秀博士生代表马鑫同学优秀研究生代表张景奇同学分别讲述了他们在科研学习生活在大工的经历并向广大营员传授自己当初坚定的选择大工的理由最后在分组交流环节副院长刘冲教授和张晓峰老师对同学们提出的疑惑一一解答月日下午为给所有营员创造充分的交流机会学院安排所有导师与夏令营营员进行见面交流营员们与自己的意向导师就科研方向课题组情况及研究生招生情况等问题进行了充分的沟通为了让夏令营营员更好的了解大连这座美丽的城市学院安排了游览大连市活动在张晓峰老师及部分研究生会同学的带领下先后游览了东港区域星海广场和滨海路沿线不仅使营员们领略了大连独特的风光更加加深了营员们相互间的友谊对大连理工大学的周边环境有了进一步的了解月日上午所有营员参与了学院组织的面试考核面试考核的结束也标志着本次夏令营活动圆满收官本次夏令营旨在促进全国各高校优秀大学生之间的交流与互动同时吸引更多的优秀大学生同学们通过参与夏令营过程中组织的形式多样的活动更加深入直观的感受大连理工大学的师资情况科研实力培养政策校园文化和生活环境短暂的夏令营之行让同学们收获了情谊留下了美好回忆增强了同学们在未来报考大工机械学院的信心也将大工及机械学院的良好形象传播到祖国的四面八方责任编辑张平媛复制网址打印每日推荐机械工程学院举办年全国优秀大学生学术夏令营学校召开研究生培养方案修订工作评审会大工余名师生吹响暑期实践出征号角盘锦校区第三届全国优秀大学生学术夏令营闭幕我校年迎新工作暨假期安全稳定布置会顺利召开学风建设创新成长任务深化特色育人大连晚报大工教授又获奖半岛晨报大连是有文化魅力的城市辽宁日报我省两个科技创新重大专项填补国内空腾讯大辽网辽宁各大学实力排行榜出炉大连理推荐视频钱令希诞辰百年纪录片发布预告年月日大工新闻学校隆重举行庆祝中国共产党成立周年大会为梦连理大连理工大学招生宣传片焦点图片毕业季校园里那抹亮色美女毕业生遇见特色学位服毕业季大学四年最遗憾的那些事毕业季最大工难忘凌工路号那件事大工建筑篇一你不得不知道的那些楼排行榜点击落实十三五发展规划推动学校发展实现新基建进行时学校基本建设正在加紧推进中为母校成就自豪助母校实现腾飞年青少年高校科学营大连理工大学分营开营我校论文被计算机视觉及模式识别领域国际顶尖大连理工大学援梦专列再次启程郭东明校长应邀出席中俄大学校长峰会并作主题切实做好本科招生录取工作为学校选拔优质生大连理工大学附属学校举行届学生毕业典礼王立鼎院士与两岸学子分享科研历程第一页内容缓存全文内容缓存根据设置字体大小并初始化按钮请选择投票选项最多允许选项单页阅读分页阅读单页阅读分页阅读控制内容区域的的图片大小并为过大的图片添加查看原图复制网址复制链接成功被浏览器拒绝请在浏览器地址栏输入并回车然后将设置为复制链接成功改变字号小本文地址电话版权所有大连理工大学新闻中心
