http://news.dlut.edu.cn/article/2016/0714/67907.shtml
28
152
77
33
80
167
167
162
162
145
163
建筑材料研究所师生赴大连三川集团参观实习菁菁校园大工新闻网首页新闻图片视频报纸广播首页新闻菁菁校园正文建筑材料研究所师生赴大连三川集团参观实习作者孙延杰来源建设工程学部时间点击月日由建筑材料研究所王宝民教授带队建筑材料研究所部分师生来到大连三川建设集团股份有限公司进行参观实习大连三川建设集团股份有限公司始建于年至今已有余年的历史拥有员工余人企业前身是辽宁省普兰店市建筑工程总公司总部位于大连市普兰店区旗下产业已涉足工程建筑房屋开发物业管理物资供应土石方工程劳务服务家政服务清洁服务信息咨询产业园区等多个领域本次实习参观的是三川集团旗下的构件厂主要为装配式建筑生产预制构件所谓装配式建筑就是用预制的构件在工地装配而成的建筑其优点是建造速度快受气候条件制约小节约劳动力及提高建筑质量等构件厂孙厂长带领大家参观了预制构件的生产车间详细介绍了预制屋面板的生产流程并且和大家交流了生产过程中的相关细节随后孙厂长通过预制的样板房和其他产品样板直观的向同学们介绍了装配式建筑的特点参观过后由田总经理和厂中的技术人员向师生们讲解了装配式建筑的相关政策具体知识以及未来的发展趋势随后双方进行了就装配式建筑的相关问题进行了交流和探讨通过本次参观实习同学们走出课堂丰富了视野拓宽了知识面对装配式建筑的生产流程以及建筑行业的发展有了一定认识为实现理论学习与实际应用相结合打下了基础责任编辑张平媛复制网址打印每日推荐建筑材料研究所师生赴大连三川集团参观实习建艺学院举行筑梦艺行社会实践团成立仪式副校长朱泓率团访问白俄罗斯国立大学推进两校合作建党周年王立鼎院士与两岸学子分享科研历程我校论文被计算机视觉及模式识别领域国际顶尖期刊两学一做盘锦校区党工委召开专题二学习研讨会东北新闻网年青少年高校科学营大连理工大打造多元化精英咨询团队开拓招生宣传工作新局面央广网大连理工大学位院士指导名少年工程推荐视频钱令希诞辰百年纪录片发布预告年月日大工新闻学校隆重举行庆祝中国共产党成立周年大会为梦连理大连理工大学招生宣传片焦点图片毕业季校园里那抹亮色美女毕业生遇见特色学位服毕业季大学四年最遗憾的那些事毕业季最大工难忘凌工路号那件事大工建筑篇一你不得不知道的那些楼排行榜点击落实十三五发展规划推动学校发展实现新校友许宪平调任通用技术集团董事长基建进行时学校基本建设正在加紧推进中大连理工大学校友会新增国际化成员加强马克思主义学院建设培养信仰坚定的优秀郭东明校长应邀出席中俄大学校长峰会并作主题为母校成就自豪助母校实现腾飞大连理工大学附属学校举行届学生毕业典礼大连理工大学援梦专列再次启程年青少年高校科学营大连理工大学分营开营第一页内容缓存全文内容缓存根据设置字体大小并初始化按钮请选择投票选项最多允许选项单页阅读分页阅读单页阅读分页阅读控制内容区域的的图片大小并为过大的图片添加查看原图复制网址复制链接成功被浏览器拒绝请在浏览器地址栏输入并回车然后将设置为复制链接成功改变字号小本文地址电话版权所有大连理工大学新闻中心
