http://news.dlut.edu.cn/article/2016/0712/67859.shtml
28
152
79
167
167
162
162
145
数学学院举办年全国优秀大学生数学学术夏令营菁菁校园大工新闻网首页新闻图片视频报纸广播首页新闻菁菁校园正文数学学院举办年全国优秀大学生数学学术夏令营作者数学学院来源数学科学学院时间点击月日上午年全国优秀大学生数学学术夏令营在研究生教学楼报告厅正式拉开帷幕经过报名选拔来自全国各地二十余所及工程重点高校的五十多名营员在数百名报名者中脱颖而出出于对数学专业的热爱和对大工的向往让他们来到了这里开始了数学学业夏令营的体验数学科学学院院长卢玉峰教授研究生院副院长张吉礼教授数学科学学院副院长李崇君教授副院长于化东及学院各研究所所长出席本次开营仪式本次夏令营内容充实形式活泼安排了开营仪式讲座报告综合测试实践考察等在开营仪式上院长卢玉峰教授向各位来到我校的优秀大学生表示欢迎并从多方面多角度阐述了数学对于社会发展和个人发展的重要作用以及数学研究所具有的价值研究生院副院长张吉礼教授介绍了我校数学研究的领先地位学科优势和丰厚成果他引用习主席的讲话不忘初心继续前进来鼓励同学们思考今后的目标和方向坚定自己的理想用自己的拼搏和汗水为大学生活画上完美的句号副院长李崇君教授详细介绍了数学科学学院的概况优势和特色让同学们了解了在我院学习的机遇与挑战同时也展现了数学学院的风采和浓厚学风王毅教授以组合的艺术为题深入浅出地向同学们介绍了组合数学的主要内容并鼓励同学们培养对组合数学研究的热爱李风泉教授庞丽萍教授刘秀平教授王颖副教授王晓光副教授分别对各个二级学科的研究方向与成果师资队伍就业状况进行了详细的介绍让同学们更充分地了解了各学科情况和自己今后的发展方向在综合测试中数学科学学院安排了笔试面试环节在组织营员填报志愿过程中学院充分尊重营员志愿进行录取和调剂工作并最终发放接收函此次综合测试让营员们深切的感受到了大连理工大学治学严谨学风浓郁的学术氛围也让自己对今后的学习科研方向更加坚定明确本次夏令营数学科学学院安排了校园参观海边漫步夜景观光等内容在校园参观环节中全体营员参观了校园和校史馆了解了我校悠久的历史体会了我校优良的教学生活环境在夜景观光环节中学院安排营员们进行了市内的夜景观光观赏了海滨城市大连美丽的大海和宜人的风景大家纷纷拍照留念近年来数学科学学院不断探索人才培养的新途径并把提高研究生生源质量作为重要突破口学院希望通过举办优秀大学生数学学术夏令营等形式吸引全国更多的优秀大学生走进大连理工大学了解大连理工大学数学科学学院宣传大连理工大学数学科学学院进一步探索研究生招生的有效形式扩大自身影响优化生源结构提高生源质量责任编辑张平媛复制网址打印每日推荐数学学院举办年全国优秀大学生数学学术夏令营建设工程学部校友田熹东来校作创新创业报告人民网大连理工大学后国防毕业生主动申请到天健网大连理工后国防毕业生主动申请去大连晚报大工后优秀国防毕业生毕业选择大连晚报大工教师获日本水环境学会年度技术奖中国科学报大连理工青岛新能源材料技术研中国科学报大连理工砒砂岩改性技术通过鉴定两学一做真学真思真懂真信真做建党周年机械工程学院召开庆祝大会推荐视频钱令希诞辰百年纪录片发布预告年月日大工新闻学校隆重举行庆祝中国共产党成立周年大会为梦连理大连理工大学招生宣传片焦点图片毕业季校园里那抹亮色美女毕业生遇见特色学位服毕业季大学四年最遗憾的那些事毕业季最大工难忘凌工路号那件事大工建筑篇一你不得不知道的那些楼排行榜点击钱令希院士诞辰百年系列纪念活动将掀高潮校友许宪平调任通用技术集团董事长基建进行时学校基本建设正在加紧推进中大连理工大学校友会新增国际化成员严守党的政治纪律和政治规矩做政治上的明白落实十三五发展规划推动学校发展实现新王凤海校友出任大商所党委副书记总经理中组部人才工作局领导来校看望千人计划加强马克思主义学院建设培养信仰坚定的优秀郭东明校长应邀出席中俄大学校长峰会并作主题第一页内容缓存全文内容缓存根据设置字体大小并初始化按钮请选择投票选项最多允许选项单页阅读分页阅读单页阅读分页阅读控制内容区域的的图片大小并为过大的图片添加查看原图复制网址复制链接成功被浏览器拒绝请在浏览器地址栏输入并回车然后将设置为复制链接成功改变字号小本文地址电话版权所有大连理工大学新闻中心
