http://news.dlut.edu.cn/article/2016/0712/67853.shtml
29
152
33
80
163
167
167
162
162
145
163
软件学院圆满完成江苏福建及大连金州开发区招生宣传菁菁校园大工新闻网首页新闻图片视频报纸广播首页新闻菁菁校园正文软件学院圆满完成江苏福建及大连金州开发区招生宣传作者王华夏来源软件学院时间点击月日至月日软件学院学生工作办公室在校招生就业处的指导下合理宣传策略和路线安排共计派出老师位赴江苏福建及金州开发区地区进行招生宣传走访省市参加高招会场走访和参加高中咨询会余所圆满完成本年招生宣传工作一精准定位目标明确加强招生宣传工作针对性区域差异详细分析制定针对方案各个击破学院认真总结梳理在保障常规工作高质量的同时制定更具针对的招生宣传策略金州新区生源集中以巩固两所基地校为重点江苏是素质教育大省优质考生较为分散以地市级咨询会为重心福建东西部教育资源分布不均以东部沿海城市为突破高招咨询全面参与扩大辐射区域以点带面咨询会作为各个中学优质生源的辐合点对吸引优质考生报考起着至关重要的作用学院合理调配人员共计参加大型高招会场最大限度地参与大型招生咨询悉心为考生和家长服务招生宣传组老师从学校概况招生政策专业介绍招生信息等方面对我校进行了大力宣传同时结合学校实际和历年录取情况就考生及家长关心的专业设置历年投档线生活条件毕业生未来发展前景等问题逐一作了回复很多家长对招生宣传的老师热情耐心细致的解答给予真诚的感谢优质高中重点关注加强交流合作事半功倍学院高度重视与责任区内优质生源基地校的沟通与联系在本次招生宣传中软件学院共走访了所生源基地校进一步了解了福建省高考情况以及高中的诉求拉近了我校与福建优秀生源高中的距离有利于提升报考我校的人数和质量也为下一步招生工作的开展奠定了良好的基础在走访生源基地校的同时积极参与负责区域内重点高中的咨询会余场其中常熟高级中学主动申请加入我校生源基地校二精心策划队伍强化保障招生宣传过程高效性顶层设计持续贯彻落实一把手工程学院继续切实贯彻学校招生区域责任制相关文件精神积极落实一把手工程由院长书记带队领导班子全员参与通过班子会将招生宣传工作内容作为主要讨论议题提供支持解决困难党委书记胡安妮老师亲自参加了月日于大连理工大学举办的校园开放日活动全程为考生答疑解惑积极动员不断优化招生宣传队伍组成学院招生宣传队伍建设逐年规范成立招生宣传工作领导小组继续以学院学生工作办公室为主体组建招生宣传工作小组热情接纳来自其他兄弟院系的招生宣传力量同时鼓励本院教职工积极参与组成人的招生宣传团队同时充分发挥学生生源地优势吸纳一大批招生信息员形成专兼结合多元交融的的人员组织模式挖掘资源继续发挥宣传区域校友力量学院充分借助校友力量拓展招生宣传在招生宣传期间得到了江苏福建各地校友分会的大力支持余位校友的倾情加入也成为招生宣传过程中的活招牌开拓渠道积极重视新媒体宣传效果在招生宣传的过程中积极借助宣传平台及时有效的推送江苏福建等地的宣传信息做到及时预告让考生及家长有的放矢同时通过微博微信等新媒拓展招生宣传维度完善在去年建立的微信公众号大工招生江苏宣传组和大工福建招生宣传组实时更新大工的招生宣传情况做到每日更新并通过官方微博在朋友圈内形成广泛影响三精诚服务及时反馈重视招生宣传咨询持续性以考生为本招生宣传人性服务招生过程中坚持以考生为本的原则招生人员通过培训熟习招生政策采用邮箱电话微信等多渠道为考生答疑解难对于高分考生有意愿报考我校考生及时登录在案共计登陆意向考生人对工作反馈招生宣传有始有终学院清楚认识总结和沉淀的重要性在招生宣传工作结束后与月日以总结会议形式认真梳理招生过程中发现的问题有借鉴和参考意义的信息将及时反馈给学校招生就业处同时总结自身的工作安排和宣传进行中的纰漏和不足为年的工作打下基础至此软件学院江苏福建及大连金州开发区招生宣传工作圆满结束未来软件学院继续加强招生工作的学习和研究积极制定新一年的研究方向以期进一步提升招生宣传的能力和水平责任编辑张平媛复制网址打印每日推荐副校长朱泓率团访问白俄罗斯国立大学推进两校合作建党周年王立鼎院士与两岸学子分享科研历程我校论文被计算机视觉及模式识别领域国际顶尖期刊两学一做盘锦校区党工委召开专题二学习研讨会东北新闻网年青少年高校科学营大连理工大打造多元化精英咨询团队开拓招生宣传工作新局面央广网大连理工大学位院士指导名少年工程人民网年青少年高校科学营大连理工大学分年青少年高校科学营大连理工大学分营开营推荐视频钱令希诞辰百年纪录片发布预告年月日大工新闻学校隆重举行庆祝中国共产党成立周年大会为梦连理大连理工大学招生宣传片焦点图片毕业季校园里那抹亮色美女毕业生遇见特色学位服毕业季大学四年最遗憾的那些事毕业季最大工难忘凌工路号那件事大工建筑篇一你不得不知道的那些楼排行榜点击落实十三五发展规划推动学校发展实现新校友许宪平调任通用技术集团董事长基建进行时学校基本建设正在加紧推进中大连理工大学校友会新增国际化成员加强马克思主义学院建设培养信仰坚定的优秀郭东明校长应邀出席中俄大学校长峰会并作主题为母校成就自豪助母校实现腾飞大连理工大学附属学校举行届学生毕业典礼大连理工大学援梦专列再次启程年青少年高校科学营大连理工大学分营开营第一页内容缓存全文内容缓存根据设置字体大小并初始化按钮请选择投票选项最多允许选项单页阅读分页阅读单页阅读分页阅读控制内容区域的的图片大小并为过大的图片添加查看原图复制网址复制链接成功被浏览器拒绝请在浏览器地址栏输入并回车然后将设置为复制链接成功改变字号小本文地址电话版权所有大连理工大学新闻中心
