http://news.dlut.edu.cn/article/tongzhi/1.shtml
85
147
149
150
152
151
155
154
153
156
157
165
166
16
10
15
155
154
153
156
157
165
166
16
10
15
17
19
20
14
82
83
85
89
84
87
88
90
97
83
167
167
162
162
117
112
113
143
通知大工新闻网每日推荐字体大小设置清除背景颜色效果边框清除栏目内容文字居左设置调整宽度是注意对应左边栏文字居左设置导航目录颜色调整设置宣传部站群海燕网星海夜话手机版新闻线索预约采访会员投稿留言板学校要闻综合新闻菁菁校园新闻聚焦校园视点信息预告媒体大工领导论坛大工人物校友之声学术动态大工往事部院风采合作交流专题新闻校园视点信息预告媒体大工领导论坛大工人物校友之声学术动态大工往事部院风采合作交流专题新闻精彩瞬间光影四季人文艺术校史钩沉第一时间大工新闻在你身边专题报道校园文艺校园拍客今日大工大工讲坛关于团队校史故事品学校园文艺校园拍客今日大工大工讲坛关于团队校史故事品学十七点播报广播台新闻节目综艺节目外文节目专题节目广播剧下载首页新闻信息预告通知关于举办党中央治国理政新理念新思想新战略有奖知识竞赛的通知年月日大工讲坛引力波探测中国空间太极计划年月日文苑第期嘉年华定制版瑰丽民艺华韵手工年月日文苑第期以文化的视角论百家讲坛的成功与失败年月日管理讲堂严峻形势考验下传统企业的坚守与突破年月日大连理工大学附属学校小学新生入学通知年月日文苑第期古韵今风国粹传承年月日关于举行大工讲坛报告会的通知年月日关于参加大连讲坛白春礼院士报告会的通知年月日大工讲坛信息化与制造业的深度融合中国制造年月日光阴的故事届毕业生献礼大工大学生活主题摄影作品征集年月日校园文化节关于举办第七届校园文化节开幕式暨辽宁歌舞团原创舞剧梅兰芳的通知年月日大工讲坛新婚姻法热点问题解析年月日我遇大工作品征集启事年月日文苑第期漫话诗词文化与吟唱表达年月日文苑第期琴箫何来玉笛引声年月日大连理工大学新媒体联盟培训讲座第一期年月日大工讲坛四个全面战略布局解读年月日大工文化宣传服务队系列活动美丽青春校园行年月日关于举行学校第十三次党代会精神学习辅导报告会的通知年月日上一页下一页每日推荐央广网大连理工大学为党员精选礼物助推央广网大连理工大学研究生党员三个对接大辽网辽宁各大学实力排行榜出炉大连理工问文化文学历史与记忆国际学术研讨会在我校关于举办党中央治国理政新理念新思想新战略有钱令希院士诞辰百年胡文瑞院士做客大工讲坛两学一做向原著学向传统学向老党员学建设工程学部召开本科生培养方案论证会人文学部举行届毕业生学位授予仪式暨毕业典礼建党周年把心交给学生的良师推荐视频钱令希诞辰百年纪录片发布预告年月日大工新闻学校隆重举行庆祝中国共产党成立周年大会为梦连理大连理工大学招生宣传片焦点图片毕业季校园里那抹亮色美女毕业生遇见特色学位服毕业季大学四年最遗憾的那些事毕业季最大工难忘凌工路号那件事大工建筑篇一你不得不知道的那些楼排行榜点击大工欢迎你你的大工你定义毕业晚会散场离歌时却难说再见在现场图说庆祝中国共产党成立周年大会坚持党的领导加强党的建设为全面推进特色学校领导与毕业生共进午餐情浓意切送祝福毕业文化衫连理同心专属研究生的温暖记我校与中科院联合培养的首届华罗庚班学子顺利爱尚大工学校举行年本科招生咨询会届毕业晚会华美落幕校党委书记王寒松在全校庆祝中国共产党成立电话版权所有大连理工大学新闻中心
