http://news.dlut.edu.cn/article/2016/0629/67538.shtml
29
82
83
113
167
167
162
162
117
112
113
143
关于举办党中央治国理政新理念新思想新战略有奖知识竞赛的通知通知大工新闻网首页新闻图片视频报纸广播首页新闻信息预告通知正文关于举办党中央治国理政新理念新思想新战略有奖知识竞赛的通知来源宣传部新闻中心时间点击为纪念中国共产党成立周年学习宣传以习近平同志为总书记的党中央治国理政新理念新思想新战略校党委宣传部决定在全校范围内开展党中央治国理政新理念新思想新战略有奖知识竞赛现将活动事宜通知如下一活动对象全校师生员工二参与方式本次知识竞赛采用微信答题方式关注大工微理论微信公众平台微信号点击有奖竞答或直接输入有奖竞答即可参与答题答题前需输入学号教工号和姓名每人只有一次答题机会三参考书目习近平总书记系列重要讲话读本年版四活动时间月日时月日时五奖品设置本次知识竞赛设一二三等奖及参与奖凡答题者均有机会参与抽奖获奖名单将在大工微理论微信公众平台公布欢迎全校师生员工积极参加请各二级党组织认真做好答题组织工作活动咨询电话责任编辑张平媛复制网址打印每日推荐关于举办党中央治国理政新理念新思想新战略有钱令希院士诞辰百年胡文瑞院士做客大工讲坛两学一做向原著学向传统学向老党员学建设工程学部召开本科生培养方案论证会人文学部举行届毕业生学位授予仪式暨毕业典礼建党周年把心交给学生的良师严守政治纪律和政治规矩围绕学部发展履职尽责建党周年以党建品牌为引领建设学习型服务组图在现场图说庆祝中国共产党成立周年大毕业季属于机械学子的独家机忆推荐视频钱令希诞辰百年纪录片发布预告年月日大工新闻学校隆重举行庆祝中国共产党成立周年大会为梦连理大连理工大学招生宣传片焦点图片毕业季校园里那抹亮色美女毕业生遇见特色学位服毕业季大学四年最遗憾的那些事毕业季最大工难忘凌工路号那件事大工建筑篇一你不得不知道的那些楼排行榜点击大工欢迎你你的大工你定义毕业晚会散场离歌时却难说再见大连理工大学届毕业典礼暨学位授予仪式隆在现场图说庆祝中国共产党成立周年大会坚持党的领导加强党的建设为全面推进特色学校领导与毕业生共进午餐情浓意切送祝福毕业文化衫连理同心专属研究生的温暖记我校与中科院联合培养的首届华罗庚班学子顺利爱尚大工学校举行年本科招生咨询会届毕业晚会华美落幕第一页内容缓存全文内容缓存根据设置字体大小并初始化按钮请选择投票选项最多允许选项单页阅读分页阅读单页阅读分页阅读控制内容区域的的图片大小并为过大的图片添加查看原图复制网址复制链接成功被浏览器拒绝请在浏览器地址栏输入并回车然后将设置为复制链接成功改变字号小本文地址电话版权所有大连理工大学新闻中心
