http://news.dlut.edu.cn/article/2016/0621/67374.shtml
29
82
85
167
167
162
162
131
大工讲坛引力波探测中国空间太极计划通知大工新闻网首页新闻图片视频报纸广播首页新闻信息预告通知正文大工讲坛引力波探测中国空间太极计划时间点击为纪念钱令希院士诞辰一百周年进一步活跃校园学术文化氛围提升师生科学素养帮助师生了解有关引力波探测的最新研究进展学校特邀请中国科学院院士国际宇航科学院院士中国科学院力学研究所胡文瑞研究员做客大工讲坛现将报告会相关安排通知如下报告主题引力波探测中国空间太极计划主讲人胡文瑞院士时间年月日周一下午地点主楼第一报告厅要求参会人员提前五分钟入场手机消音欢迎全校师生踊跃参加胡文瑞院士简介胡文瑞年出生于上海年毕业于北京大学数学力学系流体力学专业大学毕业后在中国科学院力学研究所从事流体力学研究工作至今曾师从郭永怀教授年被聘为研究员博士生导师年当选中国科学院院士年当选国际宇航科学院院士胡文瑞院士长期从事流体力学研究在磁流体力学宇宙流体力学和微重力流体力学方面有突出学术贡献曾应邀在美国日本香港等地作访问教授在许多重要国际会议上作邀请报告组织最近发射的实践号返回式微重力卫星研究计划现为中国科学院太极计划负责人相关阅读复制网址打印每日推荐大工讲坛引力波探测中国空间太极计划两学一做进驻研究生社区推动学习教育深入基忆生所爱壹陆有你软件学院届毕业日纪实两学一做马克思主义学院开展基层党支部书记集两学一做机械党委创新开展两学一做众筹两学一做纪念建党周年爱国爱党爱人民保卫两学一做坚定理想信念提高党性觉悟建设平安校园警校联动返还失窃物品海力网年守护青年学子成长的知心人人民网杨雪岩守护青年学子成长的知心人推荐视频钱令希诞辰百年纪录片发布预告年月日大工新闻学校隆重举行庆祝中国共产党成立周年大会为梦连理大连理工大学招生宣传片焦点图片毕业季校园里那抹亮色美女毕业生遇见特色学位服毕业季大学四年最遗憾的那些事毕业季最大工难忘凌工路号那件事大工建筑篇一你不得不知道的那些楼排行榜点击我们毕业了返校日组图凝聚校友情怀的温情瞬间卓越大学联盟高校名青年教师在大工比拼教郑州航空工业管理学院校长李勇一行访问我校做学习遵守党章的模范做严守党规党纪的表率紧抓机遇直面挑战统筹推进学校双一流大连理工大学首届校友返校日圆满举行盘锦校区第二届校园文化节盛装启幕中国科学院院士赵东元教授受聘我校兼职教授大工人物陈晓晖因为热爱所以坚守第一页内容缓存全文内容缓存根据设置字体大小并初始化按钮请选择投票选项最多允许选项单页阅读分页阅读单页阅读分页阅读控制内容区域的的图片大小并为过大的图片添加查看原图复制网址复制链接成功被浏览器拒绝请在浏览器地址栏输入并回车然后将设置为复制链接成功改变字号小本文地址电话版权所有大连理工大学新闻中心
