http://news.dlut.edu.cn/article/jiangzuo/1.shtml
82
147
149
150
152
151
155
154
153
156
157
165
166
16
10
15
155
154
153
156
157
165
166
16
10
15
17
19
20
14
86
92
91
94
93
101
98
99
95
113
167
167
162
162
117
112
143
113
讲座大工新闻网每日推荐字体大小设置清除背景颜色效果边框清除栏目内容文字居左设置调整宽度是注意对应左边栏文字居左设置导航目录颜色调整设置宣传部站群海燕网星海夜话手机版新闻线索预约采访会员投稿留言板学校要闻综合新闻菁菁校园新闻聚焦校园视点信息预告媒体大工领导论坛大工人物校友之声学术动态大工往事部院风采合作交流专题新闻校园视点信息预告媒体大工领导论坛大工人物校友之声学术动态大工往事部院风采合作交流专题新闻精彩瞬间光影四季人文艺术校史钩沉第一时间大工新闻在你身边专题报道校园文艺校园拍客今日大工大工讲坛关于团队校史故事品学校园文艺校园拍客今日大工大工讲坛关于团队校史故事品学十七点播报广播台新闻节目综艺节目外文节目专题节目广播剧下载首页新闻信息预告讲座创业与风险投资市场实战经验分享会讲座年月日亚洲共同体主题讲座暨亚洲财团卓越学术贡献奖学金颁奖仪式年月日管经学部邀请亚洲一体化基金理事长佐藤洋治先生做讲座年月日辽宁省好记者讲好故事报告团巡回报告大工专场年月日炎黄文化与中华民族伟大复兴年月日党报记者进校园系列讲座第四讲新闻策划从哪儿开始年月日大工微访谈央视新闻中心主任编辑王阳走进大工年月日党报记者进校园第三讲用冷静语言讲有温度的观点年月日敬请关注党报记者进校园系列讲座年月日学校学术及人文活动安排第八周年月日学校学术及人文活动安排第七周年月日学校学术及人文活动安排第六周年月日学校学术及人文活动安排第五周年月日全国大学生公益广告作品征集活动大连站巡讲通知年月日学校学术及人文活动安排第四周年月日学校学术及人文活动安排第三周年月日学校学术及人文活动安排第二周年月日学校学术及人文活动安排第十七周年月日学校学术及人文活动安排第十六周年月日学校学术及人文活动安排第十五周年月日上一页下一页每日推荐两学一做向原著学向传统学向老党员学建设工程学部召开本科生培养方案论证会人文学部举行届毕业生学位授予仪式暨毕业典礼建党周年把心交给学生的良师严守政治纪律和政治规矩围绕学部发展履职尽责建党周年以党建品牌为引领建设学习型服务组图在现场图说庆祝中国共产党成立周年大毕业季属于机械学子的独家机忆真心传递母校情真爱融注毕业季新版学位证书背后的故事推荐视频钱令希诞辰百年纪录片发布预告年月日大工新闻学校隆重举行庆祝中国共产党成立周年大会为梦连理大连理工大学招生宣传片焦点图片毕业季校园里那抹亮色美女毕业生遇见特色学位服毕业季大学四年最遗憾的那些事毕业季最大工难忘凌工路号那件事大工建筑篇一你不得不知道的那些楼排行榜点击大工欢迎你你的大工你定义毕业晚会散场离歌时却难说再见大连理工大学届毕业典礼暨学位授予仪式隆坚持党的领导加强党的建设为全面推进特色在现场图说庆祝中国共产党成立周年大会学校领导与毕业生共进午餐情浓意切送祝福毕业文化衫连理同心专属研究生的温暖记我校与中科院联合培养的首届华罗庚班学子顺利届毕业晚会华美落幕做有价值的人创造无愧于时代的人生电话版权所有大连理工大学新闻中心
